Saria 2007 1 1 1 11.52 27.65 14.148 -999 0 3.68 -999 384.02
Saria 2007 1 2 2 14.23 24.14 10.26 -999 0 3.88 -999 384.02
Saria 2007 1 3 3 13.05 27 10.368 -999 0 3.91 -999 384.02
Saria 2007 1 4 4 12.84 27.42 14.472 -999 0 4.01 -999 384.02
Saria 2007 1 5 5 12.23 28.34 19.116 -999 0 3.68 -999 384.02
Saria 2007 1 6 6 13.12 30.46 19.008 -999 0 3.66 -999 384.02
Saria 2007 1 7 7 14.79 31.98 16.164 -999 0 3.83 -999 384.02
Saria 2007 1 8 8 15.1 32.99 18.252 -999 0 3.77 -999 384.02
Saria 2007 1 9 9 14.83 33.12 18.9 -999 0 3.98 -999 384.02
Saria 2007 1 10 10 14.82 33.45 20.664 -999 0 4.33 -999 384.02
Saria 2007 1 11 11 15.33 32.95 20.736 -999 0 4.64 -999 384.02
Saria 2007 1 12 12 14.32 31.24 18.792 -999 0 4.54 -999 384.02
Saria 2007 1 13 13 13.51 29.98 18.756 -999 0 4.38 -999 384.02
Saria 2007 1 14 14 12.94 28.47 18.36 -999 0 4.11 -999 384.02
Saria 2007 1 15 15 11.49 29.94 19.836 -999 0 3.9 -999 384.02
Saria 2007 1 16 16 13.77 30.7 20.592 -999 0 3.77 -999 384.02
Saria 2007 1 17 17 14.19 30.86 17.28 -999 0 3.97 -999 384.02
Saria 2007 1 18 18 13.71 30.67 17.496 -999 0 4.1 -999 384.02
Saria 2007 1 19 19 13.45 31.48 16.956 -999 0 4.3 -999 384.02
Saria 2007 1 20 20 13.06 31.14 18.756 -999 0 3.88 -999 384.02
Saria 2007 1 21 21 12.74 31.9 21.924 -999 0 3.41 -999 384.02
Saria 2007 1 22 22 12.86 33.45 21.456 -999 0 3.11 -999 384.02
Saria 2007 1 23 23 14.56 34.26 20.196 -999 0 3.52 -999 384.02
Saria 2007 1 24 24 15.52 36.25 20.916 -999 0 3.51 -999 384.02
Saria 2007 1 25 25 15.8 36.96 23.436 -999 0 3.28 -999 384.02
Saria 2007 1 26 26 17.01 38.08 21.708 -999 0 3.05 -999 384.02
Saria 2007 1 27 27 20.01 38.29 23.076 -999 0 3.98 -999 384.02
Saria 2007 1 28 28 20.48 36.4 22.32 -999 0 3.82 -999 384.02
Saria 2007 1 29 29 16.28 36.89 22.248 -999 0 2.91 -999 384.02
Saria 2007 1 30 30 19.52 37.33 21.852 -999 0 3.84 -999 384.02
Saria 2007 1 31 31 16.48 35.92 18.252 -999 0 3.6 -999 384.02
Saria 2007 2 1 32 17.74 37.23 19.548 -999 0 3.43 -999 384.02
Saria 2007 2 2 33 17.35 37.94 21.024 -999 0 4.02 -999 384.02
Saria 2007 2 3 34 18.89 38.68 22.608 -999 0 3.9 -999 384.02
Saria 2007 2 4 35 17.74 38.26 23.04 -999 0 3.35 -999 384.02
Saria 2007 2 5 36 17.39 38.55 22.86 -999 0 2.38 -999 384.02
Saria 2007 2 6 37 18.44 39.3 23.112 -999 0 1.87 -999 384.02
Saria 2007 2 7 38 17.72 39.69 21.96 -999 0 2.42 -999 384.02
Saria 2007 2 8 39 19.21 37.03 22.428 -999 0 3.96 -999 384.02
Saria 2007 2 9 40 19.32 38.13 23.904 -999 0 3.58 -999 384.02
Saria 2007 2 10 41 17.78 38 24.3 -999 0 3.73 -999 384.02
Saria 2007 2 11 42 17.5 37.23 23.436 -999 0 3.91 -999 384.02
Saria 2007 2 12 43 17.64 36.08 23.544 -999 0 4.31 -999 384.02
Saria 2007 2 13 44 17.57 34.95 22.392 -999 0 4.54 -999 384.02
Saria 2007 2 14 45 15.73 33.65 24.408 -999 0 4.6 -999 384.02
Saria 2007 2 15 46 15.26 34.57 23.508 -999 0 3.88 -999 384.02
Saria 2007 2 16 47 15.11 35.42 22.392 -999 0 3.43 -999 384.02
Saria 2007 2 17 48 15.9 36.7 21.996 -999 0 2.84 -999 384.02
Saria 2007 2 18 49 17.1 37.37 22.824 -999 0 2.64 -999 384.02
Saria 2007 2 19 50 18.59 39.03 21.528 -999 0 2.49 -999 384.02
Saria 2007 2 20 51 18.58 38.74 21.744 -999 0 2.64 -999 384.02
Saria 2007 2 21 52 19.24 38.32 23.004 -999 0 3.34 -999 384.02
Saria 2007 2 22 53 18.12 35.66 22.608 -999 0 4.1 -999 384.02
Saria 2007 2 23 54 16.17 34.12 24.66 -999 0 4.04 -999 384.02
Saria 2007 2 24 55 14.26 34.81 24.552 -999 0 3.38 -999 384.02
Saria 2007 2 25 56 15.41 35.89 23.76 -999 0 3.31 -999 384.02
Saria 2007 2 26 57 16.27 36.88 22.824 -999 0 3.26 -999 384.02
Saria 2007 2 27 58 18.05 36.27 25.02 -999 0 4.55 -999 384.02
Saria 2007 2 28 59 15.67 36.62 25.524 -999 0 3.95 -999 384.02
Saria 2007 3 1 60 17.93 35.89 24.048 -999 0 4.61 -999 384.02
Saria 2007 3 2 61 18.73 36.61 23.148 -999 0 4.38 -999 384.02
Saria 2007 3 3 62 19.2 36.62 18.072 -999 0 4.35 -999 384.02
Saria 2007 3 4 63 18.61 37.87 22.032 -999 0 4.39 -999 384.02
Saria 2007 3 5 64 18.2 38.49 24.696 -999 0 4.34 -999 384.02
Saria 2007 3 6 65 19.19 38.75 23.616 -999 0 4.49 -999 384.02
Saria 2007 3 7 66 19.08 38.25 25.92 -999 0 4.34 -999 384.02
Saria 2007 3 8 67 20.59 38.45 22.896 -999 0 3.66 -999 384.02
Saria 2007 3 9 68 19.47 38.06 26.172 -999 0 3.63 -999 384.02
Saria 2007 3 10 69 18.76 36.24 19.908 -999 0 4.25 -999 384.02
Saria 2007 3 11 70 16.85 36.39 22.716 -999 0 3.09 -999 384.02
Saria 2007 3 12 71 17.69 36.87 24.588 -999 0 3.48 -999 384.02
Saria 2007 3 13 72 19.21 37.25 23.076 -999 0 3.27 -999 384.02
Saria 2007 3 14 73 20.94 39.22 23.796 -999 0 3.13 -999 384.02
Saria 2007 3 15 74 21.08 40.4 19.764 -999 0 2.85 -999 384.02
Saria 2007 3 16 75 23.78 39.84 15.372 -999 0 3.23 -999 384.02
Saria 2007 3 17 76 24.52 39.87 19.62 -999 0 2.88 -999 384.02
Saria 2007 3 18 77 22.51 40.25 13.896 -999 0 2.72 -999 384.02
Saria 2007 3 19 78 24.06 40.68 16.992 -999 0 2.96 -999 384.02
Saria 2007 3 20 79 22.61 40.55 21.816 -999 0.03 2.47 -999 384.02
Saria 2007 3 21 80 24.21 40.85 22.896 -999 0.01 1.52 -999 384.02
Saria 2007 3 22 81 25.85 41.68 21.816 -999 0.02 2.46 -999 384.02
Saria 2007 3 23 82 24.71 41.03 20.34 -999 0 2.62 -999 384.02
Saria 2007 3 24 83 23.88 41.55 23.652 -999 0 4.45 -999 384.02
Saria 2007 3 25 84 23.76 40.71 22.032 -999 0 3.7 -999 384.02
Saria 2007 3 26 85 24.41 41.78 20.592 -999 0.02 3.97 -999 384.02
Saria 2007 3 27 86 24.17 41.18 21.168 -999 0.09 2.41 -999 384.02
Saria 2007 3 28 87 25.78 42.05 20.232 -999 0.01 2.23 -999 384.02
Saria 2007 3 29 88 25.19 40.63 11.736 -999 0.11 1.83 -999 384.02
Saria 2007 3 30 89 24.91 41.33 23.436 -999 0 3.12 -999 384.02
Saria 2007 3 31 90 24.58 42.46 20.88 -999 0.01 3.05 -999 384.02
Saria 2007 4 1 91 26.54 39.05 19.08 -999 0.05 3.07 -999 384.02
Saria 2007 4 2 92 25.89 40.02 15.84 -999 0 2.18 -999 384.02
Saria 2007 4 3 93 25.16 43.05 14.436 -999 0 2.62 -999 384.02
Saria 2007 4 4 94 26.07 43.51 14.508 -999 0.01 1.7 -999 384.02
Saria 2007 4 5 95 26.54 39.67 14.328 -999 4.43 4.02 -999 384.02
Saria 2007 4 6 96 26.44 39.95 16.2 -999 0 3.09 -999 384.02
Saria 2007 4 7 97 26.94 39.25 22.392 -999 0.05 1.65 -999 384.02
Saria 2007 4 8 98 24.65 38.05 21.708 -999 0.08 1.4 -999 384.02
Saria 2007 4 9 99 22.54 42.01 24.336 -999 0 2.16 -999 384.02
Saria 2007 4 10 100 24.23 43.13 26.064 -999 0 1.62 -999 384.02
Saria 2007 4 11 101 24.14 42.86 24.192 -999 0.01 2.05 -999 384.02
Saria 2007 4 12 102 26.03 42.16 22.32 -999 0.12 3.24 -999 384.02
Saria 2007 4 13 103 28.63 38.53 18.468 -999 0.75 3.13 -999 384.02
Saria 2007 4 14 104 28 39.8 21.636 -999 0.24 2.52 -999 384.02
Saria 2007 4 15 105 28.44 40.5 22.14 -999 1.36 2.83 -999 384.02
Saria 2007 4 16 106 27.6 37.84 20.52 -999 6.42 3.09 -999 384.02
Saria 2007 4 17 107 25.31 37.85 23.04 -999 3.83 2.89 -999 384.02
Saria 2007 4 18 108 25.67 37.87 12.852 -999 2.42 3.23 -999 384.02
Saria 2007 4 19 109 25.04 39.7 24.084 -999 0.05 1.9 -999 384.02
Saria 2007 4 20 110 26.5 40.72 21.06 -999 1.18 2.5 -999 384.02
Saria 2007 4 21 111 27.91 40.18 24.408 -999 0 2.81 -999 384.02
Saria 2007 4 22 112 27.85 37.12 15.732 -999 4.97 2.68 -999 384.02
Saria 2007 4 23 113 25.87 38.74 19.728 -999 0.05 2.77 -999 384.02
Saria 2007 4 24 114 25.82 40.16 22.032 -999 5.79 2.57 -999 384.02
Saria 2007 4 25 115 24.8 39.88 25.884 -999 0.26 1.99 -999 384.02
Saria 2007 4 26 116 25.55 39.55 25.308 -999 1.61 3.29 -999 384.02
Saria 2007 4 27 117 26.94 35.26 19.908 -999 5.1 3.57 -999 384.02
Saria 2007 4 28 118 25.08 39.6 17.424 -999 0.76 1.75 -999 384.02
Saria 2007 4 29 119 25.91 37.96 18.864 -999 6.26 3.1 -999 384.02
Saria 2007 4 30 120 25.14 37.18 18.216 -999 2.72 2.73 -999 384.02
Saria 2007 5 1 121 25.89 34.74 17.028 -999 0.97 1.69 -999 384.02
Saria 2007 5 2 122 25.99 38.73 18.18 -999 0.49 2.77 -999 384.02
Saria 2007 5 3 123 25.62 40.65 24.192 -999 0.1 2.14 -999 384.02
Saria 2007 5 4 124 24.87 41.93 24.984 -999 0.2 2.4 -999 384.02
Saria 2007 5 5 125 25.94 41.43 25.164 -999 0.67 2.54 -999 384.02
Saria 2007 5 6 126 27.08 34.75 22.572 -999 7.25 2.97 -999 384.02
Saria 2007 5 7 127 25.48 34.6 19.728 -999 4.37 2.07 -999 384.02
Saria 2007 5 8 128 25.26 37.79 24.444 -999 0.01 2.21 -999 384.02
Saria 2007 5 9 129 24.89 39.48 19.044 -999 0 2.33 -999 384.02
Saria 2007 5 10 130 25.5 40.5 20.448 -999 0 2.02 -999 384.02
Saria 2007 5 11 131 25.62 39.25 15.768 -999 1.95 2.6 -999 384.02
Saria 2007 5 12 132 26 37.04 16.092 -999 3.54 3.95 -999 384.02
Saria 2007 5 13 133 25.71 34.98 20.448 -999 8.8 3.8 -999 384.02
Saria 2007 5 14 134 25.34 31.85 14.904 -999 1.67 3.4 -999 384.02
Saria 2007 5 15 135 24.58 35.93 21.096 -999 1.17 2.69 -999 384.02
Saria 2007 5 16 136 24.91 37.65 15.696 -999 0.91 2.88 -999 384.02
Saria 2007 5 17 137 25.79 37.62 21.456 -999 0.12 2.51 -999 384.02
Saria 2007 5 18 138 25.57 40.21 23.652 -999 0.32 2.27 -999 384.02
Saria 2007 5 19 139 26.84 38.86 24.984 -999 0.87 3.2 -999 384.02
Saria 2007 5 20 140 26.68 40.77 25.812 -999 0.48 2.56 -999 384.02
Saria 2007 5 21 141 24.34 41.59 25.128 -999 0.33 2.36 -999 384.02
Saria 2007 5 22 142 25.84 40.69 23.976 -999 0.3 3.55 -999 384.02
Saria 2007 5 23 143 27.29 39.63 21.276 -999 0.42 3.59 -999 384.02
Saria 2007 5 24 144 27.04 40.76 23.976 -999 1.11 3.58 -999 384.02
Saria 2007 5 25 145 27.35 39.48 24.264 -999 0.8 3.27 -999 384.02
Saria 2007 5 26 146 26.44 40.76 14.436 -999 1.3 3.1 -999 384.02
Saria 2007 5 27 147 27.03 40.83 24.48 -999 0.82 2.58 -999 384.02
Saria 2007 5 28 148 27.36 36.84 16.956 -999 4.89 4.41 -999 384.02
Saria 2007 5 29 149 25.12 40.15 24.876 -999 0.43 3.63 -999 384.02
Saria 2007 5 30 150 26.44 36.71 13.788 -999 3.38 2.89 -999 384.02
Saria 2007 5 31 151 24.73 38.49 25.128 -999 0.06 2.98 -999 384.02
Saria 2007 6 1 152 25.92 39.25 24.336 -999 0.29 3.08 -999 384.02
Saria 2007 6 2 153 27.34 40.98 19.584 -999 0.32 3.91 -999 384.02
Saria 2007 6 3 154 25.91 37.67 24.696 -999 0.02 4.59 -999 384.02
Saria 2007 6 4 155 25.59 38.73 25.092 -999 0.14 4.59 -999 384.02
Saria 2007 6 5 156 26.34 36.25 23.724 -999 3.9 3.51 -999 384.02
Saria 2007 6 6 157 24.79 32.33 11.772 -999 5.24 2.58 -999 384.02
Saria 2007 6 7 158 23.72 36.8 21.312 -999 0.84 3.25 -999 384.02
Saria 2007 6 8 159 24 37.22 23.436 -999 2.24 2.95 -999 384.02
Saria 2007 6 9 160 24.88 37.32 23.544 -999 0.9 2.38 -999 384.02
Saria 2007 6 10 161 25.23 38.08 23.508 -999 1.43 4.03 -999 384.02
Saria 2007 6 11 162 26.49 37.8 21.888 -999 0.42 4.11 -999 384.02
Saria 2007 6 12 163 24.69 36.74 25.02 -999 1.37 3.56 -999 384.02
Saria 2007 6 13 164 24.9 37.58 24.372 -999 0.82 2.8 -999 384.02
Saria 2007 6 14 165 25.83 35.75 24.192 -999 0.56 2.23 -999 384.02
Saria 2007 6 15 166 25.23 38.9 23.904 -999 3.62 3.19 -999 384.02
Saria 2007 6 16 167 26.06 37.27 24.876 -999 10 3.38 -999 384.02
Saria 2007 6 17 168 25.44 33.17 19.512 -999 3.85 2.97 -999 384.02
Saria 2007 6 18 169 24.55 33.58 24.948 -999 1.02 2.45 -999 384.02
Saria 2007 6 19 170 24.15 38.19 15.84 -999 0.76 2.02 -999 384.02
Saria 2007 6 20 171 25.54 38.05 21.78 -999 1.73 3.95 -999 384.02
Saria 2007 6 21 172 26.2 34.51 23.364 -999 0.78 4.1 -999 384.02
Saria 2007 6 22 173 24.83 36.02 18.756 -999 0.53 2.77 -999 384.02
Saria 2007 6 23 174 24.85 36.45 22.392 -999 0.85 2.82 -999 384.02
Saria 2007 6 24 175 25.47 37.97 23.4 -999 1.25 2.49 -999 384.02
Saria 2007 6 25 176 25.11 37.68 24.552 -999 0.74 3.51 -999 384.02
Saria 2007 6 26 177 25.08 38.55 23.148 -999 1.64 2.84 -999 384.02
Saria 2007 6 27 178 26.15 34.84 15.156 -999 4.27 3.51 -999 384.02
Saria 2007 6 28 179 25.35 34.25 22.032 -999 2.32 3.51 -999 384.02
Saria 2007 6 29 180 24.55 35.3 17.352 -999 3.81 3.24 -999 384.02
Saria 2007 6 30 181 24.63 31.37 19.908 -999 7.44 2.53 -999 384.02
Saria 2007 7 1 182 23.92 31.3 13.284 -999 6.8 2.63 -999 384.02
Saria 2007 7 2 183 22.73 31.13 16.812 -999 5.71 2.34 -999 384.02
Saria 2007 7 3 184 22.63 34.3 20.592 -999 4.83 2.16 -999 384.02
Saria 2007 7 4 185 23.64 34.48 14.58 -999 3.36 2.3 -999 384.02
Saria 2007 7 5 186 23.91 35.94 24.372 -999 1.9 3.32 -999 384.02
Saria 2007 7 6 187 24.1 33.28 22.896 -999 4.54 3.27 -999 384.02
Saria 2007 7 7 188 23.77 35.52 22.212 -999 2.8 3.18 -999 384.02
Saria 2007 7 8 189 24.44 33.35 22.608 -999 1.51 2.41 -999 384.02
Saria 2007 7 9 190 23.55 34.37 21.636 -999 4.56 2.3 -999 384.02
Saria 2007 7 10 191 24.45 33.51 24.12 -999 5.66 2.64 -999 384.02
Saria 2007 7 11 192 24.17 31.76 20.808 -999 5.8 1.43 -999 384.02
Saria 2007 7 12 193 23.42 36.21 23.436 -999 4.47 1.86 -999 384.02
Saria 2007 7 13 194 24.19 34.32 23.94 -999 8.22 3.87 -999 384.02
Saria 2007 7 14 195 24.68 31.22 11.772 -999 7.48 2.91 -999 384.02
Saria 2007 7 15 196 23.67 29.39 19.944 -999 2.72 2.56 -999 384.02
Saria 2007 7 16 197 22.71 32.87 19.368 -999 2.9 1.39 -999 384.02
Saria 2007 7 17 198 23.05 35.67 24.192 -999 2.27 2.14 -999 384.02
Saria 2007 7 18 199 23.45 35.88 20.304 -999 1.3 2.84 -999 384.02
Saria 2007 7 19 200 23.08 34.65 21.816 -999 1.87 2.82 -999 384.02
Saria 2007 7 20 201 23.37 33.85 24.3 -999 3.94 2.84 -999 384.02
Saria 2007 7 21 202 23.26 33.14 23.94 -999 9.22 2.59 -999 384.02
Saria 2007 7 22 203 22.43 30.89 18.252 -999 6.67 2.19 -999 384.02
Saria 2007 7 23 204 22.5 29.73 19.044 -999 4.9 1.98 -999 384.02
Saria 2007 7 24 205 22.73 31.54 22.788 -999 5.15 2.52 -999 384.02
Saria 2007 7 25 206 23.15 32.59 21.024 -999 6.28 2.45 -999 384.02
Saria 2007 7 26 207 22.17 26.19 18.18 -999 8.22 1.81 -999 384.02
Saria 2007 7 27 208 20.9 31.51 21.132 -999 4.86 2.31 -999 384.02
Saria 2007 7 28 209 21.65 31.28 15.84 -999 5.49 3.33 -999 384.02
Saria 2007 7 29 210 22.02 30.46 23.94 -999 14.79 1.85 -999 384.02
Saria 2007 7 30 211 22.29 30.17 22.896 -999 10.61 2.29 -999 384.02
Saria 2007 7 31 212 22.31 30.48 19.404 -999 10.07 2.18 -999 384.02
Saria 2007 8 1 213 22.77 27.33 14.148 -999 12.02 2.27 -999 384.02
Saria 2007 8 2 214 20.59 32.39 18.432 -999 4.47 2.22 -999 384.02
Saria 2007 8 3 215 22.63 34.32 19.728 -999 3.42 1.49 -999 384.02
Saria 2007 8 4 216 22.02 33.73 22.392 -999 9.78 2.9 -999 384.02
Saria 2007 8 5 217 23.45 27.58 3.456 -999 34.12 3.79 -999 384.02
Saria 2007 8 6 218 22.95 30.05 13.86 -999 9.35 3.78 -999 384.02
Saria 2007 8 7 219 21.34 29.69 24.048 -999 6.66 1.81 -999 384.02
Saria 2007 8 8 220 22.39 30.17 22.14 -999 18.19 1.15 -999 384.02
Saria 2007 8 9 221 22.17 32.04 22.788 -999 12.85 1.65 -999 384.02
Saria 2007 8 10 222 22.64 29.09 19.98 -999 6.15 2.12 -999 384.02
Saria 2007 8 11 223 22.28 29.26 12.168 -999 8.32 1.41 -999 384.02
Saria 2007 8 12 224 22.23 31.64 19.368 -999 2.98 1.25 -999 384.02
Saria 2007 8 13 225 22.19 32.3 21.348 -999 7.63 1.63 -999 384.02
Saria 2007 8 14 226 22.41 27.63 17.496 -999 16.53 1.62 -999 384.02
Saria 2007 8 15 227 21.91 30.01 17.244 -999 3.56 2.65 -999 384.02
Saria 2007 8 16 228 21.46 31.7 25.704 -999 3.42 2.52 -999 384.02
Saria 2007 8 17 229 22.37 28.48 14.22 -999 10.82 2.08 -999 384.02
Saria 2007 8 18 230 20.9 33.01 24.552 -999 0.11 1.91 -999 384.02
Saria 2007 8 19 231 22.13 31.29 22.14 -999 2.88 1.47 -999 384.02
Saria 2007 8 20 232 22.26 32.93 21.708 -999 8.62 1.62 -999 384.02
Saria 2007 8 21 233 23.17 31.73 20.988 -999 13.55 1.65 -999 384.02
Saria 2007 8 22 234 22.51 31.31 22.788 -999 2.66 2.21 -999 384.02
Saria 2007 8 23 235 22.84 30.33 20.592 -999 9 1.88 -999 384.02
Saria 2007 8 24 236 22.21 29.45 15.12 -999 13.61 1.84 -999 384.02
Saria 2007 8 25 237 20.87 30.08 16.308 -999 14.45 2.37 -999 384.02
Saria 2007 8 26 238 21.93 29.62 21.672 -999 15.16 2.24 -999 384.02
Saria 2007 8 27 239 22.4 27.76 8.604 -999 19.78 2.13 -999 384.02
Saria 2007 8 28 240 22 29.74 21.888 -999 15.54 1.8 -999 384.02
Saria 2007 8 29 241 21.57 28.97 15.948 -999 5.86 1.92 -999 384.02
Saria 2007 8 30 242 21.74 28.48 21.06 -999 4.67 1.08 -999 384.02
Saria 2007 8 31 243 20.84 32.54 21.24 -999 8.32 1.09 -999 384.02
Saria 2007 9 1 244 22.33 29.17 10.62 -999 3.34 2.14 -999 384.02
Saria 2007 9 2 245 21.44 29.08 22.248 -999 5.17 2.31 -999 384.02
Saria 2007 9 3 246 21.13 30.76 21.06 -999 10.33 1.64 -999 384.02
Saria 2007 9 4 247 22.29 29.43 15.336 -999 14.22 1.41 -999 384.02
Saria 2007 9 5 248 21.55 30.25 18.072 -999 12.93 1.64 -999 384.02
Saria 2007 9 6 249 21.83 26.94 17.928 -999 12.07 1.37 -999 384.02
Saria 2007 9 7 250 20.64 30.8 18.756 -999 13.76 1.91 -999 384.02
Saria 2007 9 8 251 22.01 32.42 23.76 -999 6.03 1.38 -999 384.02
Saria 2007 9 9 252 22.37 32.55 12.78 -999 4.17 1.51 -999 384.02
Saria 2007 9 10 253 21.86 30.07 19.332 -999 10.09 1.66 -999 384.02
Saria 2007 9 11 254 21.04 32.47 24.12 -999 1.81 1.49 -999 384.02
Saria 2007 9 12 255 20.83 33.83 25.524 -999 1.54 1.58 -999 384.02
Saria 2007 9 13 256 21.88 33.73 21.276 -999 6.76 1.74 -999 384.02
Saria 2007 9 14 257 21.87 31.93 17.568 -999 3.97 1.84 -999 384.02
Saria 2007 9 15 258 22.57 33.83 23.796 -999 1.42 1.08 -999 384.02
Saria 2007 9 16 259 21.64 34.28 25.056 -999 2.12 1.52 -999 384.02
Saria 2007 9 17 260 21.97 33.03 24.516 -999 1.11 2.06 -999 384.02
Saria 2007 9 18 261 21.9 34.05 23.832 -999 4.3 1.51 -999 384.02
Saria 2007 9 19 262 22.7 33.89 20.592 -999 1.79 1.34 -999 384.02
Saria 2007 9 20 263 22.04 33.79 22.788 -999 3.53 1.29 -999 384.02
Saria 2007 9 21 264 22.2 34.65 23.94 -999 1.02 1.45 -999 384.02
Saria 2007 9 22 265 22.56 32.98 23.688 -999 1.92 1.88 -999 384.02
Saria 2007 9 23 266 22.23 32.65 21.096 -999 3.78 1.88 -999 384.02
Saria 2007 9 24 267 21.08 32.99 23.472 -999 3.17 1.79 -999 384.02
Saria 2007 9 25 268 21.52 33.94 20.7 -999 2.13 1.51 -999 384.02
Saria 2007 9 26 269 22.5 31.42 22.284 -999 0.95 1.67 -999 384.02
Saria 2007 9 27 270 21.68 33.13 13.248 -999 2.82 2.07 -999 384.02
Saria 2007 9 28 271 21.38 34.38 23.976 -999 0.01 1.52 -999 384.02
Saria 2007 9 29 272 21.99 32.16 23.544 -999 0.05 1.62 -999 384.02
Saria 2007 9 30 273 21.15 34.52 25.092 -999 0.01 1.49 -999 384.02
Saria 2007 10 1 274 21.12 36.13 24.876 -999 0.02 1.56 -999 384.02
Saria 2007 10 2 275 20.08 35.46 22.356 -999 0.04 1.65 -999 384.02
Saria 2007 10 3 276 21.92 34.78 21.456 -999 0.04 1.64 -999 384.02
Saria 2007 10 4 277 21.6 35.75 22.788 -999 0.04 1.76 -999 384.02
Saria 2007 10 5 278 21.36 36.08 24.588 -999 0.02 1.83 -999 384.02
Saria 2007 10 6 279 20.74 36.41 24.624 -999 0.09 1.88 -999 384.02
Saria 2007 10 7 280 21.78 35.99 24.336 -999 0.01 1.91 -999 384.02
Saria 2007 10 8 281 21.32 34.74 23.004 -999 0.23 1.88 -999 384.02
Saria 2007 10 9 282 22.62 33.69 23.148 -999 0.23 1.8 -999 384.02
Saria 2007 10 10 283 22.38 31.49 21.06 -999 0.65 1.45 -999 384.02
Saria 2007 10 11 284 22.2 34.02 21.096 -999 0.1 1.02 -999 384.02
Saria 2007 10 12 285 22.62 35.75 23.508 -999 0.1 1.37 -999 384.02
Saria 2007 10 13 286 22.75 37.56 22.716 -999 0 1.65 -999 384.02
Saria 2007 10 14 287 22 34.32 17.172 -999 0 1.52 -999 384.02
Saria 2007 10 15 288 21.94 34.74 21.528 -999 0 1.09 -999 384.02
Saria 2007 10 16 289 21.66 36.37 21.348 -999 0 1.6 -999 384.02
Saria 2007 10 17 290 22.23 36.37 20.88 -999 0 1.46 -999 384.02
Saria 2007 10 18 291 22.04 36.43 22.068 -999 0.29 1.63 -999 384.02
Saria 2007 10 19 292 23.4 34.71 19.512 -999 0.48 1.56 -999 384.02
Saria 2007 10 20 293 22.61 35.27 21.276 -999 0.2 2 -999 384.02
Saria 2007 10 21 294 22.19 33.49 15.624 -999 0.91 1.77 -999 384.02
Saria 2007 10 22 295 22.12 35.79 21.276 -999 0.72 1.78 -999 384.02
Saria 2007 10 23 296 21.61 36.58 21.132 -999 0.49 1.73 -999 384.02
Saria 2007 10 24 297 21.67 34.85 18.288 -999 1.3 1.7 -999 384.02
Saria 2007 10 25 298 21.64 36.05 21.888 -999 0.11 1.88 -999 384.02
Saria 2007 10 26 299 22.13 35.43 19.008 -999 0.09 1.55 -999 384.02
Saria 2007 10 27 300 22.48 32.27 16.776 -999 0.83 2.43 -999 384.02
Saria 2007 10 28 301 21.94 35.67 19.44 -999 0.05 1.82 -999 384.02
Saria 2007 10 29 302 22.27 36.27 20.772 -999 0.24 1.9 -999 384.02
Saria 2007 10 30 303 22.38 36.33 20.772 -999 0.07 2.09 -999 384.02
Saria 2007 10 31 304 22.62 36.26 21.096 -999 0.2 1.91 -999 384.02
Saria 2007 11 1 305 21.92 36.5 21.276 -999 0.12 1.82 -999 384.02
Saria 2007 11 2 306 21.43 37.08 21.96 -999 0 2.14 -999 384.02
Saria 2007 11 3 307 17.94 36.32 20.448 -999 0 1.81 -999 384.02
Saria 2007 11 4 308 18.52 35.75 22.104 -999 0.06 2.09 -999 384.02
Saria 2007 11 5 309 18.66 35.76 21.924 -999 0.01 2.37 -999 384.02
Saria 2007 11 6 310 14.7 35.05 22.14 -999 0 2.65 -999 384.02
Saria 2007 11 7 311 15.02 35.17 23.508 -999 0 1.8 -999 384.02
Saria 2007 11 8 312 15.69 35.69 22.356 -999 0 1.98 -999 384.02
Saria 2007 11 9 313 19.07 35.67 21.636 -999 0 2.05 -999 384.02
Saria 2007 11 10 314 19.93 34.48 18.288 -999 0.1 2.92 -999 384.02
Saria 2007 11 11 315 19.67 34.51 15.372 -999 0 3.01 -999 384.02
Saria 2007 11 12 316 20.26 35.48 19.26 -999 0 3.09 -999 384.02
Saria 2007 11 13 317 18.44 35.64 20.916 -999 0 2.73 -999 384.02
Saria 2007 11 14 318 18.75 34.95 21.204 -999 0 1.14 -999 384.02
Saria 2007 11 15 319 19.73 35.91 19.476 -999 0 1.68 -999 384.02
Saria 2007 11 16 320 21.73 33.84 19.692 -999 0.1 1.83 -999 384.02
Saria 2007 11 17 321 23.03 35.25 17.064 -999 0.03 1.88 -999 384.02
Saria 2007 11 18 322 21.32 35.49 19.476 -999 0 2.82 -999 384.02
Saria 2007 11 19 323 18.02 35.64 22.14 -999 0 3.45 -999 384.02
Saria 2007 11 20 324 16.6 36.06 21.636 -999 0 2.97 -999 384.02
Saria 2007 11 21 325 15.98 36.06 21.384 -999 0 2.58 -999 384.02
Saria 2007 11 22 326 16.59 35.96 18.36 -999 0 2.57 -999 384.02
Saria 2007 11 23 327 18.82 35.83 18.72 -999 0 2.06 -999 384.02
Saria 2007 11 24 328 17.7 34.01 19.404 -999 0 2.68 -999 384.02
Saria 2007 11 25 329 20.11 34.29 17.748 -999 0 1.72 -999 384.02
Saria 2007 11 26 330 20.34 33.41 17.496 -999 0 1.68 -999 384.02
Saria 2007 11 27 331 17.98 35.37 16.668 -999 0 2.04 -999 384.02
Saria 2007 11 28 332 17.27 34.57 18.576 -999 0 2.34 -999 384.02
Saria 2007 11 29 333 16.82 34.54 16.524 -999 0 2.75 -999 384.02
Saria 2007 11 30 334 16.88 35.14 20.304 -999 0 2.74 -999 384.02
Saria 2007 12 1 335 17.44 34.83 17.676 -999 0 2.11 -999 384.02
Saria 2007 12 2 336 18.13 32.87 20.7 -999 0 3.63 -999 384.02
Saria 2007 12 3 337 18.76 31.33 20.988 -999 0 3.73 -999 384.02
Saria 2007 12 4 338 18.34 27.95 15.912 -999 0 2.73 -999 384.02
Saria 2007 12 5 339 17.84 30.41 14.256 -999 0 3.01 -999 384.02
Saria 2007 12 6 340 15.2 32.12 20.988 -999 0 3.15 -999 384.02
Saria 2007 12 7 341 15.25 33.27 20.808 -999 0 2.97 -999 384.02
Saria 2007 12 8 342 16.27 34.12 19.656 -999 0 2.67 -999 384.02
Saria 2007 12 9 343 19.07 34.47 18.54 -999 0 2.95 -999 384.02
Saria 2007 12 10 344 18.16 34.31 19.44 -999 0 3.68 -999 384.02
Saria 2007 12 11 345 17.43 33.57 20.376 -999 0 4.1 -999 384.02
Saria 2007 12 12 346 15.09 33.1 21.528 -999 0 3.55 -999 384.02
Saria 2007 12 13 347 14.22 34.31 21.636 -999 0 3.06 -999 384.02
Saria 2007 12 14 348 15.16 34.23 20.808 -999 0 3.05 -999 384.02
Saria 2007 12 15 349 15.22 35.05 21.816 -999 0 2.67 -999 384.02
Saria 2007 12 16 350 16.07 34.89 20.772 -999 0 2.85 -999 384.02
Saria 2007 12 17 351 16.16 35.95 21.312 -999 0 3.45 -999 384.02
Saria 2007 12 18 352 16.16 35.67 21.312 -999 0 3.81 -999 384.02
Saria 2007 12 19 353 16.51 35.48 21.132 -999 0 3.73 -999 384.02
Saria 2007 12 20 354 15.7 34.1 22.032 -999 0 3.74 -999 384.02
Saria 2007 12 21 355 14.46 33.05 18.36 -999 0 3.75 -999 384.02
Saria 2007 12 22 356 15.71 32.31 14.148 -999 0 3.7 -999 384.02
Saria 2007 12 23 357 15.32 31.75 18.36 -999 0 3.38 -999 384.02
Saria 2007 12 24 358 12.91 32.08 18.18 -999 0 3.12 -999 384.02
Saria 2007 12 25 359 11.87 32.23 20.34 -999 0 3.1 -999 384.02
Saria 2007 12 26 360 12.49 32.31 19.08 -999 0 2.92 -999 384.02
Saria 2007 12 27 361 11.94 31.88 18.9 -999 0 3.1 -999 384.02
Saria 2007 12 28 362 12.17 33 21.096 -999 0 3.02 -999 384.02
Saria 2007 12 29 363 12.65 33.4 20.7 -999 0 3.15 -999 384.02
Saria 2007 12 30 364 12.82 32.33 20.376 -999 0 3.37 -999 384.02
Saria 2007 12 31 365 12.76 30.86 19.836 -999 0 3.63 -999 384.02
