Saria 2010 1 1 1 14.01 33.62 20.736 -999 0 3.48 -999 390.1
Saria 2010 1 2 2 13.83 33.58 21.132 -999 0 3.41 -999 390.1
Saria 2010 1 3 3 14.66 33.41 22.896 -999 0 3.95 -999 390.1
Saria 2010 1 4 4 12.93 33.27 23.22 -999 0 3.44 -999 390.1
Saria 2010 1 5 5 12.39 33.47 22.284 -999 0 2.48 -999 390.1
Saria 2010 1 6 6 12.4 34.19 22.212 -999 0 2.46 -999 390.1
Saria 2010 1 7 7 12.91 35.18 22.608 -999 0 2.48 -999 390.1
Saria 2010 1 8 8 13.38 34.59 21.672 -999 0 2.98 -999 390.1
Saria 2010 1 9 9 14.54 34.44 20.592 -999 0 3.33 -999 390.1
Saria 2010 1 10 10 13.49 34.34 18.864 -999 0 3.14 -999 390.1
Saria 2010 1 11 11 14.33 34.86 20.016 -999 0 3.45 -999 390.1
Saria 2010 1 12 12 13.68 35.19 22.284 -999 0 3.55 -999 390.1
Saria 2010 1 13 13 14.48 35.65 20.304 -999 0 3.75 -999 390.1
Saria 2010 1 14 14 14.28 35.65 22.392 -999 0 3.3 -999 390.1
Saria 2010 1 15 15 13.9 35.87 22.968 -999 0 2.98 -999 390.1
Saria 2010 1 16 16 15.21 35.48 23.724 -999 0 3.94 -999 390.1
Saria 2010 1 17 17 15.12 34.4 23.22 -999 0 4.03 -999 390.1
Saria 2010 1 18 18 14.11 33.04 20.016 -999 0 4.34 -999 390.1
Saria 2010 1 19 19 13.51 32.15 23.04 -999 0 4.2 -999 390.1
Saria 2010 1 20 20 12.41 32.81 21.816 -999 0 4 -999 390.1
Saria 2010 1 21 21 12.58 34.13 23.472 -999 0 3.7 -999 390.1
Saria 2010 1 22 22 14.83 34.22 23.184 -999 0 3.93 -999 390.1
Saria 2010 1 23 23 14.58 34.57 23.148 -999 0 3.27 -999 390.1
Saria 2010 1 24 24 15.63 34.55 22.68 -999 0 3.16 -999 390.1
Saria 2010 1 25 25 16.68 36.11 20.916 -999 0 2.55 -999 390.1
Saria 2010 1 26 26 19.54 34.55 17.352 -999 0 3.05 -999 390.1
Saria 2010 1 27 27 16.69 36.31 22.356 -999 0 2.7 -999 390.1
Saria 2010 1 28 28 17.12 37.49 16.236 -999 0 2.7 -999 390.1
Saria 2010 1 29 29 19.71 36.61 12.672 -999 0 3.9 -999 390.1
Saria 2010 1 30 30 17.37 36.64 23.184 -999 0 4.09 -999 390.1
Saria 2010 1 31 31 16.62 36.15 23.652 -999 0 4.25 -999 390.1
Saria 2010 2 1 32 15.72 35.31 23.796 -999 0 4.4 -999 390.1
Saria 2010 2 2 33 16.42 36.78 23.004 -999 0 4.41 -999 390.1
Saria 2010 2 3 34 19.48 37.76 23.76 -999 0 4.04 -999 390.1
Saria 2010 2 4 35 18.8 37.98 23.796 -999 0 4.03 -999 390.1
Saria 2010 2 5 36 19.76 36.33 16.992 -999 0 4.38 -999 390.1
Saria 2010 2 6 37 19.04 34.76 21.708 -999 0 4.52 -999 390.1
Saria 2010 2 7 38 17.37 34.78 22.248 -999 0 3.62 -999 390.1
Saria 2010 2 8 39 16.42 34.69 24.444 -999 0 3.27 -999 390.1
Saria 2010 2 9 40 15.76 36.3 24.3 -999 0 2.26 -999 390.1
Saria 2010 2 10 41 16.29 37.48 23.328 -999 0 2.04 -999 390.1
Saria 2010 2 11 42 18.9 37.27 23.4 -999 0 2.57 -999 390.1
Saria 2010 2 12 43 20.05 37.44 22.536 -999 0.02 1.56 -999 390.1
Saria 2010 2 13 44 25.01 34.66 11.952 -999 0.74 2.45 -999 390.1
Saria 2010 2 14 45 24.96 38.45 22.536 -999 0.01 0.67 -999 390.1
Saria 2010 2 15 46 22.37 39.25 21.6 -999 0 1.73 -999 390.1
Saria 2010 2 16 47 22.39 39.3 21.456 -999 0 2.2 -999 390.1
Saria 2010 2 17 48 23.48 39.72 24.264 -999 0 3.27 -999 390.1
Saria 2010 2 18 49 21.29 40.85 23.796 -999 0 3.1 -999 390.1
Saria 2010 2 19 50 23.59 40.9 22.572 -999 0 1.93 -999 390.1
Saria 2010 2 20 51 24.09 40.1 16.956 -999 0 2.45 -999 390.1
Saria 2010 2 21 52 21.42 41.8 24.66 -999 0 3.36 -999 390.1
Saria 2010 2 22 53 21.31 41.51 25.236 -999 0 3.55 -999 390.1
Saria 2010 2 23 54 21.69 41.25 24.66 -999 0 3.88 -999 390.1
Saria 2010 2 24 55 20.58 41.5 24.048 -999 0 3.66 -999 390.1
Saria 2010 2 25 56 22.01 41.8 25.56 -999 0 3.84 -999 390.1
Saria 2010 2 26 57 19.87 41.19 23.868 -999 0 2.63 -999 390.1
Saria 2010 2 27 58 25.19 41.19 19.188 -999 0 3.09 -999 390.1
Saria 2010 2 28 59 22.16 40.9 20.052 -999 0 3.26 -999 390.1
Saria 2010 3 1 60 21.65 40.01 19.404 -999 0 3.39 -999 390.1
Saria 2010 3 2 61 21.74 40.12 21.384 -999 0 3.16 -999 390.1
Saria 2010 3 3 62 21.37 40.73 21.24 -999 0 3.3 -999 390.1
Saria 2010 3 4 63 21.43 40.36 21.06 -999 0 3.38 -999 390.1
Saria 2010 3 5 64 20.6 38.65 20.34 -999 0 2.67 -999 390.1
Saria 2010 3 6 65 22.52 38.53 18.252 -999 0 2.5 -999 390.1
Saria 2010 3 7 66 24.74 40.85 18.288 -999 0.01 1.34 -999 390.1
Saria 2010 3 8 67 24.28 39.67 16.704 -999 0.01 1.26 -999 390.1
Saria 2010 3 9 68 23.63 39.26 18.54 -999 0 1.15 -999 390.1
Saria 2010 3 10 69 22.78 39.09 22.86 -999 0 2.23 -999 390.1
Saria 2010 3 11 70 23.08 39.44 22.104 -999 0 2.34 -999 390.1
Saria 2010 3 12 71 22.71 38.79 19.296 -999 0 2.57 -999 390.1
Saria 2010 3 13 72 23.55 37.76 20.628 -999 0 2.28 -999 390.1
Saria 2010 3 14 73 21.01 41.03 22.32 -999 0 1.66 -999 390.1
Saria 2010 3 15 74 22.46 40.8 24.336 -999 0 1.2 -999 390.1
Saria 2010 3 16 75 22.55 40.26 25.632 -999 0 1.77 -999 390.1
Saria 2010 3 17 76 20.21 39.73 22.356 -999 0 2.66 -999 390.1
Saria 2010 3 18 77 20.98 40.52 20.268 -999 0 2.36 -999 390.1
Saria 2010 3 19 78 23.51 41.54 18.144 -999 0.02 3.94 -999 390.1
Saria 2010 3 20 79 24.51 38.68 12.78 -999 0 3.66 -999 390.1
Saria 2010 3 21 80 22.55 38.31 17.244 -999 0 3.67 -999 390.1
Saria 2010 3 22 81 20.19 36.99 17.244 -999 0 3.54 -999 390.1
Saria 2010 3 23 82 20.12 37.84 17.316 -999 0 3.54 -999 390.1
Saria 2010 3 24 83 18.98 38.79 21.096 -999 0 3.55 -999 390.1
Saria 2010 3 25 84 18.01 38.64 23.364 -999 0 3.05 -999 390.1
Saria 2010 3 26 85 18.64 37.73 24.336 -999 0 3.14 -999 390.1
Saria 2010 3 27 86 18.75 40.07 25.776 -999 0 3.49 -999 390.1
Saria 2010 3 28 87 21.73 39.58 19.296 -999 0 4.04 -999 390.1
Saria 2010 3 29 88 21.2 39.77 17.352 -999 0 3.53 -999 390.1
Saria 2010 3 30 89 20.76 40.06 21.348 -999 0 3.81 -999 390.1
Saria 2010 3 31 90 21.2 40.07 21.06 -999 0 3.02 -999 390.1
Saria 2010 4 1 91 20.61 40.61 19.26 -999 0 3.02 -999 390.1
Saria 2010 4 2 92 22.47 41.6 18.792 -999 0.01 3.23 -999 390.1
Saria 2010 4 3 93 21.53 41.55 22.824 -999 0 3.05 -999 390.1
Saria 2010 4 4 94 23.22 40.98 21.852 -999 0.02 2.6 -999 390.1
Saria 2010 4 5 95 26.38 41.76 15.228 -999 0.02 1.8 -999 390.1
Saria 2010 4 6 96 26.37 42.69 22.5 -999 0 2.02 -999 390.1
Saria 2010 4 7 97 25.98 42.94 24.264 -999 0 2.15 -999 390.1
Saria 2010 4 8 98 26.4 42.09 19.548 -999 0 2.36 -999 390.1
Saria 2010 4 9 99 28.03 41.63 17.676 -999 0 2.79 -999 390.1
Saria 2010 4 10 100 28.19 40.61 15.804 -999 0 2.52 -999 390.1
Saria 2010 4 11 101 25.1 41.55 19.98 -999 0 1.13 -999 390.1
Saria 2010 4 12 102 24.26 42.4 23.004 -999 0.03 1.87 -999 390.1
Saria 2010 4 13 103 27.94 41.8 21.96 -999 1.96 4.21 -999 390.1
Saria 2010 4 14 104 27.29 38.9 15.444 -999 1.58 3.4 -999 390.1
Saria 2010 4 15 105 26.79 41.98 24.084 -999 0.02 2.33 -999 390.1
Saria 2010 4 16 106 29.55 38.4 18.108 -999 2.31 2.81 -999 390.1
Saria 2010 4 17 107 27.09 39.71 22.896 -999 3.48 2.87 -999 390.1
Saria 2010 4 18 108 27.76 41.37 21.168 -999 1.49 2.2 -999 390.1
Saria 2010 4 19 109 27.81 43.23 20.952 -999 0.64 1.96 -999 390.1
Saria 2010 4 20 110 27.83 42.4 19.548 -999 1.11 3.21 -999 390.1
Saria 2010 4 21 111 28.51 41.89 18.9 -999 0.05 4.26 -999 390.1
Saria 2010 4 22 112 29.15 39.15 14.22 -999 1.75 3.69 -999 390.1
Saria 2010 4 23 113 27.51 34.41 12.312 -999 0.82 3.08 -999 390.1
Saria 2010 4 24 114 25.94 40.21 19.62 -999 0.29 2.1 -999 390.1
Saria 2010 4 25 115 27.51 38.19 19.656 -999 0.15 3.7 -999 390.1
Saria 2010 4 26 116 26.3 36.12 16.02 -999 3.64 2.91 -999 390.1
Saria 2010 4 27 117 24.22 35.87 16.668 -999 3.18 3.53 -999 390.1
Saria 2010 4 28 118 24.29 38.9 24.624 -999 0.01 2.56 -999 390.1
Saria 2010 4 29 119 25.99 39.89 24.372 -999 2.68 2.58 -999 390.1
Saria 2010 4 30 120 26.4 37.09 18.972 -999 3 3.69 -999 390.1
Saria 2010 5 1 121 26.77 38.32 23.832 -999 0.77 2.97 -999 390.1
Saria 2010 5 2 122 27.85 40.12 19.44 -999 1.49 3.3 -999 390.1
Saria 2010 5 3 123 26.04 39.02 18.36 -999 0.72 4.09 -999 390.1
Saria 2010 5 4 124 26.73 38.24 22.5 -999 0.64 3.55 -999 390.1
Saria 2010 5 5 125 26.27 39.19 23.256 -999 1.5 3.8 -999 390.1
Saria 2010 5 6 126 26.95 38.91 18.36 -999 0.66 3.56 -999 390.1
Saria 2010 5 7 127 26.92 31.63 15.3 -999 6.09 2.47 -999 390.1
Saria 2010 5 8 128 25.52 38.09 20.304 -999 0.18 1.98 -999 390.1
Saria 2010 5 9 129 25.12 40.95 23.58 -999 0.04 2.52 -999 390.1
Saria 2010 5 10 130 27.26 39.61 23.904 -999 3.68 3.59 -999 390.1
Saria 2010 5 11 131 27.26 39.5 24.372 -999 1.76 3.52 -999 390.1
Saria 2010 5 12 132 27.68 39.68 19.98 -999 0.02 3.59 -999 390.1
Saria 2010 5 13 133 27.09 40.67 23.976 -999 0.03 2.84 -999 390.1
Saria 2010 5 14 134 27.73 39.9 24.876 -999 0.97 3.36 -999 390.1
Saria 2010 5 15 135 28.15 34.74 18.864 -999 3.15 3.02 -999 390.1
Saria 2010 5 16 136 26.17 39.62 25.092 -999 2.06 2.88 -999 390.1
Saria 2010 5 17 137 26.69 40.7 22.716 -999 3.37 2.84 -999 390.1
Saria 2010 5 18 138 27.53 35.62 22.86 -999 2.59 3.95 -999 390.1
Saria 2010 5 19 139 26.22 37.72 24.228 -999 4.18 3.36 -999 390.1
Saria 2010 5 20 140 26.34 37.69 14.58 -999 1.91 2.92 -999 390.1
Saria 2010 5 21 141 25.4 38.32 18.684 -999 1.11 2.65 -999 390.1
Saria 2010 5 22 142 25.91 38.83 19.8 -999 0.3 2.75 -999 390.1
Saria 2010 5 23 143 26.51 40.64 22.32 -999 1.5 2.51 -999 390.1
Saria 2010 5 24 144 26.91 39.73 12.744 -999 1.34 3.13 -999 390.1
Saria 2010 5 25 145 27.15 39.64 20.52 -999 1.6 3.54 -999 390.1
Saria 2010 5 26 146 27.76 40.12 20.772 -999 1.93 4.43 -999 390.1
Saria 2010 5 27 147 27.27 36.98 18.036 -999 3.7 4.26 -999 390.1
Saria 2010 5 28 148 27.19 34.91 17.676 -999 1.4 3.07 -999 390.1
Saria 2010 5 29 149 26.55 33.89 19.692 -999 2.36 2.38 -999 390.1
Saria 2010 5 30 150 25.77 38.6 22.86 -999 0.31 2.45 -999 390.1
Saria 2010 5 31 151 25.72 37.63 21.852 -999 8.85 3.6 -999 390.1
Saria 2010 6 1 152 24.84 29.66 14.976 -999 7.28 4.22 -999 390.1
Saria 2010 6 2 153 23.4 33.76 13.68 -999 7.37 2.8 -999 390.1
Saria 2010 6 3 154 24.08 34.68 23.652 -999 9.59 3.41 -999 390.1
Saria 2010 6 4 155 25.1 31.83 15.156 -999 16.45 2.14 -999 390.1
Saria 2010 6 5 156 23.83 30.54 24.084 -999 7.72 2.03 -999 390.1
Saria 2010 6 6 157 23.67 32.33 21.276 -999 10.42 1.56 -999 390.1
Saria 2010 6 7 158 24.21 34.27 22.5 -999 7.44 3.52 -999 390.1
Saria 2010 6 8 159 23.7 32.06 22.356 -999 10.92 3.67 -999 390.1
Saria 2010 6 9 160 24.41 31.51 24.228 -999 11.97 3.13 -999 390.1
Saria 2010 6 10 161 23.87 30.48 16.884 -999 0.64 2.25 -999 390.1
Saria 2010 6 11 162 22.74 34.66 23.904 -999 0.22 2.09 -999 390.1
Saria 2010 6 12 163 23.36 39.12 23.328 -999 0.77 2.59 -999 390.1
Saria 2010 6 13 164 25.76 39.08 20.412 -999 0.26 2.67 -999 390.1
Saria 2010 6 14 165 25.59 32.5 15.696 -999 0.98 3.77 -999 390.1
Saria 2010 6 15 166 24.02 35.68 21.636 -999 1.63 2.75 -999 390.1
Saria 2010 6 16 167 24.08 37.58 24.876 -999 1.43 2.12 -999 390.1
Saria 2010 6 17 168 25.12 33.25 19.188 -999 4.07 3.41 -999 390.1
Saria 2010 6 18 169 23.65 34.55 23.148 -999 4.94 2.64 -999 390.1
Saria 2010 6 19 170 23.51 36.85 25.272 -999 2.1 2.76 -999 390.1
Saria 2010 6 20 171 24.28 35.13 20.124 -999 1.62 2.77 -999 390.1
Saria 2010 6 21 172 24.65 35.11 21.492 -999 1.8 2.73 -999 390.1
Saria 2010 6 22 173 24.5 36.01 11.736 -999 1.35 2.37 -999 390.1
Saria 2010 6 23 174 24.61 39.65 24.624 -999 1.34 2.29 -999 390.1
Saria 2010 6 24 175 25.52 35.34 20.448 -999 3.57 4.45 -999 390.1
Saria 2010 6 25 176 25 33.55 18.684 -999 1.24 3.88 -999 390.1
Saria 2010 6 26 177 24.49 31.15 15.48 -999 2.93 2.48 -999 390.1
Saria 2010 6 27 178 23.17 33.78 21.096 -999 1.04 3.04 -999 390.1
Saria 2010 6 28 179 23.37 35.51 23.472 -999 0.5 2.23 -999 390.1
Saria 2010 6 29 180 23.88 37.48 22.824 -999 1.92 2.17 -999 390.1
Saria 2010 6 30 181 25.29 36.57 15.66 -999 0.95 2.81 -999 390.1
Saria 2010 7 1 182 25.68 32.73 21.78 -999 6.62 2.77 -999 390.1
Saria 2010 7 2 183 24.23 34.32 20.304 -999 0.83 3.11 -999 390.1
Saria 2010 7 3 184 23.58 35.97 21.096 -999 0.02 2.03 -999 390.1
Saria 2010 7 4 185 22.47 37.47 23.904 -999 2.81 2.4 -999 390.1
Saria 2010 7 5 186 24.26 35.8 19.98 -999 7.41 3.2 -999 390.1
Saria 2010 7 6 187 25.11 31.19 18.792 -999 1.27 3.3 -999 390.1
Saria 2010 7 7 188 24.17 33.24 19.584 -999 2.4 2.68 -999 390.1
Saria 2010 7 8 189 23.38 31.73 14.364 -999 2.62 1.7 -999 390.1
Saria 2010 7 9 190 23.37 35.92 23.616 -999 1.94 2.45 -999 390.1
Saria 2010 7 10 191 23.75 35.85 12.852 -999 3.27 2.59 -999 390.1
Saria 2010 7 11 192 23.16 30.03 12.42 -999 5.63 2.61 -999 390.1
Saria 2010 7 12 193 22.9 30.8 19.152 -999 2.18 2.12 -999 390.1
Saria 2010 7 13 194 21.33 36.8 24.84 -999 2.25 1.43 -999 390.1
Saria 2010 7 14 195 23.68 35.03 22.788 -999 6.36 3.21 -999 390.1
Saria 2010 7 15 196 24.12 31.01 22.248 -999 6.15 4.03 -999 390.1
Saria 2010 7 16 197 23.68 30.61 9.576 -999 7.77 3.45 -999 390.1
Saria 2010 7 17 198 23.12 30.89 16.704 -999 5.95 3.65 -999 390.1
Saria 2010 7 18 199 22.76 31.02 20.16 -999 7.84 1.54 -999 390.1
Saria 2010 7 19 200 22.98 32.96 23.652 -999 5.39 2.72 -999 390.1
Saria 2010 7 20 201 23.64 29.03 17.316 -999 3.46 3.27 -999 390.1
Saria 2010 7 21 202 23.37 29.82 16.272 -999 5.85 3.57 -999 390.1
Saria 2010 7 22 203 22.65 27.71 8.568 -999 7.51 3.18 -999 390.1
Saria 2010 7 23 204 21.69 27.89 15.192 -999 13.37 3.1 -999 390.1
Saria 2010 7 24 205 21.52 27.93 16.596 -999 7.31 2.88 -999 390.1
Saria 2010 7 25 206 21.45 30.83 21.6 -999 8.4 2.96 -999 390.1
Saria 2010 7 26 207 22 29.73 19.62 -999 25.57 2.88 -999 390.1
Saria 2010 7 27 208 22 31.85 16.02 -999 8.57 2.35 -999 390.1
Saria 2010 7 28 209 22.79 27.12 19.62 -999 19.19 2.13 -999 390.1
Saria 2010 7 29 210 21.62 31.09 23.184 -999 6.91 1.9 -999 390.1
Saria 2010 7 30 211 22.39 28.06 14.94 -999 4.56 2.2 -999 390.1
Saria 2010 7 31 212 22.3 30.9 24.84 -999 2.91 2.24 -999 390.1
Saria 2010 8 1 213 21.8 32.2 21.348 -999 6.3 1.52 -999 390.1
Saria 2010 8 2 214 22.94 29.21 20.628 -999 2.8 1.42 -999 390.1
Saria 2010 8 3 215 22.37 33.87 22.716 -999 5.06 1.54 -999 390.1
Saria 2010 8 4 216 23.46 29.36 17.172 -999 5.94 2.18 -999 390.1
Saria 2010 8 5 217 22.68 29.9 23.292 -999 2.61 2.26 -999 390.1
Saria 2010 8 6 218 23.14 28.89 20.484 -999 7.79 1.8 -999 390.1
Saria 2010 8 7 219 22.59 33.3 21.996 -999 6.48 1.62 -999 390.1
Saria 2010 8 8 220 22.79 29.05 15.408 -999 8.33 1.32 -999 390.1
Saria 2010 8 9 221 22.4 27.26 17.784 -999 6.01 2.41 -999 390.1
Saria 2010 8 10 222 21.57 30.09 22.572 -999 3.24 2.35 -999 390.1
Saria 2010 8 11 223 23.1 28.57 15.696 -999 27.69 1.73 -999 390.1
Saria 2010 8 12 224 22.31 28.21 19.476 -999 12.17 3.34 -999 390.1
Saria 2010 8 13 225 21.99 29.71 20.304 -999 6.73 1.96 -999 390.1
Saria 2010 8 14 226 21.8 30.45 20.484 -999 19.12 1.52 -999 390.1
Saria 2010 8 15 227 22.21 31.62 19.944 -999 9.21 1.6 -999 390.1
Saria 2010 8 16 228 22.52 31.27 25.884 -999 7.28 1.09 -999 390.1
Saria 2010 8 17 229 21.73 29.5 7.776 -999 15.8 1.83 -999 390.1
Saria 2010 8 18 230 21.69 30.84 19.044 -999 5.94 2.49 -999 390.1
Saria 2010 8 19 231 21.3 31.26 25.056 -999 4.43 2.14 -999 390.1
Saria 2010 8 20 232 22.54 29.86 21.276 -999 8.74 1.82 -999 390.1
Saria 2010 8 21 233 22.55 26.56 7.776 -999 10.83 2.05 -999 390.1
Saria 2010 8 22 234 21.73 28.62 18.864 -999 6.16 1.84 -999 390.1
Saria 2010 8 23 235 22.13 30.31 23.472 -999 14.14 1.62 -999 390.1
Saria 2010 8 24 236 22.52 28.07 20.916 -999 11.59 2.02 -999 390.1
Saria 2010 8 25 237 21.92 31.27 13.248 -999 12.01 1.44 -999 390.1
Saria 2010 8 26 238 22.25 31.44 13.284 -999 9.69 1.66 -999 390.1
Saria 2010 8 27 239 22.61 29.57 23.94 -999 7.45 2.05 -999 390.1
Saria 2010 8 28 240 22.9 29.44 24.408 -999 19.69 1.88 -999 390.1
Saria 2010 8 29 241 22.19 30.08 16.02 -999 5.54 1.46 -999 390.1
Saria 2010 8 30 242 21.8 31.05 24.264 -999 12.73 1.63 -999 390.1
Saria 2010 8 31 243 23.08 26.71 15.084 -999 10.77 1.88 -999 390.1
Saria 2010 9 1 244 22.4 29.69 19.764 -999 6.95 2.53 -999 390.1
Saria 2010 9 2 245 22.31 29.17 18 -999 11.02 2 -999 390.1
Saria 2010 9 3 246 23.34 31.77 17.208 -999 21.55 0.84 -999 390.1
Saria 2010 9 4 247 23.09 29.98 19.908 -999 9.28 1.62 -999 390.1
Saria 2010 9 5 248 22.33 31.66 17.676 -999 13.19 1.39 -999 390.1
Saria 2010 9 6 249 22.65 29.99 17.1 -999 5.17 1.78 -999 390.1
Saria 2010 9 7 250 21.77 30.01 23.112 -999 0.63 2.33 -999 390.1
Saria 2010 9 8 251 21.69 30.87 18.684 -999 14.62 1.47 -999 390.1
Saria 2010 9 9 252 23.01 27.42 19.008 -999 3.85 1.34 -999 390.1
Saria 2010 9 10 253 21.51 30.78 20.628 -999 4.19 1.98 -999 390.1
Saria 2010 9 11 254 22.4 30.01 20.232 -999 5.46 1.38 -999 390.1
Saria 2010 9 12 255 22.21 30.94 21.744 -999 8.95 1.69 -999 390.1
Saria 2010 9 13 256 22.46 28.48 21.564 -999 5.35 1.43 -999 390.1
Saria 2010 9 14 257 22.44 29.9 17.892 -999 3.57 1.24 -999 390.1
Saria 2010 9 15 258 21.61 30.23 22.5 -999 7.34 1.88 -999 390.1
Saria 2010 9 16 259 21.03 31.64 19.8 -999 12.98 1.41 -999 390.1
Saria 2010 9 17 260 22.47 29.52 16.488 -999 11 1.41 -999 390.1
Saria 2010 9 18 261 23.02 30.33 15.912 -999 8.59 1.54 -999 390.1
Saria 2010 9 19 262 23.19 29.72 21.708 -999 3.42 1.55 -999 390.1
Saria 2010 9 20 263 22.45 30.58 17.316 -999 4 1.77 -999 390.1
Saria 2010 9 21 264 22.01 30.28 24.876 -999 2.92 1.52 -999 390.1
Saria 2010 9 22 265 21.67 32.81 24.156 -999 2.6 1.48 -999 390.1
Saria 2010 9 23 266 22.53 31.39 20.196 -999 7.85 1.22 -999 390.1
Saria 2010 9 24 267 22.41 30.73 22.752 -999 3.95 1.46 -999 390.1
Saria 2010 9 25 268 22.57 31.61 24.012 -999 2.36 1.82 -999 390.1
Saria 2010 9 26 269 21.63 32.66 24.912 -999 3.84 1.63 -999 390.1
Saria 2010 9 27 270 21.8 33.67 25.524 -999 4.44 1.4 -999 390.1
Saria 2010 9 28 271 23.01 27.97 16.668 -999 7.94 1.57 -999 390.1
Saria 2010 9 29 272 22.17 29.87 18.216 -999 4.31 1.33 -999 390.1
Saria 2010 9 30 273 21.73 33.51 24.408 -999 0.71 1.3 -999 390.1
Saria 2010 10 1 274 22.55 31.14 24.516 -999 3.17 2.35 -999 390.1
Saria 2010 10 2 275 22.48 31.52 19.764 -999 1.91 1.27 -999 390.1
Saria 2010 10 3 276 22.23 33.7 21.168 -999 3.07 1.17 -999 390.1
Saria 2010 10 4 277 22.3 33.87 21.456 -999 7.44 1.77 -999 390.1
Saria 2010 10 5 278 22.32 30.51 14.508 -999 9.57 1.94 -999 390.1
Saria 2010 10 6 279 21.7 32.35 21.924 -999 6.06 1.77 -999 390.1
Saria 2010 10 7 280 22.12 29.8 17.172 -999 14.69 1.16 -999 390.1
Saria 2010 10 8 281 22.81 29.37 18.36 -999 1.88 2.14 -999 390.1
Saria 2010 10 9 282 21.01 33.19 23.76 -999 1.12 1.66 -999 390.1
Saria 2010 10 10 283 22.22 33.12 23.976 -999 0.54 1.86 -999 390.1
Saria 2010 10 11 284 22.58 30.95 18.288 -999 1.39 2.15 -999 390.1
Saria 2010 10 12 285 23.07 30.9 20.016 -999 5.3 1.47 -999 390.1
Saria 2010 10 13 286 22.44 29.63 18.252 -999 4.43 2.05 -999 390.1
Saria 2010 10 14 287 22.17 30.84 20.124 -999 1.27 1.4 -999 390.1
Saria 2010 10 15 288 23.22 33.69 22.716 -999 0.43 0.72 -999 390.1
Saria 2010 10 16 289 20.9 34.1 22.536 -999 0.76 1.82 -999 390.1
Saria 2010 10 17 290 21.15 33.9 18.036 -999 0.67 1.63 -999 390.1
Saria 2010 10 18 291 22.9 33.85 21.852 -999 5.13 2.17 -999 390.1
Saria 2010 10 19 292 22.8 32.37 21.492 -999 3.7 2.02 -999 390.1
Saria 2010 10 20 293 22.76 30.37 15.336 -999 6 2.47 -999 390.1
Saria 2010 10 21 294 22.49 28.79 18.72 -999 2.3 2 -999 390.1
Saria 2010 10 22 295 21.43 32.56 21.348 -999 4.97 1.77 -999 390.1
Saria 2010 10 23 296 21.37 33.96 22.14 -999 0.95 1.82 -999 390.1
Saria 2010 10 24 297 22.25 32.46 22.68 -999 0.87 2.24 -999 390.1
Saria 2010 10 25 298 22.23 29.89 20.088 -999 1.82 1.48 -999 390.1
Saria 2010 10 26 299 21.23 31.44 20.592 -999 1.61 2.02 -999 390.1
Saria 2010 10 27 300 21.6 31.14 21.24 -999 1.26 1.8 -999 390.1
Saria 2010 10 28 301 22.18 31.3 20.448 -999 0.14 1.69 -999 390.1
Saria 2010 10 29 302 21.78 33.95 22.392 -999 0.11 1.47 -999 390.1
Saria 2010 10 30 303 22.8 33.21 21.6 -999 0.03 1.8 -999 390.1
Saria 2010 10 31 304 22.3 33.9 19.836 -999 0.05 1.97 -999 390.1
Saria 2010 11 1 305 22.34 33.33 18 -999 0.11 1.66 -999 390.1
Saria 2010 11 2 306 21.97 32.69 19.116 -999 0 1.5 -999 390.1
Saria 2010 11 3 307 21.89 33.95 18.828 -999 0.01 1.36 -999 390.1
Saria 2010 11 4 308 21.02 34.5 19.764 -999 0 1.4 -999 390.1
Saria 2010 11 5 309 21.51 33.42 20.592 -999 0.01 1.74 -999 390.1
Saria 2010 11 6 310 20.99 33.34 20.412 -999 0 1.77 -999 390.1
Saria 2010 11 7 311 19.87 33.01 9.936 -999 0.07 1.68 -999 390.1
Saria 2010 11 8 312 22.15 31.01 16.056 -999 0.01 1.7 -999 390.1
Saria 2010 11 9 313 21.12 33.37 20.88 -999 0 1.76 -999 390.1
Saria 2010 11 10 314 20.1 35.05 21.168 -999 0 1.21 -999 390.1
Saria 2010 11 11 315 19.48 34.81 21.6 -999 0 2.23 -999 390.1
Saria 2010 11 12 316 16.44 33.69 21.456 -999 0 2.88 -999 390.1
Saria 2010 11 13 317 15.64 34.81 22.068 -999 0 1.75 -999 390.1
Saria 2010 11 14 318 18.44 33.3 19.764 -999 0.01 2.12 -999 390.1
Saria 2010 11 15 319 20.8 32.61 17.928 -999 0.01 1.77 -999 390.1
Saria 2010 11 16 320 20.8 34.78 21.24 -999 0.01 1.81 -999 390.1
Saria 2010 11 17 321 18.4 34.47 21.276 -999 0 1.26 -999 390.1
Saria 2010 11 18 322 18.69 33.85 21.42 -999 0 1.2 -999 390.1
Saria 2010 11 19 323 20.56 31.01 20.664 -999 0 0.99 -999 390.1
Saria 2010 11 20 324 20.39 29.48 18.468 -999 0 1.55 -999 390.1
Saria 2010 11 21 325 17.25 33.76 21.096 -999 0 2.5 -999 390.1
Saria 2010 11 22 326 18.23 32.74 21.42 -999 0 2.17 -999 390.1
Saria 2010 11 23 327 18.51 32.51 17.892 -999 0 2.41 -999 390.1
Saria 2010 11 24 328 14.37 32.79 20.592 -999 0 2.59 -999 390.1
Saria 2010 11 25 329 14.02 32.88 21.996 -999 0 2.89 -999 390.1
Saria 2010 11 26 330 12.67 32.91 22.5 -999 0 2.8 -999 390.1
Saria 2010 11 27 331 13.33 33.35 21.744 -999 0 2.77 -999 390.1
Saria 2010 11 28 332 16.02 32.82 20.7 -999 0 2.88 -999 390.1
Saria 2010 11 29 333 14.22 33.48 21.888 -999 0 3.02 -999 390.1
Saria 2010 11 30 334 12.94 33.21 21.42 -999 0 2.89 -999 390.1
Saria 2010 12 1 335 11.73 32.58 22.86 -999 0 2.7 -999 390.1
Saria 2010 12 2 336 11.13 32.41 21.636 -999 0 2.38 -999 390.1
Saria 2010 12 3 337 14.47 32.69 21.204 -999 0 1.55 -999 390.1
Saria 2010 12 4 338 15.53 33.48 20.556 -999 0 1.53 -999 390.1
Saria 2010 12 5 339 14.62 33.12 21.024 -999 0 2.78 -999 390.1
Saria 2010 12 6 340 13.58 32.28 20.232 -999 0 2.59 -999 390.1
Saria 2010 12 7 341 13.13 32.1 21.492 -999 0 2.45 -999 390.1
Saria 2010 12 8 342 13.39 31.16 19.764 -999 0 3.26 -999 390.1
Saria 2010 12 9 343 11.9 30.69 21.636 -999 0 3.15 -999 390.1
Saria 2010 12 10 344 10.48 30.26 22.428 -999 0 3.27 -999 390.1
Saria 2010 12 11 345 10.04 30.08 22.248 -999 0 2.52 -999 390.1
Saria 2010 12 12 346 9.72 30.3 21.996 -999 0 2.2 -999 390.1
Saria 2010 12 13 347 12.18 30.88 20.556 -999 0 2.12 -999 390.1
Saria 2010 12 14 348 12.28 31.44 21.06 -999 0 2.89 -999 390.1
Saria 2010 12 15 349 11.39 31.58 20.952 -999 0 2.86 -999 390.1
Saria 2010 12 16 350 11.63 32 20.844 -999 0 2.38 -999 390.1
Saria 2010 12 17 351 13.33 28.63 20.916 -999 0 2.68 -999 390.1
Saria 2010 12 18 352 13.15 32.9 21.06 -999 0 2.55 -999 390.1
Saria 2010 12 19 353 16.44 33.23 20.34 -999 0 2.56 -999 390.1
Saria 2010 12 20 354 15.64 33.52 18.792 -999 0 3.01 -999 390.1
Saria 2010 12 21 355 13.9 32.5 21.204 -999 0 3.12 -999 390.1
Saria 2010 12 22 356 12.8 32.8 21.276 -999 0 2.48 -999 390.1
Saria 2010 12 23 357 12.67 32.87 20.916 -999 0 2.6 -999 390.1
Saria 2010 12 24 358 13.02 32.89 21.024 -999 0 2.88 -999 390.1
Saria 2010 12 25 359 11.9 32.24 21.996 -999 0 2.72 -999 390.1
Saria 2010 12 26 360 15.04 33.07 21.852 -999 0 1.59 -999 390.1
Saria 2010 12 27 361 13.01 33.31 21.42 -999 0 2.78 -999 390.1
Saria 2010 12 28 362 14.67 27.43 18.864 -999 0 3.34 -999 390.1
Saria 2010 12 29 363 12.62 31.23 20.988 -999 0 3.68 -999 390.1
Saria 2010 12 30 364 13.3 30.26 20.376 -999 0 3.66 -999 390.1
Saria 2010 12 31 365 11.98 28.58 14.544 -999 0 3.6 -999 390.1
