Saria 2017 1 1 1 14.75 32.06 20.664 -999 0 3.46 -999 406.76
Saria 2017 1 2 2 14.12 31.05 20.916 -999 0 3.54 -999 406.76
Saria 2017 1 3 3 14.11 31.82 21.456 -999 0 3.38 -999 406.76
Saria 2017 1 4 4 13.15 31.95 21.564 -999 0 3.09 -999 406.76
Saria 2017 1 5 5 13.51 32.19 21.672 -999 0 2.96 -999 406.76
Saria 2017 1 6 6 13.79 32.64 20.556 -999 0 3.02 -999 406.76
Saria 2017 1 7 7 14.28 33.41 19.872 -999 0 3.17 -999 406.76
Saria 2017 1 8 8 15.49 34.3 21.348 -999 0 3.41 -999 406.76
Saria 2017 1 9 9 15.08 33.53 20.952 -999 0 3.55 -999 406.76
Saria 2017 1 10 10 14.63 32.5 21.06 -999 0 2.98 -999 406.76
Saria 2017 1 11 11 14.41 27.03 19.476 -999 0 2.85 -999 406.76
Saria 2017 1 12 12 11.23 31.26 22.716 -999 0 3.31 -999 406.76
Saria 2017 1 13 13 11.28 28.18 21.78 -999 0 3.8 -999 406.76
Saria 2017 1 14 14 11.7 30.18 21.888 -999 0 3.34 -999 406.76
Saria 2017 1 15 15 11.59 33.19 22.644 -999 0 2.78 -999 406.76
Saria 2017 1 16 16 13.41 33.7 20.952 -999 0 3.1 -999 406.76
Saria 2017 1 17 17 16.12 34.61 20.952 -999 0 3.18 -999 406.76
Saria 2017 1 18 18 15.73 35.87 22.572 -999 0 2.84 -999 406.76
Saria 2017 1 19 19 16.2 36.32 19.944 -999 0 2.3 -999 406.76
Saria 2017 1 20 20 16.76 36.87 20.52 -999 0 2.75 -999 406.76
Saria 2017 1 21 21 17.28 36.15 22.068 -999 0 2.89 -999 406.76
Saria 2017 1 22 22 17.53 34.41 22.356 -999 0 3.58 -999 406.76
Saria 2017 1 23 23 15.55 32.91 21.276 -999 0 3.85 -999 406.76
Saria 2017 1 24 24 16.46 32.48 21.78 -999 0 3.58 -999 406.76
Saria 2017 1 25 25 14.34 33.2 23.472 -999 0 3.3 -999 406.76
Saria 2017 1 26 26 14.45 34.9 23.544 -999 0 3.14 -999 406.76
Saria 2017 1 27 27 16.04 36.01 22.932 -999 0 3.69 -999 406.76
Saria 2017 1 28 28 16.69 35.31 22.896 -999 0 3.77 -999 406.76
Saria 2017 1 29 29 16.41 35.11 23.796 -999 0 3.83 -999 406.76
Saria 2017 1 30 30 15.33 35.58 23.832 -999 0 2.98 -999 406.76
Saria 2017 1 31 31 15.05 36.69 23.76 -999 0 2.32 -999 406.76
Saria 2017 2 1 32 16.83 36.89 21.852 -999 0 2.23 -999 406.76
Saria 2017 2 2 33 22.42 36.41 20.232 -999 0 2.52 -999 406.76
Saria 2017 2 3 34 19.28 35.27 20.952 -999 0 3.91 -999 406.76
Saria 2017 2 4 35 18.53 35.15 16.344 -999 0 3.54 -999 406.76
Saria 2017 2 5 36 18.95 35.15 19.476 -999 0 3.59 -999 406.76
Saria 2017 2 6 37 17.98 35.33 21.852 -999 0 4.27 -999 406.76
Saria 2017 2 7 38 17.4 35.44 22.896 -999 0 4.09 -999 406.76
Saria 2017 2 8 39 16.49 35.6 21.348 -999 0 3.8 -999 406.76
Saria 2017 2 9 40 17.44 36.3 22.5 -999 0 3.67 -999 406.76
Saria 2017 2 10 41 17.86 36.33 22.212 -999 0 3.38 -999 406.76
Saria 2017 2 11 42 18.19 36.93 21.456 -999 0 2.98 -999 406.76
Saria 2017 2 12 43 18.05 37.33 21.204 -999 0 3.17 -999 406.76
Saria 2017 2 13 44 18.9 36.83 23.292 -999 0 4.41 -999 406.76
Saria 2017 2 14 45 20.08 37.25 22.212 -999 0 4.27 -999 406.76
Saria 2017 2 15 46 19.29 36.58 20.7 -999 0 4.2 -999 406.76
Saria 2017 2 16 47 18.91 36.1 23.04 -999 0 4.89 -999 406.76
Saria 2017 2 17 48 17.51 34.75 22.788 -999 0 4.95 -999 406.76
Saria 2017 2 18 49 16.32 33.87 23.688 -999 0 4.38 -999 406.76
Saria 2017 2 19 50 15.26 33.67 22.14 -999 0 3.85 -999 406.76
Saria 2017 2 20 51 15.37 35.49 22.572 -999 0 3.23 -999 406.76
Saria 2017 2 21 52 15.7 36.83 22.644 -999 0 2.9 -999 406.76
Saria 2017 2 22 53 18.94 37.18 21.132 -999 0 2.81 -999 406.76
Saria 2017 2 23 54 20.78 38.69 19.152 -999 0 2.6 -999 406.76
Saria 2017 2 24 55 20.83 38.94 18.864 -999 0 3.03 -999 406.76
Saria 2017 2 25 56 20.98 38.83 18.036 -999 0 3.12 -999 406.76
Saria 2017 2 26 57 20.94 38.91 19.98 -999 0 3.09 -999 406.76
Saria 2017 2 27 58 20.78 38.33 22.788 -999 0 2.52 -999 406.76
Saria 2017 2 28 59 19.41 38.84 22.176 -999 0 3.32 -999 406.76
Saria 2017 3 1 60 18.9 39.82 22.788 -999 0 3.77 -999 406.76
Saria 2017 3 2 61 19.69 39.9 23.976 -999 0 3.79 -999 406.76
Saria 2017 3 3 62 21.12 40.18 25.668 -999 0 3.69 -999 406.76
Saria 2017 3 4 63 20.04 40.23 26.064 -999 0 3.55 -999 406.76
Saria 2017 3 5 64 19.19 39.88 26.784 -999 0 3.8 -999 406.76
Saria 2017 3 6 65 21.15 39.51 21.78 -999 0 4.24 -999 406.76
Saria 2017 3 7 66 19.44 37.62 21.168 -999 0 3.99 -999 406.76
Saria 2017 3 8 67 17.8 38.55 23.4 -999 0 3.34 -999 406.76
Saria 2017 3 9 68 19.83 40 25.308 -999 0 3.64 -999 406.76
Saria 2017 3 10 69 19.84 39.56 25.056 -999 0 3.54 -999 406.76
Saria 2017 3 11 70 18.69 39.71 24.948 -999 0 3.13 -999 406.76
Saria 2017 3 12 71 18.89 39.67 25.308 -999 0 3.12 -999 406.76
Saria 2017 3 13 72 18.38 39.69 23.832 -999 0 2.84 -999 406.76
Saria 2017 3 14 73 19.53 40.15 24.12 -999 0 3.16 -999 406.76
Saria 2017 3 15 74 20.57 40.38 24.48 -999 0 3.18 -999 406.76
Saria 2017 3 16 75 20.82 41.23 23.688 -999 0 3.08 -999 406.76
Saria 2017 3 17 76 19.97 41.9 26.856 -999 0 3.07 -999 406.76
Saria 2017 3 18 77 22.56 40.65 25.164 -999 0 2.32 -999 406.76
Saria 2017 3 19 78 24.56 42.08 22.284 -999 0 2.34 -999 406.76
Saria 2017 3 20 79 28.12 39.58 17.532 -999 0.96 2.66 -999 406.76
Saria 2017 3 21 80 25.72 39.2 18.144 -999 0 3.09 -999 406.76
Saria 2017 3 22 81 24.12 40.44 20.196 -999 0 3.06 -999 406.76
Saria 2017 3 23 82 24.33 40.19 21.204 -999 0 2.94 -999 406.76
Saria 2017 3 24 83 26.31 35.47 16.776 -999 0.03 1.93 -999 406.76
Saria 2017 3 25 84 23.94 41.02 23.724 -999 0 3.16 -999 406.76
Saria 2017 3 26 85 24.11 42.11 23.4 -999 0 3.11 -999 406.76
Saria 2017 3 27 86 23.05 42.01 24.372 -999 0 3.96 -999 406.76
Saria 2017 3 28 87 23.03 42.19 18.972 -999 0 3.5 -999 406.76
Saria 2017 3 29 88 21.86 42.47 23.004 -999 0 3.11 -999 406.76
Saria 2017 3 30 89 21.35 42.8 25.884 -999 0 3.32 -999 406.76
Saria 2017 3 31 90 22.88 41.23 26.532 -999 0 2.88 -999 406.76
Saria 2017 4 1 91 23.4 42.41 25.524 -999 0 1.87 -999 406.76
Saria 2017 4 2 92 26.55 40.8 25.56 -999 0.9 3.84 -999 406.76
Saria 2017 4 3 93 25.81 34.27 13.608 -999 18.53 2.51 -999 406.76
Saria 2017 4 4 94 23.41 39.22 18.18 -999 0.33 1.98 -999 406.76
Saria 2017 4 5 95 25.53 39.69 19.152 -999 0 2.41 -999 406.76
Saria 2017 4 6 96 27.06 40.62 14.256 -999 0.01 2.39 -999 406.76
Saria 2017 4 7 97 25.98 37.08 17.532 -999 0.16 3.13 -999 406.76
Saria 2017 4 8 98 25.81 39.49 22.068 -999 1 1.91 -999 406.76
Saria 2017 4 9 99 26.3 40.62 20.988 -999 0 1.82 -999 406.76
Saria 2017 4 10 100 26.2 41.47 21.924 -999 0 2.8 -999 406.76
Saria 2017 4 11 101 24.48 40.73 24.588 -999 0 2.92 -999 406.76
Saria 2017 4 12 102 20.3 40.4 26.352 -999 0 2.85 -999 406.76
Saria 2017 4 13 103 21.3 40.05 26.568 -999 0 3.5 -999 406.76
Saria 2017 4 14 104 21.15 40.65 26.208 -999 0 2.35 -999 406.76
Saria 2017 4 15 105 23.4 40.86 22.536 -999 0 2.84 -999 406.76
Saria 2017 4 16 106 27.51 40.26 24.408 -999 0.14 3.78 -999 406.76
Saria 2017 4 17 107 26.09 40.51 24.12 -999 0 3.06 -999 406.76
Saria 2017 4 18 108 22.34 41.44 24.948 -999 0 2.73 -999 406.76
Saria 2017 4 19 109 21.49 41.76 24.984 -999 0 2.2 -999 406.76
Saria 2017 4 20 110 22.93 42.22 24.48 -999 0 2.16 -999 406.76
Saria 2017 4 21 111 25 41.67 21.492 -999 0.26 2.88 -999 406.76
Saria 2017 4 22 112 26.73 38.94 23.112 -999 11.36 3.31 -999 406.76
Saria 2017 4 23 113 26.79 39.51 19.944 -999 0.01 2.95 -999 406.76
Saria 2017 4 24 114 26.54 40.69 24.156 -999 0.02 2.72 -999 406.76
Saria 2017 4 25 115 27.65 39.04 24.336 -999 1.24 2 -999 406.76
Saria 2017 4 26 116 26.13 38.58 23.904 -999 2.56 3.46 -999 406.76
Saria 2017 4 27 117 27.36 35.48 21.204 -999 1.55 3.08 -999 406.76
Saria 2017 4 28 118 26.89 37.26 20.484 -999 0.55 3.34 -999 406.76
Saria 2017 4 29 119 26.1 38.02 23.508 -999 0.02 3.72 -999 406.76
Saria 2017 4 30 120 27.25 40.62 16.992 -999 0.1 3.12 -999 406.76
Saria 2017 5 1 121 26.7 41.25 23.976 -999 0.15 2.65 -999 406.76
Saria 2017 5 2 122 27.8 39.2 24.84 -999 0.38 3.77 -999 406.76
Saria 2017 5 3 123 26.51 37.76 12.708 -999 4.34 2.34 -999 406.76
Saria 2017 5 4 124 26.25 38.56 23.148 -999 0.01 2.47 -999 406.76
Saria 2017 5 5 125 26.33 38.2 24.3 -999 0.93 3.55 -999 406.76
Saria 2017 5 6 126 25.55 40.66 25.164 -999 0.2 2.21 -999 406.76
Saria 2017 5 7 127 27.22 41.51 23.22 -999 0 3.69 -999 406.76
Saria 2017 5 8 128 27.45 42.51 24.408 -999 0 3.3 -999 406.76
Saria 2017 5 9 129 27.78 42.43 23.472 -999 0.23 2.64 -999 406.76
Saria 2017 5 10 130 28 41.77 24.372 -999 0.01 4.1 -999 406.76
Saria 2017 5 11 131 29.58 41.53 6.984 -999 0 3.59 -999 406.76
Saria 2017 5 12 132 28.23 38.73 24.624 -999 3.77 3.95 -999 406.76
Saria 2017 5 13 133 26.3 40.7 23.4 -999 1.66 2.06 -999 406.76
Saria 2017 5 14 134 28.2 40.85 21.816 -999 0.14 3.64 -999 406.76
Saria 2017 5 15 135 28.26 41.26 19.044 -999 0 4.9 -999 406.76
Saria 2017 5 16 136 27.2 38.87 24.192 -999 22.98 4.65 -999 406.76
Saria 2017 5 17 137 24.79 33.56 15.984 -999 132.33 2.93 -999 406.76
Saria 2017 5 18 138 24.73 33.78 24.408 -999 7.63 2.85 -999 406.76
Saria 2017 5 19 139 24.42 31.94 22.464 -999 18.53 2.13 -999 406.76
Saria 2017 5 20 140 24.05 34.32 21.888 -999 4.77 2.1 -999 406.76
Saria 2017 5 21 141 24.46 35.58 23.004 -999 4.06 2.47 -999 406.76
Saria 2017 5 22 142 24.24 37.8 21.348 -999 0.91 2.48 -999 406.76
Saria 2017 5 23 143 25.35 38.55 20.88 -999 0.02 3 -999 406.76
Saria 2017 5 24 144 25.15 32.26 14.94 -999 2.22 2.83 -999 406.76
Saria 2017 5 25 145 22.89 37.32 23.976 -999 0.22 2.37 -999 406.76
Saria 2017 5 26 146 24.27 34.58 18.792 -999 4.85 3.22 -999 406.76
Saria 2017 5 27 147 23.26 34.99 21.096 -999 0.45 2.87 -999 406.76
Saria 2017 5 28 148 24.08 38.48 25.992 -999 0.05 1.82 -999 406.76
Saria 2017 5 29 149 25.15 40.82 23.976 -999 0.13 2.38 -999 406.76
Saria 2017 5 30 150 27.34 39.68 22.14 -999 2.96 4.99 -999 406.76
Saria 2017 5 31 151 25.48 35.54 19.764 -999 2.38 3.67 -999 406.76
Saria 2017 6 1 152 25.37 36.5 24.12 -999 1.9 2.45 -999 406.76
Saria 2017 6 2 153 25.22 39.71 25.272 -999 0.01 2.03 -999 406.76
Saria 2017 6 3 154 26.3 39.87 13.104 -999 0.56 3.35 -999 406.76
Saria 2017 6 4 155 25.89 34.84 22.68 -999 2.4 3.52 -999 406.76
Saria 2017 6 5 156 25.15 38.29 23.868 -999 0.37 2.77 -999 406.76
Saria 2017 6 6 157 26.06 36.1 13.212 -999 3.82 2.74 -999 406.76
Saria 2017 6 7 158 25.25 35.78 22.356 -999 0.48 2.93 -999 406.76
Saria 2017 6 8 159 25.37 37.08 21.708 -999 0.59 1.77 -999 406.76
Saria 2017 6 9 160 25.48 40.35 24.732 -999 0 2.61 -999 406.76
Saria 2017 6 10 161 26.89 36.6 21.924 -999 7.31 2.91 -999 406.76
Saria 2017 6 11 162 25.48 32.94 16.596 -999 14.63 2.36 -999 406.76
Saria 2017 6 12 163 24.53 37.08 15.84 -999 0.12 3.02 -999 406.76
Saria 2017 6 13 164 24.64 35.05 21.168 -999 3.56 3.72 -999 406.76
Saria 2017 6 14 165 24.07 31.48 6.156 -999 29.34 2.58 -999 406.76
Saria 2017 6 15 166 23.82 34.23 22.176 -999 3.76 1.88 -999 406.76
Saria 2017 6 16 167 23.95 32.26 21.996 -999 4.53 1.6 -999 406.76
Saria 2017 6 17 168 24.25 31.29 10.692 -999 4.19 3.32 -999 406.76
Saria 2017 6 18 169 23.44 34.83 23.364 -999 0.27 2.22 -999 406.76
Saria 2017 6 19 170 23.92 35.02 22.032 -999 1.16 2.04 -999 406.76
Saria 2017 6 20 171 24.1 31.17 15.876 -999 19.55 1.82 -999 406.76
Saria 2017 6 21 172 22.98 30.96 18.072 -999 5.89 2.62 -999 406.76
Saria 2017 6 22 173 21.4 33.92 22.536 -999 0.1 1.71 -999 406.76
Saria 2017 6 23 174 23.15 39.44 21.924 -999 0.17 3.19 -999 406.76
Saria 2017 6 24 175 24.15 31.08 11.484 -999 7.96 2.84 -999 406.76
Saria 2017 6 25 176 22.7 32.36 19.368 -999 6.54 2 -999 406.76
Saria 2017 6 26 177 23.69 33.12 17.064 -999 2.7 1.12 -999 406.76
Saria 2017 6 27 178 23.32 35.69 24.3 -999 2.5 1.94 -999 406.76
Saria 2017 6 28 179 23.8 31.01 10.224 -999 6.67 2.38 -999 406.76
Saria 2017 6 29 180 23.07 32.64 23.256 -999 2.51 1.55 -999 406.76
Saria 2017 6 30 181 22.1 35.71 25.524 -999 1.27 2.23 -999 406.76
Saria 2017 7 1 182 22.3 35.85 21.456 -999 6.72 1.98 -999 406.76
Saria 2017 7 2 183 23.67 34.41 21.06 -999 3.11 2.46 -999 406.76
Saria 2017 7 3 184 22.94 35.8 24.516 -999 4.75 2.68 -999 406.76
Saria 2017 7 4 185 23.47 30.56 11.376 -999 18.17 1.78 -999 406.76
Saria 2017 7 5 186 22.69 31.46 22.788 -999 11.03 1.6 -999 406.76
Saria 2017 7 6 187 21.68 33.18 12.492 -999 6.16 1.76 -999 406.76
Saria 2017 7 7 188 23.28 32.98 20.7 -999 0.75 1.43 -999 406.76
Saria 2017 7 8 189 23.08 34.68 23.796 -999 0.71 2.23 -999 406.76
Saria 2017 7 9 190 24.23 32.71 18.468 -999 6.75 2.77 -999 406.76
Saria 2017 7 10 191 23.63 28.76 15.3 -999 2.38 2.84 -999 406.76
Saria 2017 7 11 192 22.33 29.34 14.148 -999 4.16 2.52 -999 406.76
Saria 2017 7 12 193 21.15 33.08 24.912 -999 1.46 2.07 -999 406.76
Saria 2017 7 13 194 22.33 34.05 22.104 -999 5.76 1.26 -999 406.76
Saria 2017 7 14 195 23.49 29.23 14.904 -999 9.53 1.64 -999 406.76
Saria 2017 7 15 196 22.79 32.91 23.472 -999 4.5 2.02 -999 406.76
Saria 2017 7 16 197 22.51 30.58 22.788 -999 5.42 1.91 -999 406.76
Saria 2017 7 17 198 22.11 34.36 24.156 -999 1.61 1.83 -999 406.76
Saria 2017 7 18 199 22.87 33.71 24.408 -999 1.5 1.62 -999 406.76
Saria 2017 7 19 200 22.82 31.93 21.132 -999 5.39 1.79 -999 406.76
Saria 2017 7 20 201 22.84 30.94 20.52 -999 14.8 1.9 -999 406.76
Saria 2017 7 21 202 23.13 31.5 25.704 -999 6.34 2.27 -999 406.76
Saria 2017 7 22 203 22.34 31.37 12.528 -999 3.28 1.95 -999 406.76
Saria 2017 7 23 204 23.65 30.72 24.084 -999 3.82 1.38 -999 406.76
Saria 2017 7 24 205 21.89 32.84 24.696 -999 3.38 1.9 -999 406.76
Saria 2017 7 25 206 22.64 33.92 24.804 -999 1.57 1.66 -999 406.76
Saria 2017 7 26 207 23.75 31.68 16.848 -999 3.02 1.25 -999 406.76
Saria 2017 7 27 208 22.79 33.36 23.58 -999 1.95 1.59 -999 406.76
Saria 2017 7 28 209 22.97 34.35 23.004 -999 18.55 1.43 -999 406.76
Saria 2017 7 29 210 23.37 32.16 20.448 -999 4.47 2.01 -999 406.76
Saria 2017 7 30 211 22.62 33.09 17.208 -999 2.72 1.62 -999 406.76
Saria 2017 7 31 212 23.44 32.72 23.4 -999 30.62 1.31 -999 406.76
Saria 2017 8 1 213 22.67 32.73 24.876 -999 2.06 1.16 -999 406.76
Saria 2017 8 2 214 22.94 31.51 15.264 -999 10.33 1.29 -999 406.76
Saria 2017 8 3 215 23.33 30.01 22.248 -999 5.62 1.71 -999 406.76
Saria 2017 8 4 216 22.57 32.23 19.368 -999 1.21 1.46 -999 406.76
Saria 2017 8 5 217 23.64 32.27 19.548 -999 7.17 1.09 -999 406.76
Saria 2017 8 6 218 22.24 31.51 20.952 -999 12.36 1.97 -999 406.76
Saria 2017 8 7 219 22.18 31.3 23.976 -999 3.04 2.14 -999 406.76
Saria 2017 8 8 220 23.08 28.04 16.56 -999 9.47 1.89 -999 406.76
Saria 2017 8 9 221 22.55 29.69 18.324 -999 13.64 1.15 -999 406.76
Saria 2017 8 10 222 21.6 32.55 21.6 -999 3.02 1.26 -999 406.76
Saria 2017 8 11 223 23.28 31.72 22.176 -999 5.04 1.66 -999 406.76
Saria 2017 8 12 224 22.89 30.58 23.4 -999 3.59 1.72 -999 406.76
Saria 2017 8 13 225 22.66 33.62 17.028 -999 2.64 1.38 -999 406.76
Saria 2017 8 14 226 22.46 31.81 18.504 -999 23.46 1.25 -999 406.76
Saria 2017 8 15 227 23.07 31.73 19.548 -999 6.05 1.99 -999 406.76
Saria 2017 8 16 228 22.59 31.94 23.688 -999 3.46 2.18 -999 406.76
Saria 2017 8 17 229 23.13 31.07 21.78 -999 4.08 2.98 -999 406.76
Saria 2017 8 18 230 23.44 29.57 16.272 -999 15.7 1.92 -999 406.76
Saria 2017 8 19 231 21.83 31.64 19.98 -999 2.67 1.56 -999 406.76
Saria 2017 8 20 232 22.18 31.44 24.228 -999 3.59 1.75 -999 406.76
Saria 2017 8 21 233 22.8 30.72 10.008 -999 17.27 1.7 -999 406.76
Saria 2017 8 22 234 23.16 28.83 20.52 -999 16.43 1.88 -999 406.76
Saria 2017 8 23 235 22.01 30.15 19.98 -999 33.46 2.12 -999 406.76
Saria 2017 8 24 236 22.15 29.42 21.744 -999 5.05 1.36 -999 406.76
Saria 2017 8 25 237 22.55 32.03 22.536 -999 3.3 1.11 -999 406.76
Saria 2017 8 26 238 22.28 27.99 5.148 -999 8.78 1.55 -999 406.76
Saria 2017 8 27 239 21.34 28.98 18.828 -999 4.36 1.52 -999 406.76
Saria 2017 8 28 240 21.34 32.41 23.4 -999 1.5 1.93 -999 406.76
Saria 2017 8 29 241 21.43 33.64 24.012 -999 3.5 1.99 -999 406.76
Saria 2017 8 30 242 23.55 31.08 23.58 -999 8.25 2.49 -999 406.76
Saria 2017 8 31 243 22.96 28.98 20.376 -999 27.21 1.73 -999 406.76
Saria 2017 9 1 244 21.86 31.61 22.428 -999 4.21 1.55 -999 406.76
Saria 2017 9 2 245 22.44 30.18 22.932 -999 2.12 1.95 -999 406.76
Saria 2017 9 3 246 21.83 33.16 20.628 -999 1.97 1.16 -999 406.76
Saria 2017 9 4 247 22.31 29.53 22.896 -999 6.27 1.9 -999 406.76
Saria 2017 9 5 248 20.22 33.57 25.236 -999 0.93 1.62 -999 406.76
Saria 2017 9 6 249 22.7 35.08 22.284 -999 1.14 0.84 -999 406.76
Saria 2017 9 7 250 24.62 34.07 22.356 -999 4.49 1.56 -999 406.76
Saria 2017 9 8 251 23.05 31.21 22.356 -999 3.02 2.18 -999 406.76
Saria 2017 9 9 252 21.84 30.97 23.976 -999 0.87 1.64 -999 406.76
Saria 2017 9 10 253 22.8 33.4 24.696 -999 0.62 1.08 -999 406.76
Saria 2017 9 11 254 23.26 33.05 17.712 -999 5.32 1.31 -999 406.76
Saria 2017 9 12 255 22.69 34.08 24.696 -999 4.32 1.38 -999 406.76
Saria 2017 9 13 256 21.83 34.55 24.588 -999 2.62 1.44 -999 406.76
Saria 2017 9 14 257 22.3 33.2 22.572 -999 12.71 1.16 -999 406.76
Saria 2017 9 15 258 23.22 32.95 24.408 -999 2.48 1.6 -999 406.76
Saria 2017 9 16 259 23.69 29.08 5.472 -999 15.93 1.06 -999 406.76
Saria 2017 9 17 260 22.64 26.68 15.768 -999 40.69 1.5 -999 406.76
Saria 2017 9 18 261 21.59 33.73 23.94 -999 0.09 0.92 -999 406.76
Saria 2017 9 19 262 22.6 33.91 23.22 -999 0.11 1.7 -999 406.76
Saria 2017 9 20 263 23.33 32.83 21.096 -999 1.34 1.55 -999 406.76
Saria 2017 9 21 264 24.06 30.37 22.464 -999 5.35 1.35 -999 406.76
Saria 2017 9 22 265 22.34 26.46 15.084 -999 10.06 1.12 -999 406.76
Saria 2017 9 23 266 20.85 30.98 19.44 -999 0.37 2.24 -999 406.76
Saria 2017 9 24 267 20.76 34.91 23.22 -999 0 1.34 -999 406.76
Saria 2017 9 25 268 21.86 34.51 24.264 -999 0.06 1.73 -999 406.76
Saria 2017 9 26 269 22.87 33.39 24.12 -999 0.11 1.52 -999 406.76
Saria 2017 9 27 270 22.57 33.65 21.96 -999 0.15 1.57 -999 406.76
Saria 2017 9 28 271 22.1 35.64 24.84 -999 0.21 1.55 -999 406.76
Saria 2017 9 29 272 22.9 34.48 20.232 -999 4.69 1.52 -999 406.76
Saria 2017 9 30 273 22.24 34.72 23.148 -999 0.37 1.45 -999 406.76
Saria 2017 10 1 274 22.42 34.63 24.084 -999 1.55 1.63 -999 406.76
Saria 2017 10 2 275 22.63 33.2 22.356 -999 3.71 1.37 -999 406.76
Saria 2017 10 3 276 23.03 33.01 11.556 -999 0.5 1.13 -999 406.76
Saria 2017 10 4 277 22.46 32.84 22.176 -999 0 1.45 -999 406.76
Saria 2017 10 5 278 22.94 32.61 21.42 -999 0.74 1.62 -999 406.76
Saria 2017 10 6 279 23.06 31.81 18.036 -999 1.22 1.91 -999 406.76
Saria 2017 10 7 280 22.05 35.62 22.752 -999 0.14 1 -999 406.76
Saria 2017 10 8 281 22.94 32.14 21.744 -999 0.37 1.27 -999 406.76
Saria 2017 10 9 282 23.17 32.84 23.112 -999 1.11 1.45 -999 406.76
Saria 2017 10 10 283 21.54 35.7 23.76 -999 0 1.47 -999 406.76
Saria 2017 10 11 284 22.22 36.13 23.832 -999 0.01 1.87 -999 406.76
Saria 2017 10 12 285 22.61 34.16 21.024 -999 0.01 1.66 -999 406.76
Saria 2017 10 13 286 22.8 35.42 21.06 -999 0.02 1.73 -999 406.76
Saria 2017 10 14 287 22.07 35.39 22.896 -999 0 2.14 -999 406.76
Saria 2017 10 15 288 20.46 34.99 22.464 -999 0 2.42 -999 406.76
Saria 2017 10 16 289 20.23 35.27 23.076 -999 0 2.27 -999 406.76
Saria 2017 10 17 290 17.62 35.22 23.4 -999 0 2.58 -999 406.76
Saria 2017 10 18 291 17.95 35.23 24.156 -999 0 2.46 -999 406.76
Saria 2017 10 19 292 18.73 34.85 23.112 -999 0 2.3 -999 406.76
Saria 2017 10 20 293 18.85 35.26 24.048 -999 0 2.27 -999 406.76
Saria 2017 10 21 294 19.9 35.74 23.4 -999 0 1.98 -999 406.76
Saria 2017 10 22 295 19.69 35.64 24.444 -999 0 1.62 -999 406.76
Saria 2017 10 23 296 18.1 36.28 23.904 -999 0 2.02 -999 406.76
Saria 2017 10 24 297 18.29 36.36 23.724 -999 0 2.28 -999 406.76
Saria 2017 10 25 298 18.58 36.53 23.004 -999 0 2.07 -999 406.76
Saria 2017 10 26 299 19.49 36.41 20.592 -999 0 2.6 -999 406.76
Saria 2017 10 27 300 17.22 33.68 19.044 -999 0 2.78 -999 406.76
Saria 2017 10 28 301 16.59 32.95 20.376 -999 0 2.73 -999 406.76
Saria 2017 10 29 302 16.87 33.87 21.24 -999 0 1.94 -999 406.76
Saria 2017 10 30 303 19.4 33.04 19.08 -999 0 2.19 -999 406.76
Saria 2017 10 31 304 17.81 35.23 17.928 -999 0 2.3 -999 406.76
Saria 2017 11 1 305 18 32.33 19.98 -999 0 2.3 -999 406.76
Saria 2017 11 2 306 16.01 35.54 20.844 -999 0 2.73 -999 406.76
Saria 2017 11 3 307 15.91 35.56 23.616 -999 0 2.55 -999 406.76
Saria 2017 11 4 308 15.64 35.05 21.744 -999 0 2.45 -999 406.76
Saria 2017 11 5 309 15.26 35.03 21.24 -999 0 2.4 -999 406.76
Saria 2017 11 6 310 15.72 34.63 19.548 -999 0 2.38 -999 406.76
Saria 2017 11 7 311 17.65 34.44 19.26 -999 0 2.41 -999 406.76
Saria 2017 11 8 312 14.27 34.46 21.492 -999 0 2.88 -999 406.76
Saria 2017 11 9 313 13.96 34.42 22.068 -999 0 2.77 -999 406.76
Saria 2017 11 10 314 14.76 34.83 21.6 -999 0 2.9 -999 406.76
Saria 2017 11 11 315 13.89 34.33 21.492 -999 0 2.86 -999 406.76
Saria 2017 11 12 316 13.4 33.86 22.356 -999 0 2.75 -999 406.76
Saria 2017 11 13 317 13.58 32.77 20.88 -999 0 2.44 -999 406.76
Saria 2017 11 14 318 13.67 34.06 22.104 -999 0 2.3 -999 406.76
Saria 2017 11 15 319 14.41 33.5 21.78 -999 0 2.7 -999 406.76
Saria 2017 11 16 320 15.45 34.81 21.456 -999 0 2.35 -999 406.76
Saria 2017 11 17 321 15.9 35.55 22.032 -999 0 2.18 -999 406.76
Saria 2017 11 18 322 15.48 34.04 21.888 -999 0 1.86 -999 406.76
Saria 2017 11 19 323 18.51 35.51 22.284 -999 0 1.48 -999 406.76
Saria 2017 11 20 324 19.74 30.62 11.124 -999 0.02 1.48 -999 406.76
Saria 2017 11 21 325 18.01 35.11 14.904 -999 0 2.23 -999 406.76
Saria 2017 11 22 326 19.55 34.15 15.624 -999 0 2.4 -999 406.76
Saria 2017 11 23 327 16.76 35.48 18 -999 0 2.61 -999 406.76
Saria 2017 11 24 328 17.85 33.12 16.56 -999 0 2.53 -999 406.76
Saria 2017 11 25 329 16.6 34.6 19.368 -999 0 2.67 -999 406.76
Saria 2017 11 26 330 15.37 34.71 21.204 -999 0 3.3 -999 406.76
Saria 2017 11 27 331 14.46 34.59 21.708 -999 0 2.92 -999 406.76
Saria 2017 11 28 332 14.45 33.9 20.988 -999 0 2.86 -999 406.76
Saria 2017 11 29 333 13.64 33.75 20.592 -999 0 2.7 -999 406.76
Saria 2017 11 30 334 15.14 34.83 20.376 -999 0 2.98 -999 406.76
Saria 2017 12 1 335 15.3 34.77 21.6 -999 0 2.99 -999 406.76
Saria 2017 12 2 336 14.83 34.62 22.14 -999 0 2.95 -999 406.76
Saria 2017 12 3 337 13.76 34.16 20.844 -999 0 3.09 -999 406.76
Saria 2017 12 4 338 13.51 34.75 21.78 -999 0 2.77 -999 406.76
Saria 2017 12 5 339 16.85 31.55 17.82 -999 0 2.9 -999 406.76
Saria 2017 12 6 340 16.03 33.4 19.476 -999 0 2.96 -999 406.76
Saria 2017 12 7 341 14.83 32.6 20.592 -999 0 3.2 -999 406.76
Saria 2017 12 8 342 14.69 32.79 16.74 -999 0 3.15 -999 406.76
Saria 2017 12 9 343 15.95 31.01 11.268 -999 0 3.37 -999 406.76
Saria 2017 12 10 344 13.96 29.83 17.46 -999 0 3.67 -999 406.76
Saria 2017 12 11 345 12.1 30.62 21.132 -999 0 2.89 -999 406.76
Saria 2017 12 12 346 13.58 31.99 16.956 -999 0 2.17 -999 406.76
Saria 2017 12 13 347 18.59 29.02 8.244 -999 0 2.2 -999 406.76
Saria 2017 12 14 348 19.5 34.08 18.72 -999 0 2.57 -999 406.76
Saria 2017 12 15 349 16.69 31.73 16.596 -999 0 2.96 -999 406.76
Saria 2017 12 16 350 16.97 34.38 18.54 -999 0 2.95 -999 406.76
Saria 2017 12 17 351 15.72 34.58 20.268 -999 0 3.18 -999 406.76
Saria 2017 12 18 352 15.03 34.35 20.592 -999 0 2.8 -999 406.76
Saria 2017 12 19 353 15.04 33.88 20.088 -999 0 2.62 -999 406.76
Saria 2017 12 20 354 15.34 32.48 19.728 -999 0 3.47 -999 406.76
Saria 2017 12 21 355 14.99 28.57 13.932 -999 0 4.04 -999 406.76
Saria 2017 12 22 356 13.55 28.98 15.408 -999 0 3.88 -999 406.76
Saria 2017 12 23 357 13.2 30.38 19.548 -999 0 3.63 -999 406.76
Saria 2017 12 24 358 13.19 31.26 15.192 -999 0 3.16 -999 406.76
Saria 2017 12 25 359 15.1 32.46 18.432 -999 0 3.43 -999 406.76
Saria 2017 12 26 360 15.57 32.42 18.072 -999 0 3.45 -999 406.76
Saria 2017 12 27 361 15.52 33.13 17.676 -999 0 3.06 -999 406.76
Saria 2017 12 28 362 15.71 32.56 18.792 -999 0 3.09 -999 406.76
Saria 2017 12 29 363 15.87 32.35 19.836 -999 0 3.75 -999 406.76
Saria 2017 12 30 364 14.37 32.23 21.06 -999 0 3.84 -999 406.76
Saria 2017 12 31 365 12.65 31.01 20.88 -999 0 4.05 -999 406.76
