Saria 2001 1 1 1 15.04 34.6 22.212 -999 0 3.27 -999 371.32
Saria 2001 1 2 2 14.94 33.18 17.964 -999 0 3.48 -999 371.32
Saria 2001 1 3 3 15.44 32.22 19.764 -999 0 3.43 -999 371.32
Saria 2001 1 4 4 16.16 32.23 20.124 -999 0 3.88 -999 371.32
Saria 2001 1 5 5 14.58 32.06 19.08 -999 0 3.29 -999 371.32
Saria 2001 1 6 6 14.84 33.29 20.844 -999 0 3.18 -999 371.32
Saria 2001 1 7 7 14.23 31.94 19.296 -999 0 2.99 -999 371.32
Saria 2001 1 8 8 15.08 32.71 18.936 -999 0 2.93 -999 371.32
Saria 2001 1 9 9 15.59 32.37 16.272 -999 0 3.22 -999 371.32
Saria 2001 1 10 10 15.9 33.01 18.828 -999 0 3.21 -999 371.32
Saria 2001 1 11 11 14.24 33.28 19.548 -999 0 3.57 -999 371.32
Saria 2001 1 12 12 14.31 33.69 19.404 -999 0 3.18 -999 371.32
Saria 2001 1 13 13 12.83 34.51 19.692 -999 0 2.27 -999 371.32
Saria 2001 1 14 14 13.04 34.41 19.296 -999 0 2.72 -999 371.32
Saria 2001 1 15 15 13.48 34.6 19.044 -999 0 2.79 -999 371.32
Saria 2001 1 16 16 14.13 35.14 21.24 -999 0 2.8 -999 371.32
Saria 2001 1 17 17 14.44 34.41 21.528 -999 0 3.84 -999 371.32
Saria 2001 1 18 18 15.04 34.89 22.752 -999 0 3.85 -999 371.32
Saria 2001 1 19 19 14.85 34.06 21.564 -999 0 4.12 -999 371.32
Saria 2001 1 20 20 15.06 32.62 20.988 -999 0 4.14 -999 371.32
Saria 2001 1 21 21 13.68 32.95 16.02 -999 0 4.06 -999 371.32
Saria 2001 1 22 22 13.71 33.08 21.204 -999 0 3.87 -999 371.32
Saria 2001 1 23 23 13.75 31.35 18.756 -999 0 4.31 -999 371.32
Saria 2001 1 24 24 13.3 32.19 20.988 -999 0 3.86 -999 371.32
Saria 2001 1 25 25 13.39 32.23 17.46 -999 0 3.44 -999 371.32
Saria 2001 1 26 26 13.36 32.47 18.108 -999 0 3.41 -999 371.32
Saria 2001 1 27 27 14.47 32.73 20.484 -999 0 3.27 -999 371.32
Saria 2001 1 28 28 14.26 33.33 22.14 -999 0 3.1 -999 371.32
Saria 2001 1 29 29 13.74 35.08 22.644 -999 0 2.41 -999 371.32
Saria 2001 1 30 30 15.95 35.24 22.608 -999 0 3.12 -999 371.32
Saria 2001 1 31 31 15.08 36.38 22.284 -999 0 3.02 -999 371.32
Saria 2001 2 1 32 17.68 35.39 21.924 -999 0 4.16 -999 371.32
Saria 2001 2 2 33 15.3 35.8 23.796 -999 0 4.03 -999 371.32
Saria 2001 2 3 34 15.31 35.61 23.652 -999 0 3.95 -999 371.32
Saria 2001 2 4 35 16.69 35.38 20.844 -999 0 4.29 -999 371.32
Saria 2001 2 5 36 17.65 35.53 19.296 -999 0 3.91 -999 371.32
Saria 2001 2 6 37 16.36 34.37 18.072 -999 0 3.7 -999 371.32
Saria 2001 2 7 38 15.73 32.32 17.064 -999 0 3.3 -999 371.32
Saria 2001 2 8 39 15.04 34 16.632 -999 0 3.25 -999 371.32
Saria 2001 2 9 40 14.52 34.12 21.78 -999 0 4.01 -999 371.32
Saria 2001 2 10 41 16.29 33.37 19.98 -999 0 4.83 -999 371.32
Saria 2001 2 11 42 15.45 32.71 19.944 -999 0 4.81 -999 371.32
Saria 2001 2 12 43 15.05 30.98 16.452 -999 0 4.6 -999 371.32
Saria 2001 2 13 44 12.83 30.01 21.42 -999 0 5.14 -999 371.32
Saria 2001 2 14 45 11.86 29.53 22.752 -999 0 4.16 -999 371.32
Saria 2001 2 15 46 12.01 31.01 18.612 -999 0 3.32 -999 371.32
Saria 2001 2 16 47 13.3 33.81 21.24 -999 0 2.75 -999 371.32
Saria 2001 2 17 48 15.14 35.33 18.36 -999 0 2.95 -999 371.32
Saria 2001 2 18 49 17.15 35.78 22.032 -999 0 3.24 -999 371.32
Saria 2001 2 19 50 16.66 37.04 22.932 -999 0 3.73 -999 371.32
Saria 2001 2 20 51 17.44 36.68 22.14 -999 0 4.12 -999 371.32
Saria 2001 2 21 52 18.02 37.08 22.176 -999 0 4.16 -999 371.32
Saria 2001 2 22 53 20.37 37.23 16.776 -999 0 4.48 -999 371.32
Saria 2001 2 23 54 20.19 37.87 24.048 -999 0 4.26 -999 371.32
Saria 2001 2 24 55 18.3 37.44 23.256 -999 0 4.01 -999 371.32
Saria 2001 2 25 56 18.41 38.7 23.364 -999 0 2.9 -999 371.32
Saria 2001 2 26 57 19.7 39.5 20.376 -999 0 3.07 -999 371.32
Saria 2001 2 27 58 19.37 39.94 23.148 -999 0 3.49 -999 371.32
Saria 2001 2 28 59 20.97 38.5 24.264 -999 0 3.74 -999 371.32
Saria 2001 3 1 60 19.94 38.87 24.948 -999 0 2.95 -999 371.32
Saria 2001 3 2 61 20 39.77 25.488 -999 0 3.45 -999 371.32
Saria 2001 3 3 62 20.54 40.54 24.624 -999 0 4.02 -999 371.32
Saria 2001 3 4 63 21.23 41.18 23.76 -999 0 4.14 -999 371.32
Saria 2001 3 5 64 21.97 39.99 18.18 -999 0 3.7 -999 371.32
Saria 2001 3 6 65 22.94 40.58 22.968 -999 0 3.97 -999 371.32
Saria 2001 3 7 66 19.85 38.04 24.048 -999 0 4.23 -999 371.32
Saria 2001 3 8 67 17.34 38.44 24.984 -999 0 3.15 -999 371.32
Saria 2001 3 9 68 18.82 39.4 25.128 -999 0 2.8 -999 371.32
Saria 2001 3 10 69 16.62 39.1 25.776 -999 0 2.64 -999 371.32
Saria 2001 3 11 70 17.86 40.11 25.704 -999 0 2.05 -999 371.32
Saria 2001 3 12 71 17.13 39.72 23.76 -999 0 2.52 -999 371.32
Saria 2001 3 13 72 18.15 40.75 24.372 -999 0 2.94 -999 371.32
Saria 2001 3 14 73 25.23 36.3 19.872 -999 0.01 4.4 -999 371.32
Saria 2001 3 15 74 22.48 39.35 21.42 -999 0 1.76 -999 371.32
Saria 2001 3 16 75 26.27 39.94 22.752 -999 0 2.3 -999 371.32
Saria 2001 3 17 76 21.46 40.51 24.156 -999 0 3.41 -999 371.32
Saria 2001 3 18 77 20.12 39.86 22.752 -999 0 2.88 -999 371.32
Saria 2001 3 19 78 18.83 40.57 22.32 -999 0 3.22 -999 371.32
Saria 2001 3 20 79 21.48 41.07 21.672 -999 0 3.6 -999 371.32
Saria 2001 3 21 80 21 40.48 25.452 -999 0 3.69 -999 371.32
Saria 2001 3 22 81 19.48 40.38 24.804 -999 0 3.21 -999 371.32
Saria 2001 3 23 82 20.12 39.83 22.788 -999 0.06 3.09 -999 371.32
Saria 2001 3 24 83 21.25 40.9 21.96 -999 0 3.58 -999 371.32
Saria 2001 3 25 84 21.12 38.57 18.828 -999 0 2.66 -999 371.32
Saria 2001 3 26 85 20.19 41.16 15.66 -999 0 2.33 -999 371.32
Saria 2001 3 27 86 23.09 41.18 18.612 -999 0.02 0.88 -999 371.32
Saria 2001 3 28 87 25.23 41.19 19.188 -999 0.01 1.68 -999 371.32
Saria 2001 3 29 88 25.27 40.69 18.9 -999 0.02 2.48 -999 371.32
Saria 2001 3 30 89 28.21 40.9 21.744 -999 0.03 2.89 -999 371.32
Saria 2001 3 31 90 25.3 41.62 23.076 -999 0.02 2 -999 371.32
Saria 2001 4 1 91 21.37 41.89 24.804 -999 0 2.45 -999 371.32
Saria 2001 4 2 92 21.31 40.82 23.184 -999 0 3.3 -999 371.32
Saria 2001 4 3 93 21.34 38.19 22.248 -999 0.01 2.09 -999 371.32
Saria 2001 4 4 94 22.82 40.32 19.44 -999 0.01 2.45 -999 371.32
Saria 2001 4 5 95 26.38 41.26 24.444 -999 0 2.45 -999 371.32
Saria 2001 4 6 96 27.76 35.65 19.728 -999 1.1 3.06 -999 371.32
Saria 2001 4 7 97 26.51 37.19 23.724 -999 0.09 2.98 -999 371.32
Saria 2001 4 8 98 23.47 40.52 20.376 -999 0 3.77 -999 371.32
Saria 2001 4 9 99 23.51 41.08 24.552 -999 0 3.68 -999 371.32
Saria 2001 4 10 100 23.06 42.22 25.452 -999 0 3.7 -999 371.32
Saria 2001 4 11 101 23.08 40.05 26.208 -999 0 2.19 -999 371.32
Saria 2001 4 12 102 23.49 41.33 22.644 -999 0 2.09 -999 371.32
Saria 2001 4 13 103 27.52 38.07 23.868 -999 0.02 2.98 -999 371.32
Saria 2001 4 14 104 27.83 40.91 24.012 -999 0 3.02 -999 371.32
Saria 2001 4 15 105 27.46 42.73 25.056 -999 0 2.41 -999 371.32
Saria 2001 4 16 106 26.95 42.27 23.904 -999 1.25 2.16 -999 371.32
Saria 2001 4 17 107 26.85 41.46 23.544 -999 0.65 2.9 -999 371.32
Saria 2001 4 18 108 25.57 41.21 23.868 -999 1.08 2.73 -999 371.32
Saria 2001 4 19 109 26.62 36.33 19.692 -999 0.09 3.05 -999 371.32
Saria 2001 4 20 110 26.35 41.19 24.84 -999 1.91 2.54 -999 371.32
Saria 2001 4 21 111 28.1 40.99 24.12 -999 1.57 2.98 -999 371.32
Saria 2001 4 22 112 27.77 40.3 23.4 -999 0.12 3.8 -999 371.32
Saria 2001 4 23 113 27.04 40.15 23.796 -999 0.61 3.15 -999 371.32
Saria 2001 4 24 114 25.25 40.75 25.056 -999 0 1.52 -999 371.32
Saria 2001 4 25 115 26.65 41.26 19.296 -999 0.83 2.02 -999 371.32
Saria 2001 4 26 116 26.98 41.81 21.78 -999 0 2.37 -999 371.32
Saria 2001 4 27 117 27.4 42.05 22.464 -999 0.1 2.7 -999 371.32
Saria 2001 4 28 118 25.69 42.79 22.824 -999 0.01 2.3 -999 371.32
Saria 2001 4 29 119 24.71 42.49 22.248 -999 0.36 1.66 -999 371.32
Saria 2001 4 30 120 27.5 38.4 21.096 -999 0.42 4.54 -999 371.32
Saria 2001 5 1 121 27.42 39.55 23.724 -999 0.15 2.66 -999 371.32
Saria 2001 5 2 122 28.63 37.46 15.588 -999 0.54 1.77 -999 371.32
Saria 2001 5 3 123 28.19 42.62 20.16 -999 0.53 1.66 -999 371.32
Saria 2001 5 4 124 28.23 41.12 21.708 -999 1.76 2.89 -999 371.32
Saria 2001 5 5 125 27.31 39.71 19.656 -999 1.44 4.3 -999 371.32
Saria 2001 5 6 126 27.62 38.25 14.76 -999 2.94 2.66 -999 371.32
Saria 2001 5 7 127 26.7 40.89 24.264 -999 0 2.27 -999 371.32
Saria 2001 5 8 128 27.65 39.45 24.048 -999 10.85 3.09 -999 371.32
Saria 2001 5 9 129 26.9 39.41 21.996 -999 4.23 3.59 -999 371.32
Saria 2001 5 10 130 26.6 39.87 23.472 -999 3.04 3.15 -999 371.32
Saria 2001 5 11 131 26.9 38.25 22.86 -999 0.96 3.46 -999 371.32
Saria 2001 5 12 132 26.93 38.58 20.52 -999 1.18 4.44 -999 371.32
Saria 2001 5 13 133 26.48 37.57 19.98 -999 0.91 4.16 -999 371.32
Saria 2001 5 14 134 26 40.29 21.852 -999 0.91 3.04 -999 371.32
Saria 2001 5 15 135 26.76 39.33 23.652 -999 2.16 3.55 -999 371.32
Saria 2001 5 16 136 27.33 36.39 24.372 -999 0.4 3.24 -999 371.32
Saria 2001 5 17 137 26.21 38.84 25.128 -999 0.21 2.59 -999 371.32
Saria 2001 5 18 138 27.65 38.94 16.992 -999 0.3 2.62 -999 371.32
Saria 2001 5 19 139 27.49 33.08 21.78 -999 0.37 2.85 -999 371.32
Saria 2001 5 20 140 25.29 34.6 21.816 -999 1.1 1.82 -999 371.32
Saria 2001 5 21 141 26.07 37.66 23.256 -999 1.27 2.41 -999 371.32
Saria 2001 5 22 142 26.58 38.69 18.216 -999 0.62 1.88 -999 371.32
Saria 2001 5 23 143 27.85 39.92 22.824 -999 0.38 1.98 -999 371.32
Saria 2001 5 24 144 27.58 37.89 24.372 -999 1.86 3.61 -999 371.32
Saria 2001 5 25 145 26.42 34.58 22.644 -999 0.16 4.9 -999 371.32
Saria 2001 5 26 146 24.34 38.8 25.884 -999 2.54 3.41 -999 371.32
Saria 2001 5 27 147 25.07 39.24 21.852 -999 0.5 3.86 -999 371.32
Saria 2001 5 28 148 26.07 40.24 23.58 -999 0 3.8 -999 371.32
Saria 2001 5 29 149 26.48 36.13 7.524 -999 5.78 3.35 -999 371.32
Saria 2001 5 30 150 25.33 35.23 24.192 -999 3.79 4.26 -999 371.32
Saria 2001 5 31 151 24.78 36.42 24.696 -999 4.17 3.61 -999 371.32
Saria 2001 6 1 152 24.84 37.34 14.976 -999 3.04 2.71 -999 371.32
Saria 2001 6 2 153 26.1 36.75 22.212 -999 1.5 3.47 -999 371.32
Saria 2001 6 3 154 25.33 35.52 23.94 -999 1.53 2.59 -999 371.32
Saria 2001 6 4 155 24.63 39.19 16.128 -999 0.41 2.68 -999 371.32
Saria 2001 6 5 156 26.18 38.24 22.176 -999 11.23 2.45 -999 371.32
Saria 2001 6 6 157 25.58 34.05 22.104 -999 0.58 3.47 -999 371.32
Saria 2001 6 7 158 24.37 35.46 23.436 -999 13.79 1.8 -999 371.32
Saria 2001 6 8 159 23.57 34.77 22.968 -999 1.81 2.42 -999 371.32
Saria 2001 6 9 160 23.79 37.06 19.152 -999 5.25 2.63 -999 371.32
Saria 2001 6 10 161 24.44 36.92 20.592 -999 0.78 3.21 -999 371.32
Saria 2001 6 11 162 24.34 38.41 24.66 -999 0.53 3.3 -999 371.32
Saria 2001 6 12 163 24.1 36.76 23.58 -999 0.61 2.63 -999 371.32
Saria 2001 6 13 164 25.05 38.04 23.724 -999 1.04 2.08 -999 371.32
Saria 2001 6 14 165 25.54 37.67 23.184 -999 0.95 3.45 -999 371.32
Saria 2001 6 15 166 25.8 33.43 16.596 -999 2.33 4.01 -999 371.32
Saria 2001 6 16 167 24.69 34.11 24.084 -999 1.06 3.2 -999 371.32
Saria 2001 6 17 168 24.57 37.25 16.884 -999 0.52 2.2 -999 371.32
Saria 2001 6 18 169 24.8 37.48 24.372 -999 3.35 2.66 -999 371.32
Saria 2001 6 19 170 25.08 37.23 23.76 -999 2.39 3.48 -999 371.32
Saria 2001 6 20 171 24.18 35.3 19.296 -999 9.13 3.01 -999 371.32
Saria 2001 6 21 172 24.19 33.96 22.14 -999 7.4 2.55 -999 371.32
Saria 2001 6 22 173 24.55 33.23 22.104 -999 6.84 1.79 -999 371.32
Saria 2001 6 23 174 23.1 32.33 20.664 -999 2.53 1.92 -999 371.32
Saria 2001 6 24 175 23.39 33.95 21.636 -999 6.92 2.91 -999 371.32
Saria 2001 6 25 176 22.46 34.99 21.24 -999 1.72 2.49 -999 371.32
Saria 2001 6 26 177 23.77 34.54 23.04 -999 3.48 2.05 -999 371.32
Saria 2001 6 27 178 23.6 35.63 14.292 -999 1.9 2.03 -999 371.32
Saria 2001 6 28 179 24.19 30.58 11.52 -999 2.91 2.32 -999 371.32
Saria 2001 6 29 180 22.44 35.94 22.86 -999 3.23 2.05 -999 371.32
Saria 2001 6 30 181 23.12 34 24.084 -999 8.12 2.4 -999 371.32
Saria 2001 7 1 182 23.65 33.76 22.536 -999 10.64 2.36 -999 371.32
Saria 2001 7 2 183 22.79 35.52 23.184 -999 2.56 2.18 -999 371.32
Saria 2001 7 3 184 23.9 31.74 24.084 -999 12.37 1.77 -999 371.32
Saria 2001 7 4 185 22.69 34.3 21.852 -999 3.12 3.18 -999 371.32
Saria 2001 7 5 186 22.23 35.69 21.924 -999 14.64 1.86 -999 371.32
Saria 2001 7 6 187 22.83 34.13 24.264 -999 3.11 2.34 -999 371.32
Saria 2001 7 7 188 22.39 34.26 19.008 -999 3.58 2.83 -999 371.32
Saria 2001 7 8 189 22.26 35.84 24.624 -999 3.73 2.2 -999 371.32
Saria 2001 7 9 190 23.5 35.69 22.392 -999 6.23 2.22 -999 371.32
Saria 2001 7 10 191 22.92 35.31 17.424 -999 4.19 2.19 -999 371.32
Saria 2001 7 11 192 24.12 34.46 23.58 -999 9.97 2.21 -999 371.32
Saria 2001 7 12 193 22.95 34.94 22.212 -999 1.95 2.08 -999 371.32
Saria 2001 7 13 194 23.08 35.6 23.076 -999 6.43 2.09 -999 371.32
Saria 2001 7 14 195 24 36.87 24.228 -999 2.28 2.62 -999 371.32
Saria 2001 7 15 196 24.09 31.75 18.072 -999 8.55 3.3 -999 371.32
Saria 2001 7 16 197 23.48 29.98 17.532 -999 11.76 2.62 -999 371.32
Saria 2001 7 17 198 22.66 29.05 17.46 -999 4.96 2.15 -999 371.32
Saria 2001 7 18 199 21.49 34.57 24.264 -999 3.18 1.51 -999 371.32
Saria 2001 7 19 200 22.03 34.21 24.66 -999 8.92 2.12 -999 371.32
Saria 2001 7 20 201 23.28 30.55 13.356 -999 5.83 2.29 -999 371.32
Saria 2001 7 21 202 23.11 27.24 21.6 -999 1.97 2.43 -999 371.32
Saria 2001 7 22 203 21.48 31.08 18.432 -999 1.23 1.45 -999 371.32
Saria 2001 7 23 204 22.16 32.87 20.448 -999 2.42 1.89 -999 371.32
Saria 2001 7 24 205 22.42 32.59 20.484 -999 2.31 2.73 -999 371.32
Saria 2001 7 25 206 22.08 31.57 6.84 -999 1.22 2.51 -999 371.32
Saria 2001 7 26 207 22.4 31.94 21.924 -999 6.97 1.19 -999 371.32
Saria 2001 7 27 208 22.06 32.68 22.248 -999 8.08 1.62 -999 371.32
Saria 2001 7 28 209 22.37 32.29 22.392 -999 2.93 2.25 -999 371.32
Saria 2001 7 29 210 22.71 33.19 10.656 -999 10.59 2.33 -999 371.32
Saria 2001 7 30 211 22.65 30.64 15.912 -999 3.88 2.94 -999 371.32
Saria 2001 7 31 212 22.55 29.12 16.56 -999 10.58 1.99 -999 371.32
Saria 2001 8 1 213 21.8 29.29 23.832 -999 5.23 1.69 -999 371.32
Saria 2001 8 2 214 22.12 31.8 21.096 -999 0.67 1.94 -999 371.32
Saria 2001 8 3 215 20.82 33.63 21.636 -999 2.45 2.41 -999 371.32
Saria 2001 8 4 216 22.03 32.81 16.596 -999 4.91 1.98 -999 371.32
Saria 2001 8 5 217 22.98 32.87 19.62 -999 2.24 1.84 -999 371.32
Saria 2001 8 6 218 22.25 34.99 21.708 -999 2.33 1.7 -999 371.32
Saria 2001 8 7 219 23.09 32.19 14.688 -999 5.83 2.29 -999 371.32
Saria 2001 8 8 220 23.32 31.94 17.1 -999 0.85 1.98 -999 371.32
Saria 2001 8 9 221 21.57 32.95 15.948 -999 4.06 1.73 -999 371.32
Saria 2001 8 10 222 21.48 35.05 21.312 -999 3.04 1.69 -999 371.32
Saria 2001 8 11 223 22.88 35.15 23.436 -999 14.7 1.28 -999 371.32
Saria 2001 8 12 224 23.42 32.08 20.556 -999 8.79 1.61 -999 371.32
Saria 2001 8 13 225 22.88 31.51 13.32 -999 7.07 1.77 -999 371.32
Saria 2001 8 14 226 21.6 31.2 20.556 -999 12.03 1.9 -999 371.32
Saria 2001 8 15 227 21.88 32.28 12.096 -999 7.06 1.55 -999 371.32
Saria 2001 8 16 228 22.58 32.26 20.088 -999 9.42 1.34 -999 371.32
Saria 2001 8 17 229 21.87 33.73 20.808 -999 5.68 1.93 -999 371.32
Saria 2001 8 18 230 22.28 33.88 22.86 -999 3.82 1.98 -999 371.32
Saria 2001 8 19 231 23.05 31.6 7.776 -999 12.67 1.89 -999 371.32
Saria 2001 8 20 232 23.43 29.67 20.34 -999 15.08 1.47 -999 371.32
Saria 2001 8 21 233 22.95 31.47 17.964 -999 3.39 0.99 -999 371.32
Saria 2001 8 22 234 22.78 30.48 21.276 -999 4.88 1.73 -999 371.32
Saria 2001 8 23 235 22.05 33.08 19.116 -999 4.55 1.8 -999 371.32
Saria 2001 8 24 236 22.57 31.79 24.948 -999 8.33 1.3 -999 371.32
Saria 2001 8 25 237 22.21 30.76 21.456 -999 9.45 2.05 -999 371.32
Saria 2001 8 26 238 21.36 32.6 17.28 -999 3.98 1.84 -999 371.32
Saria 2001 8 27 239 21.8 33.47 24.372 -999 5.83 1.46 -999 371.32
Saria 2001 8 28 240 22.83 33.01 16.308 -999 5.03 1.69 -999 371.32
Saria 2001 8 29 241 22.9 31.62 21.6 -999 0.74 2.52 -999 371.32
Saria 2001 8 30 242 22.28 30.92 23.292 -999 4.3 1.68 -999 371.32
Saria 2001 8 31 243 22.61 29.87 10.116 -999 1.87 1.65 -999 371.32
Saria 2001 9 1 244 21.75 33.94 22.896 -999 1.82 1.54 -999 371.32
Saria 2001 9 2 245 22.63 32 13.608 -999 7.86 1.38 -999 371.32
Saria 2001 9 3 246 22.18 32.46 21.42 -999 4.07 1.14 -999 371.32
Saria 2001 9 4 247 23.32 33.25 21.888 -999 1.14 1.91 -999 371.32
Saria 2001 9 5 248 21.83 32.3 23.544 -999 1.06 1.49 -999 371.32
Saria 2001 9 6 249 22.37 33.33 14.868 -999 4.18 1.77 -999 371.32
Saria 2001 9 7 250 22.76 30.43 16.092 -999 1.76 2.08 -999 371.32
Saria 2001 9 8 251 21.67 34 24.552 -999 8.62 1.19 -999 371.32
Saria 2001 9 9 252 23.27 29.65 13.356 -999 5.17 1.42 -999 371.32
Saria 2001 9 10 253 22.46 31.48 21.06 -999 2.18 1.84 -999 371.32
Saria 2001 9 11 254 21.12 35.6 24.876 -999 0.25 1.08 -999 371.32
Saria 2001 9 12 255 22.01 35.48 23.832 -999 4.07 2.19 -999 371.32
Saria 2001 9 13 256 23.04 34.73 21.456 -999 0.31 1.98 -999 371.32
Saria 2001 9 14 257 21.43 34.19 22.932 -999 2.22 1.85 -999 371.32
Saria 2001 9 15 258 21.83 30.2 18.612 -999 4 1.55 -999 371.32
Saria 2001 9 16 259 21.11 29.61 24.084 -999 1.49 1.8 -999 371.32
Saria 2001 9 17 260 21.41 35.4 24.84 -999 2.16 1.45 -999 371.32
Saria 2001 9 18 261 22.49 29.78 23.004 -999 5.36 2.54 -999 371.32
Saria 2001 9 19 262 22.24 32.4 16.488 -999 2.21 2.69 -999 371.32
Saria 2001 9 20 263 20.93 30.79 19.8 -999 4.25 1.79 -999 371.32
Saria 2001 9 21 264 20.87 34.73 25.344 -999 1.87 1.66 -999 371.32
Saria 2001 9 22 265 21.54 35.77 18.648 -999 1.01 1.88 -999 371.32
Saria 2001 9 23 266 21.9 32.24 22.824 -999 6.45 1.98 -999 371.32
Saria 2001 9 24 267 21.64 34.69 17.208 -999 0.35 1.35 -999 371.32
Saria 2001 9 25 268 22 36.83 23.94 -999 0.01 2.03 -999 371.32
Saria 2001 9 26 269 23.03 34.77 22.212 -999 2.01 2.48 -999 371.32
Saria 2001 9 27 270 21.69 35.88 24.372 -999 0.3 2.01 -999 371.32
Saria 2001 9 28 271 21.42 36.27 19.764 -999 0.79 1.91 -999 371.32
Saria 2001 9 29 272 22.04 36.47 22.392 -999 0.68 2.46 -999 371.32
Saria 2001 9 30 273 22.44 37.69 24.012 -999 0.15 1.62 -999 371.32
Saria 2001 10 1 274 22.49 37.87 22.86 -999 0.8 1.85 -999 371.32
Saria 2001 10 2 275 22.65 35.46 22.104 -999 2.74 2.24 -999 371.32
Saria 2001 10 3 276 22.24 35.58 22.464 -999 5.17 2.12 -999 371.32
Saria 2001 10 4 277 22.74 35.69 22.14 -999 4.39 2.24 -999 371.32
Saria 2001 10 5 278 22.62 35.94 22.824 -999 0.52 1.8 -999 371.32
Saria 2001 10 6 279 22.37 37.08 22.824 -999 0.32 1.66 -999 371.32
Saria 2001 10 7 280 22.02 38.15 22.032 -999 0.87 1.95 -999 371.32
Saria 2001 10 8 281 23.28 37.26 20.556 -999 0.56 2.69 -999 371.32
Saria 2001 10 9 282 22.72 36.33 23.616 -999 1.54 1.94 -999 371.32
Saria 2001 10 10 283 22.97 36.48 23.256 -999 2.39 1.88 -999 371.32
Saria 2001 10 11 284 23.21 38.26 22.428 -999 0.84 1.95 -999 371.32
Saria 2001 10 12 285 22.13 38.25 23.616 -999 0 1.62 -999 371.32
Saria 2001 10 13 286 21.98 38.26 22.248 -999 0 2.08 -999 371.32
Saria 2001 10 14 287 20.34 36.91 20.268 -999 0 1.74 -999 371.32
Saria 2001 10 15 288 22.3 37.47 21.78 -999 0 1.9 -999 371.32
Saria 2001 10 16 289 19.65 37.24 22.176 -999 0 1.98 -999 371.32
Saria 2001 10 17 290 20.59 37.89 23.76 -999 0 2.15 -999 371.32
Saria 2001 10 18 291 22.72 36.92 20.448 -999 0 2.27 -999 371.32
Saria 2001 10 19 292 23.27 38.88 21.636 -999 0 2.09 -999 371.32
Saria 2001 10 20 293 23.68 38.82 22.32 -999 0 2.65 -999 371.32
Saria 2001 10 21 294 20.12 38.38 22.788 -999 0 2.31 -999 371.32
Saria 2001 10 22 295 19.87 38.55 21.42 -999 0 2.72 -999 371.32
Saria 2001 10 23 296 19.68 38.37 20.772 -999 0 2.61 -999 371.32
Saria 2001 10 24 297 19.24 37.4 19.404 -999 0 2.29 -999 371.32
Saria 2001 10 25 298 19 36.68 15.444 -999 0 2 -999 371.32
Saria 2001 10 26 299 22.21 36.14 15.336 -999 0 2.1 -999 371.32
Saria 2001 10 27 300 18.84 36.51 19.296 -999 0 2.31 -999 371.32
Saria 2001 10 28 301 17.08 36.31 21.384 -999 0 2.59 -999 371.32
Saria 2001 10 29 302 17.16 35.71 18.792 -999 0 2.66 -999 371.32
Saria 2001 10 30 303 17.46 35.57 17.496 -999 0 2.48 -999 371.32
Saria 2001 10 31 304 17.99 34.71 14.328 -999 0 2.38 -999 371.32
Saria 2001 11 1 305 18.48 35.23 18.684 -999 0 2.87 -999 371.32
Saria 2001 11 2 306 17 35.63 22.464 -999 0 3.2 -999 371.32
Saria 2001 11 3 307 17.83 36.14 23.112 -999 0 3.23 -999 371.32
Saria 2001 11 4 308 18.08 36.91 23.76 -999 0 2.96 -999 371.32
Saria 2001 11 5 309 16.53 36.91 23.04 -999 0 2.36 -999 371.32
Saria 2001 11 6 310 16.85 37.05 22.968 -999 0 2.52 -999 371.32
Saria 2001 11 7 311 17.4 37.12 22.716 -999 0 2.95 -999 371.32
Saria 2001 11 8 312 18.05 37.3 22.356 -999 0 3.05 -999 371.32
Saria 2001 11 9 313 16.53 37.37 21.132 -999 0 2.44 -999 371.32
Saria 2001 11 10 314 19.4 37.43 20.34 -999 0 1.52 -999 371.32
Saria 2001 11 11 315 18.92 37.35 18.18 -999 0 2.16 -999 371.32
Saria 2001 11 12 316 22.77 36.85 14.616 -999 0 1.44 -999 371.32
Saria 2001 11 13 317 20.38 37.62 18.612 -999 0 2.41 -999 371.32
Saria 2001 11 14 318 17.15 37.05 22.068 -999 0 2.66 -999 371.32
Saria 2001 11 15 319 17 36.67 20.844 -999 0 2.85 -999 371.32
Saria 2001 11 16 320 17.22 36.83 21.492 -999 0 3.09 -999 371.32
Saria 2001 11 17 321 16.38 36.08 23.616 -999 0 3.42 -999 371.32
Saria 2001 11 18 322 14.89 36.56 22.788 -999 0 3.16 -999 371.32
Saria 2001 11 19 323 15.6 35.62 21.744 -999 0 3.39 -999 371.32
Saria 2001 11 20 324 15.27 35.42 20.016 -999 0 2.94 -999 371.32
Saria 2001 11 21 325 17.8 35.99 19.26 -999 0 3.2 -999 371.32
Saria 2001 11 22 326 16.02 35.3 19.044 -999 0 2.58 -999 371.32
Saria 2001 11 23 327 17.11 35.53 18.756 -999 0 2.54 -999 371.32
Saria 2001 11 24 328 17.98 35.47 17.1 -999 0 2.56 -999 371.32
Saria 2001 11 25 329 17.83 35.88 17.1 -999 0 2.3 -999 371.32
Saria 2001 11 26 330 18.42 36.76 18.612 -999 0 2.27 -999 371.32
Saria 2001 11 27 331 18.1 36.91 19.116 -999 0 2.54 -999 371.32
Saria 2001 11 28 332 18.23 36.01 20.052 -999 0 2.81 -999 371.32
Saria 2001 11 29 333 17.51 36.87 21.348 -999 0 2.95 -999 371.32
Saria 2001 11 30 334 17.01 36.08 21.384 -999 0 3.12 -999 371.32
Saria 2001 12 1 335 15.88 35.5 20.772 -999 0 2.71 -999 371.32
Saria 2001 12 2 336 17.54 32.25 18.072 -999 0 2.9 -999 371.32
Saria 2001 12 3 337 17.08 33.75 16.056 -999 0 2.99 -999 371.32
Saria 2001 12 4 338 17.78 35.58 21.492 -999 0 3.78 -999 371.32
Saria 2001 12 5 339 17.65 35.09 20.916 -999 0 4.11 -999 371.32
Saria 2001 12 6 340 16.69 34.53 21.168 -999 0 3.95 -999 371.32
Saria 2001 12 7 341 16.18 33.29 19.836 -999 0 3.58 -999 371.32
Saria 2001 12 8 342 14.58 32.23 18.864 -999 0 3.34 -999 371.32
Saria 2001 12 9 343 15.6 32.64 19.872 -999 0 3.09 -999 371.32
Saria 2001 12 10 344 15 34.38 20.16 -999 0 2.81 -999 371.32
Saria 2001 12 11 345 15.78 33.43 16.956 -999 0 3.18 -999 371.32
Saria 2001 12 12 346 18.02 34.29 17.316 -999 0 3.34 -999 371.32
Saria 2001 12 13 347 15.52 35.06 20.88 -999 0 3.17 -999 371.32
Saria 2001 12 14 348 15.98 35.92 21.672 -999 0 3.13 -999 371.32
Saria 2001 12 15 349 17.18 36.94 21.132 -999 0 3.41 -999 371.32
Saria 2001 12 16 350 18.37 37.54 21.744 -999 0 3.8 -999 371.32
Saria 2001 12 17 351 19 37.2 20.772 -999 0 3.89 -999 371.32
Saria 2001 12 18 352 18.49 37.48 17.46 -999 0 3.48 -999 371.32
Saria 2001 12 19 353 18.46 36.38 20.124 -999 0 3.36 -999 371.32
Saria 2001 12 20 354 18.01 36.88 19.224 -999 0 3.01 -999 371.32
Saria 2001 12 21 355 19.66 36.55 15.264 -999 0 3.44 -999 371.32
Saria 2001 12 22 356 18.3 36.59 18.684 -999 0 3.88 -999 371.32
Saria 2001 12 23 357 18.8 36.05 18.648 -999 0 3.77 -999 371.32
Saria 2001 12 24 358 18.9 35.29 19.692 -999 0 3.47 -999 371.32
Saria 2001 12 25 359 18.71 36.07 21.06 -999 0 3.63 -999 371.32
Saria 2001 12 26 360 16.23 35.61 20.844 -999 0 3.34 -999 371.32
Saria 2001 12 27 361 17.83 35.22 21.168 -999 0 3.49 -999 371.32
Saria 2001 12 28 362 15.79 36.96 22.356 -999 0 3.72 -999 371.32
Saria 2001 12 29 363 16.51 36.48 21.672 -999 0 3.32 -999 371.32
Saria 2001 12 30 364 16.6 36.01 20.844 -999 0 2.81 -999 371.32
Saria 2001 12 31 365 17.73 36.21 20.628 -999 0 3.11 -999 371.32
