Saria 2004 1 1 1 16.42 33.89 19.224 -999 0 3.21 -999 377.7
Saria 2004 1 2 2 15.23 34.94 20.628 -999 0 2.3 -999 377.7
Saria 2004 1 3 3 15.05 35.69 21.78 -999 0 2.22 -999 377.7
Saria 2004 1 4 4 14.98 35.91 21.888 -999 0 2.31 -999 377.7
Saria 2004 1 5 5 15.09 35.75 21.456 -999 0 2.82 -999 377.7
Saria 2004 1 6 6 15.51 35.4 21.168 -999 0 3.51 -999 377.7
Saria 2004 1 7 7 15.63 34.67 21.924 -999 0 3.74 -999 377.7
Saria 2004 1 8 8 15.67 33.89 18.72 -999 0 3.89 -999 377.7
Saria 2004 1 9 9 16.3 32.06 17.1 -999 0 4.27 -999 377.7
Saria 2004 1 10 10 15.4 32.36 20.736 -999 0 3.81 -999 377.7
Saria 2004 1 11 11 14.59 33.37 21.672 -999 0 3.5 -999 377.7
Saria 2004 1 12 12 14.9 33.63 21.96 -999 0 3.35 -999 377.7
Saria 2004 1 13 13 15.12 34.35 21.996 -999 0 3.65 -999 377.7
Saria 2004 1 14 14 15.62 33.76 16.668 -999 0 3.61 -999 377.7
Saria 2004 1 15 15 15.41 33.41 19.008 -999 0 3.16 -999 377.7
Saria 2004 1 16 16 16.91 29.79 7.704 -999 0 2.92 -999 377.7
Saria 2004 1 17 17 17.58 35.6 20.34 -999 0 2.76 -999 377.7
Saria 2004 1 18 18 16.63 35.72 19.584 -999 0 2.62 -999 377.7
Saria 2004 1 19 19 16.99 36.37 20.988 -999 0 2.84 -999 377.7
Saria 2004 1 20 20 19.31 35.8 17.388 -999 0.25 2.75 -999 377.7
Saria 2004 1 21 21 18.34 33.15 16.92 -999 0.06 3.89 -999 377.7
Saria 2004 1 22 22 15.6 32.33 17.244 -999 0 3.09 -999 377.7
Saria 2004 1 23 23 16.36 33.24 18.324 -999 0 2.95 -999 377.7
Saria 2004 1 24 24 16.87 34.47 21.24 -999 0 3.14 -999 377.7
Saria 2004 1 25 25 17.51 34.87 19.152 -999 0 3.26 -999 377.7
Saria 2004 1 26 26 18.69 34.23 20.232 -999 0 3.36 -999 377.7
Saria 2004 1 27 27 18.08 34.71 21.888 -999 0 3.83 -999 377.7
Saria 2004 1 28 28 17.05 34.46 23.076 -999 0 3.89 -999 377.7
Saria 2004 1 29 29 15.27 34.28 23.58 -999 0 3.65 -999 377.7
Saria 2004 1 30 30 14.09 34.94 23.508 -999 0 2.91 -999 377.7
Saria 2004 1 31 31 15.23 35.87 23.508 -999 0 2.91 -999 377.7
Saria 2004 2 1 32 16.06 36.14 23.832 -999 0 3.61 -999 377.7
Saria 2004 2 2 33 17.54 35.83 22.032 -999 0 4.17 -999 377.7
Saria 2004 2 3 34 17.95 31.18 19.404 -999 0 4.58 -999 377.7
Saria 2004 2 4 35 16.36 29.28 18.54 -999 0 4.39 -999 377.7
Saria 2004 2 5 36 16.12 28.44 15.408 -999 0 4.27 -999 377.7
Saria 2004 2 6 37 15.47 31.9 17.712 -999 0 3.4 -999 377.7
Saria 2004 2 7 38 15.8 33.12 16.848 -999 0 3.24 -999 377.7
Saria 2004 2 8 39 16.76 32.65 12.996 -999 0 3.67 -999 377.7
Saria 2004 2 9 40 15.78 33.54 14.112 -999 0 3.34 -999 377.7
Saria 2004 2 10 41 16.64 36.04 16.704 -999 0 3.07 -999 377.7
Saria 2004 2 11 42 17.26 36.7 18.9 -999 0 3.03 -999 377.7
Saria 2004 2 12 43 18.16 38.03 21.888 -999 0 3.75 -999 377.7
Saria 2004 2 13 44 18.69 38.21 21.6 -999 0 4.02 -999 377.7
Saria 2004 2 14 45 18.57 38.66 20.268 -999 0 3.39 -999 377.7
Saria 2004 2 15 46 19.4 37.67 16.524 -999 0 3.41 -999 377.7
Saria 2004 2 16 47 20.26 37 16.956 -999 0 3.25 -999 377.7
Saria 2004 2 17 48 19.94 37.69 18.18 -999 0 3.95 -999 377.7
Saria 2004 2 18 49 20.3 37.8 19.584 -999 0 3.73 -999 377.7
Saria 2004 2 19 50 21.13 37.36 19.332 -999 0 2.96 -999 377.7
Saria 2004 2 20 51 19.9 36.2 19.116 -999 0 2.24 -999 377.7
Saria 2004 2 21 52 22.51 39.08 18.756 -999 0 2.3 -999 377.7
Saria 2004 2 22 53 19.52 39.22 21.06 -999 0 3.59 -999 377.7
Saria 2004 2 23 54 19.51 38.61 19.656 -999 0 3.65 -999 377.7
Saria 2004 2 24 55 18.57 37.89 21.024 -999 0 4.08 -999 377.7
Saria 2004 2 25 56 15.8 38.55 22.032 -999 0 3 -999 377.7
Saria 2004 2 26 57 18.39 38.78 19.98 -999 0.29 1.8 -999 377.7
Saria 2004 2 27 58 21.25 38.91 20.088 -999 0.08 2 -999 377.7
Saria 2004 2 28 59 23.3 39.45 19.62 -999 0.25 2.25 -999 377.7
Saria 2004 2 29 60 25.73 40.27 17.1 -999 0.09 1.37 -999 377.7
Saria 2004 3 1 61 23.91 39.3 20.628 -999 0 3.71 -999 377.7
Saria 2004 3 2 62 22.3 37.83 19.368 -999 0 2.95 -999 377.7
Saria 2004 3 3 63 22.05 37.47 24.444 -999 0 3.25 -999 377.7
Saria 2004 3 4 64 18.33 30.05 15.804 -999 0 5.1 -999 377.7
Saria 2004 3 5 65 15.95 32.03 24.444 -999 0 4.98 -999 377.7
Saria 2004 3 6 66 14.26 32.01 21.456 -999 0 4.8 -999 377.7
Saria 2004 3 7 67 12.97 32.88 21.672 -999 0 3.68 -999 377.7
Saria 2004 3 8 68 14.8 34.44 20.952 -999 0 3.55 -999 377.7
Saria 2004 3 9 69 18.07 36.25 19.224 -999 0 3.44 -999 377.7
Saria 2004 3 10 70 22.11 35.9 20.808 -999 0 3.3 -999 377.7
Saria 2004 3 11 71 20.55 37.7 19.44 -999 0 3.48 -999 377.7
Saria 2004 3 12 72 20.4 38.93 22.104 -999 0 3.39 -999 377.7
Saria 2004 3 13 73 19.64 39.4 24.336 -999 0 3.77 -999 377.7
Saria 2004 3 14 74 19.33 39.43 25.704 -999 0 3.69 -999 377.7
Saria 2004 3 15 75 19.05 40.06 25.812 -999 0 3.28 -999 377.7
Saria 2004 3 16 76 19.61 39.3 19.692 -999 0 3.26 -999 377.7
Saria 2004 3 17 77 21.23 35.07 9.504 -999 0 2.97 -999 377.7
Saria 2004 3 18 78 20.76 39.12 17.712 -999 0 3.67 -999 377.7
Saria 2004 3 19 79 20.3 38.3 17.352 -999 0 3.45 -999 377.7
Saria 2004 3 20 80 20.43 37.19 16.56 -999 0 3.46 -999 377.7
Saria 2004 3 21 81 22.07 38.55 14.904 -999 0 3.36 -999 377.7
Saria 2004 3 22 82 22.15 38.95 13.86 -999 0 3.18 -999 377.7
Saria 2004 3 23 83 22.55 37.57 14.472 -999 0 3.07 -999 377.7
Saria 2004 3 24 84 22.62 40.05 17.856 -999 0 2.99 -999 377.7
Saria 2004 3 25 85 21.12 41.5 23.4 -999 0 3.17 -999 377.7
Saria 2004 3 26 86 21.7 42.27 24.228 -999 0 3.3 -999 377.7
Saria 2004 3 27 87 22.4 42.35 21.996 -999 0 2.36 -999 377.7
Saria 2004 3 28 88 24.46 41.97 20.124 -999 0.37 2.52 -999 377.7
Saria 2004 3 29 89 29.77 41.66 20.052 -999 0.38 3.15 -999 377.7
Saria 2004 3 30 90 29.4 40.89 18.756 -999 0.46 3.84 -999 377.7
Saria 2004 3 31 91 27.19 38.73 15.912 -999 0.01 3.38 -999 377.7
Saria 2004 4 1 92 26.31 39.83 20.844 -999 0.15 1.8 -999 377.7
Saria 2004 4 2 93 25.7 40.23 22.068 -999 0 3.95 -999 377.7
Saria 2004 4 3 94 26.87 41.62 24.912 -999 0 4.78 -999 377.7
Saria 2004 4 4 95 24.94 41.78 27.18 -999 0 4.16 -999 377.7
Saria 2004 4 5 96 21.4 40.61 27.972 -999 0 1.93 -999 377.7
Saria 2004 4 6 97 22.51 41.06 27.18 -999 0 1.8 -999 377.7
Saria 2004 4 7 98 25.03 35.76 25.308 -999 2.3 2.9 -999 377.7
Saria 2004 4 8 99 25.72 37.97 21.276 -999 4.06 3.06 -999 377.7
Saria 2004 4 9 100 25.23 34.54 16.488 -999 2.04 2.88 -999 377.7
Saria 2004 4 10 101 24.96 38.23 17.532 -999 0.69 1.88 -999 377.7
Saria 2004 4 11 102 26.66 36.65 11.268 -999 4.91 1.08 -999 377.7
Saria 2004 4 12 103 25.26 40.15 24.624 -999 0 2.34 -999 377.7
Saria 2004 4 13 104 26.01 41.28 23.688 -999 0 1.69 -999 377.7
Saria 2004 4 14 105 27.25 41.11 20.808 -999 0.92 4.12 -999 377.7
Saria 2004 4 15 106 27.19 37.44 22.176 -999 1.39 3.44 -999 377.7
Saria 2004 4 16 107 26.27 38.38 15.228 -999 3.16 1.98 -999 377.7
Saria 2004 4 17 108 26.69 40.52 20.34 -999 0 1.91 -999 377.7
Saria 2004 4 18 109 26.65 40.59 18.576 -999 0.99 2.79 -999 377.7
Saria 2004 4 19 110 26.79 37.17 18.828 -999 0.14 3.77 -999 377.7
Saria 2004 4 20 111 27.49 37.9 22.32 -999 0.25 3.1 -999 377.7
Saria 2004 4 21 112 25.32 38.14 22.428 -999 0.11 2.93 -999 377.7
Saria 2004 4 22 113 27.29 39.69 23.328 -999 0.04 2.99 -999 377.7
Saria 2004 4 23 114 26 40.56 25.092 -999 0 3.3 -999 377.7
Saria 2004 4 24 115 26.31 41.51 24.804 -999 0.15 3.09 -999 377.7
Saria 2004 4 25 116 28 41.43 20.808 -999 0.31 3.7 -999 377.7
Saria 2004 4 26 117 28.03 39.41 23.112 -999 1.18 3.95 -999 377.7
Saria 2004 4 27 118 26.82 35.49 11.88 -999 2.11 5.36 -999 377.7
Saria 2004 4 28 119 24.33 39.1 26.028 -999 0.55 3.79 -999 377.7
Saria 2004 4 29 120 26.21 35.75 19.62 -999 11.2 3.59 -999 377.7
Saria 2004 4 30 121 24.95 35.39 23.832 -999 0.38 2.14 -999 377.7
Saria 2004 5 1 122 24.9 40.69 24.912 -999 0 1.65 -999 377.7
Saria 2004 5 2 123 26.32 41.14 21.672 -999 0.34 2.52 -999 377.7
Saria 2004 5 3 124 26.43 41.9 26.064 -999 0.25 3.15 -999 377.7
Saria 2004 5 4 125 27.73 40.15 23.724 -999 1.45 3.7 -999 377.7
Saria 2004 5 5 126 27.99 36.31 18.864 -999 0.89 3.26 -999 377.7
Saria 2004 5 6 127 25.21 40.14 20.376 -999 0 2.31 -999 377.7
Saria 2004 5 7 128 25.45 40.08 24.588 -999 0 2.95 -999 377.7
Saria 2004 5 8 129 26.33 42.13 26.64 -999 0.01 2.56 -999 377.7
Saria 2004 5 9 130 23.66 42.42 27.36 -999 0.08 2.22 -999 377.7
Saria 2004 5 10 131 24.08 41.33 25.956 -999 1.36 2.55 -999 377.7
Saria 2004 5 11 132 28.58 41.58 24.732 -999 1.02 2.71 -999 377.7
Saria 2004 5 12 133 27.67 41.02 24.012 -999 1.16 3.67 -999 377.7
Saria 2004 5 13 134 27.09 39.8 23.256 -999 2.81 3.26 -999 377.7
Saria 2004 5 14 135 26.47 39.3 24.3 -999 1.37 3.16 -999 377.7
Saria 2004 5 15 136 26.98 39.15 17.82 -999 0.28 3.06 -999 377.7
Saria 2004 5 16 137 26.05 40.35 24.372 -999 0.03 2.55 -999 377.7
Saria 2004 5 17 138 27.34 41.8 24.948 -999 0.78 2.45 -999 377.7
Saria 2004 5 18 139 28.51 40.13 23.616 -999 4.83 3.73 -999 377.7
Saria 2004 5 19 140 27.19 36.76 16.488 -999 6.95 3.91 -999 377.7
Saria 2004 5 20 141 26.04 33.95 18.108 -999 0.21 3.53 -999 377.7
Saria 2004 5 21 142 24.94 36.45 23.796 -999 1.49 3.56 -999 377.7
Saria 2004 5 22 143 25.82 39.19 24.192 -999 2.8 3.09 -999 377.7
Saria 2004 5 23 144 25.87 34.76 13.644 -999 2.7 2.45 -999 377.7
Saria 2004 5 24 145 26.03 36.69 23.436 -999 0 2.15 -999 377.7
Saria 2004 5 25 146 25.94 39.14 23.724 -999 0.02 2.78 -999 377.7
Saria 2004 5 26 147 25.55 37.87 20.844 -999 3.73 3.94 -999 377.7
Saria 2004 5 27 148 24.51 37.05 22.392 -999 0.03 3.19 -999 377.7
Saria 2004 5 28 149 26.06 35.12 25.344 -999 4.65 2.7 -999 377.7
Saria 2004 5 29 150 25.04 38.4 16.668 -999 1.33 2.19 -999 377.7
Saria 2004 5 30 151 25.45 39.69 20.952 -999 0.01 2.48 -999 377.7
Saria 2004 5 31 152 25.37 38.53 23.22 -999 1.87 3.5 -999 377.7
Saria 2004 6 1 153 24.99 36.15 21.96 -999 8.41 3.81 -999 377.7
Saria 2004 6 2 154 25.12 31.52 11.016 -999 1.02 2.59 -999 377.7
Saria 2004 6 3 155 23.64 38.12 21.024 -999 0.01 2.02 -999 377.7
Saria 2004 6 4 156 25.07 37.95 17.496 -999 1.78 2.71 -999 377.7
Saria 2004 6 5 157 25.94 34.52 22.104 -999 3.02 3.33 -999 377.7
Saria 2004 6 6 158 23.93 37.72 22.428 -999 0 3.1 -999 377.7
Saria 2004 6 7 159 25.19 35.51 19.368 -999 0.88 1.63 -999 377.7
Saria 2004 6 8 160 25.65 35.3 22.32 -999 5.54 1.88 -999 377.7
Saria 2004 6 9 161 24.48 37 15.948 -999 2.87 2.22 -999 377.7
Saria 2004 6 10 162 25.71 35.08 23.76 -999 0.13 2.94 -999 377.7
Saria 2004 6 11 163 24.73 38.73 25.38 -999 1.2 2.98 -999 377.7
Saria 2004 6 12 164 24.87 36.96 20.916 -999 4.08 2.93 -999 377.7
Saria 2004 6 13 165 23.86 37.87 24.444 -999 1.01 2.44 -999 377.7
Saria 2004 6 14 166 24.19 37.12 23.76 -999 5.16 2.18 -999 377.7
Saria 2004 6 15 167 24.64 38.54 18.216 -999 0.4 2.95 -999 377.7
Saria 2004 6 16 168 24.46 38.1 24.372 -999 0.05 3.41 -999 377.7
Saria 2004 6 17 169 25.49 37.19 19.692 -999 1.03 2.96 -999 377.7
Saria 2004 6 18 170 25.34 37.57 25.38 -999 0.27 3.12 -999 377.7
Saria 2004 6 19 171 24.92 37.66 25.38 -999 0.39 3.01 -999 377.7
Saria 2004 6 20 172 24.82 39.28 25.776 -999 2.2 2.88 -999 377.7
Saria 2004 6 21 173 25.89 35.02 23.472 -999 5 2.71 -999 377.7
Saria 2004 6 22 174 24.8 36 21.384 -999 3.6 2.1 -999 377.7
Saria 2004 6 23 175 24.57 33.62 24.66 -999 2.36 2.7 -999 377.7
Saria 2004 6 24 176 24.37 36.48 21.852 -999 3.22 2.73 -999 377.7
Saria 2004 6 25 177 23.73 36.64 24.12 -999 1.97 3.05 -999 377.7
Saria 2004 6 26 178 24.69 37.35 23.4 -999 1 2.07 -999 377.7
Saria 2004 6 27 179 24.38 39.24 23.112 -999 0.05 2.03 -999 377.7
Saria 2004 6 28 180 25.13 38.6 20.016 -999 0.97 2.95 -999 377.7
Saria 2004 6 29 181 25.52 34.7 22.212 -999 1.5 2.49 -999 377.7
Saria 2004 6 30 182 24.59 34.69 18.828 -999 4.69 2.13 -999 377.7
Saria 2004 7 1 183 23.99 38.37 25.452 -999 0.02 2.94 -999 377.7
Saria 2004 7 2 184 24.28 36.5 24.3 -999 2.97 2.65 -999 377.7
Saria 2004 7 3 185 24.13 32.03 12.456 -999 9.01 1.75 -999 377.7
Saria 2004 7 4 186 22.87 36.88 25.236 -999 0.61 2.66 -999 377.7
Saria 2004 7 5 187 23.74 37.86 21.312 -999 0.64 2.23 -999 377.7
Saria 2004 7 6 188 24.56 34.02 24.228 -999 19.15 2.94 -999 377.7
Saria 2004 7 7 189 24.2 31.45 10.836 -999 2.64 2.88 -999 377.7
Saria 2004 7 8 190 22.91 33.27 20.556 -999 0.83 2.51 -999 377.7
Saria 2004 7 9 191 22.48 35.5 24.66 -999 9.47 2.09 -999 377.7
Saria 2004 7 10 192 23.29 31.85 23.04 -999 8.86 2.36 -999 377.7
Saria 2004 7 11 193 23 29.48 15.264 -999 10.15 2.3 -999 377.7
Saria 2004 7 12 194 21.94 34.53 21.42 -999 0.71 2.31 -999 377.7
Saria 2004 7 13 195 21.93 37.42 25.992 -999 0.85 1.77 -999 377.7
Saria 2004 7 14 196 24.7 35.5 19.656 -999 4.99 2.73 -999 377.7
Saria 2004 7 15 197 23.69 34.79 23.508 -999 5.23 3.07 -999 377.7
Saria 2004 7 16 198 23.23 34.75 22.464 -999 2.9 2.21 -999 377.7
Saria 2004 7 17 199 24.16 31.66 6.624 -999 15.4 2.46 -999 377.7
Saria 2004 7 18 200 23.24 30.38 19.332 -999 1.51 1.91 -999 377.7
Saria 2004 7 19 201 22.58 34.8 20.916 -999 2.4 2.35 -999 377.7
Saria 2004 7 20 202 22.17 34.11 19.368 -999 2.57 1.85 -999 377.7
Saria 2004 7 21 203 23.29 28.1 18.18 -999 13.43 1.16 -999 377.7
Saria 2004 7 22 204 22.12 29.96 20.736 -999 9.91 1.98 -999 377.7
Saria 2004 7 23 205 21.94 30.39 19.8 -999 5.81 1.67 -999 377.7
Saria 2004 7 24 206 22.07 30.88 12.564 -999 3.08 1.65 -999 377.7
Saria 2004 7 25 207 22.18 29.93 21.312 -999 4.59 2.59 -999 377.7
Saria 2004 7 26 208 21.21 32.67 23.184 -999 1.12 2.59 -999 377.7
Saria 2004 7 27 209 21.8 32.94 12.204 -999 6.8 1.51 -999 377.7
Saria 2004 7 28 210 21.78 32.98 25.236 -999 8.3 1.61 -999 377.7
Saria 2004 7 29 211 22.35 32.19 22.572 -999 4.01 1.98 -999 377.7
Saria 2004 7 30 212 21.78 32.31 23.472 -999 2.65 2.12 -999 377.7
Saria 2004 7 31 213 22.47 33.4 23.868 -999 3.93 2.02 -999 377.7
Saria 2004 8 1 214 22.6 32.16 24.3 -999 10.19 1.83 -999 377.7
Saria 2004 8 2 215 22.12 31.42 10.98 -999 19.79 2.09 -999 377.7
Saria 2004 8 3 216 22.15 33.77 22.896 -999 0.57 1.92 -999 377.7
Saria 2004 8 4 217 21.69 33.61 22.68 -999 1.76 2.01 -999 377.7
Saria 2004 8 5 218 21.8 32.71 21.744 -999 2.66 2.31 -999 377.7
Saria 2004 8 6 219 22.68 32.16 21.492 -999 6.36 2.24 -999 377.7
Saria 2004 8 7 220 22.65 31.66 23.256 -999 8.05 1.76 -999 377.7
Saria 2004 8 8 221 22.93 33.35 12.24 -999 1.84 1.71 -999 377.7
Saria 2004 8 9 222 22.42 33.14 24.948 -999 0.15 2.75 -999 377.7
Saria 2004 8 10 223 22.76 33.15 19.26 -999 5.25 2.37 -999 377.7
Saria 2004 8 11 224 22.84 29.94 17.46 -999 2.95 2.2 -999 377.7
Saria 2004 8 12 225 21.55 30.92 19.296 -999 4.84 2.08 -999 377.7
Saria 2004 8 13 226 21.31 34.23 25.596 -999 0.36 2.22 -999 377.7
Saria 2004 8 14 227 22.76 31.62 23.004 -999 10.2 2.05 -999 377.7
Saria 2004 8 15 228 23.05 32.63 22.032 -999 8.89 1.78 -999 377.7
Saria 2004 8 16 229 22.58 32.52 9.972 -999 4.04 1.96 -999 377.7
Saria 2004 8 17 230 22.58 33.46 19.692 -999 2.84 1.81 -999 377.7
Saria 2004 8 18 231 22.65 31.93 23.652 -999 3.68 1.7 -999 377.7
Saria 2004 8 19 232 23.75 32.69 15.12 -999 4.03 1.23 -999 377.7
Saria 2004 8 20 233 22.54 32.75 19.152 -999 5.08 1.39 -999 377.7
Saria 2004 8 21 234 23.01 31.87 22.5 -999 3.84 1.86 -999 377.7
Saria 2004 8 22 235 22.95 32.34 21.744 -999 2.89 1.73 -999 377.7
Saria 2004 8 23 236 23.64 30.73 11.556 -999 9.81 0.68 -999 377.7
Saria 2004 8 24 237 22.95 29.7 20.232 -999 9.34 2.41 -999 377.7
Saria 2004 8 25 238 22.08 31.62 24.912 -999 2.39 1.14 -999 377.7
Saria 2004 8 26 239 23.55 34.27 20.844 -999 1.19 1.44 -999 377.7
Saria 2004 8 27 240 22.94 29.51 15.912 -999 1.89 1.62 -999 377.7
Saria 2004 8 28 241 21.9 33.1 19.584 -999 1.26 1.53 -999 377.7
Saria 2004 8 29 242 22.19 33.43 25.092 -999 3.51 2 -999 377.7
Saria 2004 8 30 243 21.15 34.54 25.416 -999 5.99 1.95 -999 377.7
Saria 2004 8 31 244 22.5 32.01 21.924 -999 0.5 1.53 -999 377.7
Saria 2004 9 1 245 22.03 34.71 22.176 -999 3.84 2.06 -999 377.7
Saria 2004 9 2 246 21.13 33.48 11.772 -999 11.43 1.62 -999 377.7
Saria 2004 9 3 247 21.76 33.8 24.984 -999 1.6 1.97 -999 377.7
Saria 2004 9 4 248 21.52 35.65 17.028 -999 5.01 1.67 -999 377.7
Saria 2004 9 5 249 21.4 35.19 25.74 -999 1.89 2.06 -999 377.7
Saria 2004 9 6 250 22.1 31.51 24.084 -999 12.61 1.91 -999 377.7
Saria 2004 9 7 251 22.19 31.79 11.916 -999 4.29 1.64 -999 377.7
Saria 2004 9 8 252 22.03 31.73 21.528 -999 4.01 2.03 -999 377.7
Saria 2004 9 9 253 22.48 33.38 16.704 -999 0.25 1.47 -999 377.7
Saria 2004 9 10 254 22.69 33.07 23.256 -999 2.02 1.54 -999 377.7
Saria 2004 9 11 255 22.46 35.09 20.952 -999 3.77 1.23 -999 377.7
Saria 2004 9 12 256 23 31.74 13.788 -999 2.79 2.37 -999 377.7
Saria 2004 9 13 257 22.26 32.33 21.888 -999 1.24 1.42 -999 377.7
Saria 2004 9 14 258 22.4 34.58 19.44 -999 0.02 2.21 -999 377.7
Saria 2004 9 15 259 21.78 31.62 20.736 -999 0.53 1.91 -999 377.7
Saria 2004 9 16 260 21.34 35.92 19.476 -999 3.86 1.77 -999 377.7
Saria 2004 9 17 261 23.34 33.68 20.448 -999 0.27 1.47 -999 377.7
Saria 2004 9 18 262 22.22 36.72 24.768 -999 0.26 1.95 -999 377.7
Saria 2004 9 19 263 22.72 32.7 23.832 -999 7.38 1.85 -999 377.7
Saria 2004 9 20 264 23.04 36.65 14.472 -999 0.02 2.57 -999 377.7
Saria 2004 9 21 265 22.08 34.91 20.232 -999 2.24 2.09 -999 377.7
Saria 2004 9 22 266 21.92 35.81 24.84 -999 2.53 1.97 -999 377.7
Saria 2004 9 23 267 23.19 34.44 18.756 -999 1.08 2.46 -999 377.7
Saria 2004 9 24 268 22.68 34.33 23.904 -999 1.09 2.05 -999 377.7
Saria 2004 9 25 269 21.78 36.45 24.444 -999 0.58 1.8 -999 377.7
Saria 2004 9 26 270 21.94 37.01 21.672 -999 1.94 1.66 -999 377.7
Saria 2004 9 27 271 23.18 35.15 25.128 -999 0.1 1.67 -999 377.7
Saria 2004 9 28 272 22.4 39.15 25.308 -999 0.08 1.54 -999 377.7
Saria 2004 9 29 273 22.9 38.32 24.768 -999 1.48 2.14 -999 377.7
Saria 2004 9 30 274 23.75 32.92 20.448 -999 1.71 2.34 -999 377.7
Saria 2004 10 1 275 23.06 36.22 24.876 -999 0.55 2.49 -999 377.7
Saria 2004 10 2 276 22.68 36.9 23.04 -999 0 1.8 -999 377.7
Saria 2004 10 3 277 23.16 37.81 24.516 -999 2.25 1.67 -999 377.7
Saria 2004 10 4 278 23.05 36.89 22.788 -999 6.61 2.1 -999 377.7
Saria 2004 10 5 279 23.57 33.91 21.996 -999 2.23 2.54 -999 377.7
Saria 2004 10 6 280 22.34 34.64 21.276 -999 1.56 1.91 -999 377.7
Saria 2004 10 7 281 23.76 34.51 23.94 -999 0 1.52 -999 377.7
Saria 2004 10 8 282 23.05 38.61 24.48 -999 0 1.97 -999 377.7
Saria 2004 10 9 283 23.65 38.12 23.976 -999 0.01 2.17 -999 377.7
Saria 2004 10 10 284 23.26 38.95 23.616 -999 0 2.23 -999 377.7
Saria 2004 10 11 285 23.74 39.55 21.708 -999 0.03 2.51 -999 377.7
Saria 2004 10 12 286 22.96 37.9 23.508 -999 0 2.12 -999 377.7
Saria 2004 10 13 287 19.47 38.68 24.336 -999 0 2.38 -999 377.7
Saria 2004 10 14 288 23.03 37.73 21.492 -999 0.21 2.25 -999 377.7
Saria 2004 10 15 289 24.36 38.5 22.572 -999 0 2.26 -999 377.7
Saria 2004 10 16 290 22.92 38.62 23.976 -999 0 1.75 -999 377.7
Saria 2004 10 17 291 21.6 38.69 23.148 -999 0 1.98 -999 377.7
Saria 2004 10 18 292 22.74 39.03 20.628 -999 0 1.96 -999 377.7
Saria 2004 10 19 293 21.25 39.86 24.768 -999 0 1.96 -999 377.7
Saria 2004 10 20 294 20.57 39.52 24.984 -999 0 1.36 -999 377.7
Saria 2004 10 21 295 22.52 38.08 21.636 -999 0.01 2.3 -999 377.7
Saria 2004 10 22 296 23.57 38.23 19.98 -999 0.02 1.92 -999 377.7
Saria 2004 10 23 297 22.88 37.48 20.412 -999 0 1.72 -999 377.7
Saria 2004 10 24 298 23 37.92 19.836 -999 0 2.06 -999 377.7
Saria 2004 10 25 299 21.58 38.26 20.736 -999 0 2.06 -999 377.7
Saria 2004 10 26 300 23.38 37.76 18.504 -999 0.03 1.59 -999 377.7
Saria 2004 10 27 301 24.2 38.46 21.996 -999 0.01 1.74 -999 377.7
Saria 2004 10 28 302 24 38.93 22.14 -999 0 1.51 -999 377.7
Saria 2004 10 29 303 24.61 38.72 22.68 -999 0 1.83 -999 377.7
Saria 2004 10 30 304 22.77 38.88 21.708 -999 0 2.41 -999 377.7
Saria 2004 10 31 305 23.37 36.93 20.664 -999 0.05 2.1 -999 377.7
Saria 2004 11 1 306 25.12 37.46 21.06 -999 1.01 1.87 -999 377.7
Saria 2004 11 2 307 25.2 36.34 14.76 -999 3.18 1.9 -999 377.7
Saria 2004 11 3 308 23.2 37.48 22.356 -999 0 1.86 -999 377.7
Saria 2004 11 4 309 20.19 37.06 23.04 -999 0 1.7 -999 377.7
Saria 2004 11 5 310 19.66 37.49 21.996 -999 0.01 1.44 -999 377.7
Saria 2004 11 6 311 22.76 34.97 16.74 -999 0.03 2.08 -999 377.7
Saria 2004 11 7 312 22.18 36.9 22.68 -999 0 2.41 -999 377.7
Saria 2004 11 8 313 18.73 37.84 22.284 -999 0 2.72 -999 377.7
Saria 2004 11 9 314 17.78 37.88 23.004 -999 0 2.41 -999 377.7
Saria 2004 11 10 315 17.14 37.71 23.508 -999 0 2.14 -999 377.7
Saria 2004 11 11 316 16.86 37.58 23.112 -999 0 2.08 -999 377.7
Saria 2004 11 12 317 19.5 37.43 22.68 -999 0 0.96 -999 377.7
Saria 2004 11 13 318 20.17 36.81 21.24 -999 0.02 1.67 -999 377.7
Saria 2004 11 14 319 23.33 35.8 17.316 -999 0 2.4 -999 377.7
Saria 2004 11 15 320 21.65 37.3 20.124 -999 0 3.66 -999 377.7
Saria 2004 11 16 321 19.76 38.19 22.356 -999 0 2.93 -999 377.7
Saria 2004 11 17 322 18.63 38.03 22.32 -999 0 3.25 -999 377.7
Saria 2004 11 18 323 18.44 37.4 20.34 -999 0 3.16 -999 377.7
Saria 2004 11 19 324 19.07 37.56 20.268 -999 0 2.31 -999 377.7
Saria 2004 11 20 325 21.11 36.72 18.54 -999 0 2.48 -999 377.7
Saria 2004 11 21 326 19.08 36.32 16.488 -999 0 2.92 -999 377.7
Saria 2004 11 22 327 18.27 36.85 21.888 -999 0 3.14 -999 377.7
Saria 2004 11 23 328 17.76 36.19 22.32 -999 0 3.24 -999 377.7
Saria 2004 11 24 329 16.4 34.95 20.124 -999 0 2.66 -999 377.7
Saria 2004 11 25 330 16.22 34.67 17.244 -999 0 2.54 -999 377.7
Saria 2004 11 26 331 15.83 34 15.696 -999 0 2.44 -999 377.7
Saria 2004 11 27 332 16.3 35.37 18.684 -999 0 2.62 -999 377.7
Saria 2004 11 28 333 16.42 35.87 20.772 -999 0 3.03 -999 377.7
Saria 2004 11 29 334 17.94 34.8 17.388 -999 0 3.14 -999 377.7
Saria 2004 11 30 335 16.84 35.33 18.144 -999 0 3.02 -999 377.7
Saria 2004 12 1 336 16.98 36.23 20.736 -999 0 2.88 -999 377.7
Saria 2004 12 2 337 16.4 36.45 21.096 -999 0 3.18 -999 377.7
Saria 2004 12 3 338 16.87 36.08 19.764 -999 0 3.3 -999 377.7
Saria 2004 12 4 339 15.19 35.48 19.908 -999 0 2.61 -999 377.7
Saria 2004 12 5 340 14.98 35.48 19.944 -999 0 2.3 -999 377.7
Saria 2004 12 6 341 15.43 35.89 18.756 -999 0 2.4 -999 377.7
Saria 2004 12 7 342 17.91 36.39 19.98 -999 0 2.02 -999 377.7
Saria 2004 12 8 343 17.92 36.55 21.168 -999 0 1.88 -999 377.7
Saria 2004 12 9 344 14.83 35.82 20.916 -999 0 2.24 -999 377.7
Saria 2004 12 10 345 15.57 36.06 20.88 -999 0 2.12 -999 377.7
Saria 2004 12 11 346 15.58 36.59 21.276 -999 0 2.02 -999 377.7
Saria 2004 12 12 347 16.31 36.48 20.376 -999 0 2.37 -999 377.7
Saria 2004 12 13 348 18.1 37.45 14.292 -999 0 2.77 -999 377.7
Saria 2004 12 14 349 18.79 37 20.736 -999 0 2.87 -999 377.7
Saria 2004 12 15 350 17.55 37.08 20.628 -999 0 3.03 -999 377.7
Saria 2004 12 16 351 17.8 36.12 19.476 -999 0 3.29 -999 377.7
Saria 2004 12 17 352 17.47 35.51 17.028 -999 0 2.95 -999 377.7
Saria 2004 12 18 353 17.12 35.03 16.524 -999 0 3.08 -999 377.7
Saria 2004 12 19 354 17.28 35.38 15.588 -999 0 2.65 -999 377.7
Saria 2004 12 20 355 17.73 37.09 21.564 -999 0 2.52 -999 377.7
Saria 2004 12 21 356 17.66 37.52 20.952 -999 0 2.35 -999 377.7
Saria 2004 12 22 357 18.03 37.81 20.232 -999 0 2.22 -999 377.7
Saria 2004 12 23 358 18.34 37.99 20.808 -999 0 2.49 -999 377.7
Saria 2004 12 24 359 18.4 37.9 20.952 -999 0 2.84 -999 377.7
Saria 2004 12 25 360 19.31 37.55 21.564 -999 0 2.65 -999 377.7
Saria 2004 12 26 361 19.43 37.17 19.332 -999 0 2.67 -999 377.7
Saria 2004 12 27 362 18.33 36.58 18.792 -999 0 2.18 -999 377.7
Saria 2004 12 28 363 20.3 36.87 19.044 -999 0 3.34 -999 377.7
Saria 2004 12 29 364 19.49 36.26 19.908 -999 0 4.08 -999 377.7
Saria 2004 12 30 365 18.45 35.3 20.556 -999 0 3.43 -999 377.7
Saria 2004 12 31 366 17.16 33.9 21.6 -999 0 3.7 -999 377.7
