Saria 2018 1 1 1 13.91 31.62 18.504 -999 0 4.22 -999 408.72
Saria 2018 1 2 2 14.23 29.92 15.768 -999 0 4.02 -999 408.72
Saria 2018 1 3 3 14.49 29.15 14.328 -999 0 3.66 -999 408.72
Saria 2018 1 4 4 15.06 31.07 20.124 -999 0 4.01 -999 408.72
Saria 2018 1 5 5 11.67 31.12 21.132 -999 0 3.4 -999 408.72
Saria 2018 1 6 6 11.92 32.26 19.044 -999 0 2.67 -999 408.72
Saria 2018 1 7 7 12.1 33.58 18 -999 0 2.16 -999 408.72
Saria 2018 1 8 8 14.98 32.08 18.576 -999 0 2.48 -999 408.72
Saria 2018 1 9 9 14.09 33.18 19.872 -999 0 3.91 -999 408.72
Saria 2018 1 10 10 13.91 31.21 20.268 -999 0 3.8 -999 408.72
Saria 2018 1 11 11 12.44 31.61 16.848 -999 0 3.79 -999 408.72
Saria 2018 1 12 12 12.24 31.87 22.356 -999 0 3.47 -999 408.72
Saria 2018 1 13 13 11.52 31.47 22.608 -999 0 3.7 -999 408.72
Saria 2018 1 14 14 11.48 32.03 22.644 -999 0 3.45 -999 408.72
Saria 2018 1 15 15 12.2 32.92 22.104 -999 0 3.03 -999 408.72
Saria 2018 1 16 16 13.31 34.05 19.152 -999 0 2.84 -999 408.72
Saria 2018 1 17 17 15.41 33.65 16.272 -999 0 3.11 -999 408.72
Saria 2018 1 18 18 16.7 34.65 19.44 -999 0 3.52 -999 408.72
Saria 2018 1 19 19 13.61 33.79 23.616 -999 0 3.72 -999 408.72
Saria 2018 1 20 20 12.51 33.45 21.888 -999 0 3.33 -999 408.72
Saria 2018 1 21 21 13.1 32.64 22.032 -999 0 4.02 -999 408.72
Saria 2018 1 22 22 13.68 32.55 21.492 -999 0 3.91 -999 408.72
Saria 2018 1 23 23 12.78 32.28 21.888 -999 0 3.9 -999 408.72
Saria 2018 1 24 24 14.08 31.21 22.32 -999 0 3.61 -999 408.72
Saria 2018 1 25 25 12.34 31.85 21.96 -999 0 3.09 -999 408.72
Saria 2018 1 26 26 13.32 32.76 22.068 -999 0 3.13 -999 408.72
Saria 2018 1 27 27 14.94 32.88 14.796 -999 0 3.12 -999 408.72
Saria 2018 1 28 28 16.97 33.87 13.86 -999 0 2.52 -999 408.72
Saria 2018 1 29 29 18.57 33.27 17.172 -999 0 3.15 -999 408.72
Saria 2018 1 30 30 18.03 33.12 16.416 -999 0 4.25 -999 408.72
Saria 2018 1 31 31 16.07 33.02 17.424 -999 0 3.55 -999 408.72
Saria 2018 2 1 32 15.34 34.2 17.136 -999 0 2.7 -999 408.72
Saria 2018 2 2 33 17.17 35.69 14.328 -999 0 2.38 -999 408.72
Saria 2018 2 3 34 20.6 35.9 10.296 -999 0 2.01 -999 408.72
Saria 2018 2 4 35 18.48 35.24 16.308 -999 0 3.77 -999 408.72
Saria 2018 2 5 36 20 36.98 21.024 -999 0 3.95 -999 408.72
Saria 2018 2 6 37 19.82 36.91 21.492 -999 0 3.95 -999 408.72
Saria 2018 2 7 38 18.44 35.86 22.716 -999 0 4.2 -999 408.72
Saria 2018 2 8 39 18.16 36.46 23.508 -999 0 3.97 -999 408.72
Saria 2018 2 9 40 18.14 34.92 22.716 -999 0 4.28 -999 408.72
Saria 2018 2 10 41 16.33 34.4 22.716 -999 0 3.66 -999 408.72
Saria 2018 2 11 42 15.89 32.56 22.464 -999 0 4.25 -999 408.72
Saria 2018 2 12 43 15.29 32.21 23.508 -999 0 4.12 -999 408.72
Saria 2018 2 13 44 15.19 34.51 23.472 -999 0 3.3 -999 408.72
Saria 2018 2 14 45 15.69 36.33 23.004 -999 0 3.08 -999 408.72
Saria 2018 2 15 46 17.52 37.58 24.048 -999 0 3.72 -999 408.72
Saria 2018 2 16 47 18.21 38.4 24.084 -999 0 3.59 -999 408.72
Saria 2018 2 17 48 18.89 38.94 23.688 -999 0 3.22 -999 408.72
Saria 2018 2 18 49 19.47 39.1 23.112 -999 0 3.15 -999 408.72
Saria 2018 2 19 50 19.06 38.82 21.06 -999 0 2.56 -999 408.72
Saria 2018 2 20 51 22.94 38.89 20.196 -999 0.06 2.76 -999 408.72
Saria 2018 2 21 52 21.1 30.62 19.44 -999 9.11 3.02 -999 408.72
Saria 2018 2 22 53 20.84 36.87 22.968 -999 0 1.59 -999 408.72
Saria 2018 2 23 54 22.33 38.18 23.544 -999 0 2.18 -999 408.72
Saria 2018 2 24 55 23.87 29.99 10.26 -999 0.28 3.75 -999 408.72
Saria 2018 2 25 56 22.65 33.82 19.476 -999 0 2.23 -999 408.72
Saria 2018 2 26 57 22.44 37.06 21.744 -999 0 2.18 -999 408.72
Saria 2018 2 27 58 22.3 38.43 20.772 -999 0 2.05 -999 408.72
Saria 2018 2 28 59 22.39 39.15 23.112 -999 0 2.91 -999 408.72
Saria 2018 3 1 60 21.52 40.1 24.732 -999 0 3.34 -999 408.72
Saria 2018 3 2 61 21.26 40.72 26.316 -999 0 4.02 -999 408.72
Saria 2018 3 3 62 21.43 40.68 26.244 -999 0 3.34 -999 408.72
Saria 2018 3 4 63 21.83 40.66 26.244 -999 0 3.95 -999 408.72
Saria 2018 3 5 64 21.8 40.41 25.308 -999 0 3.41 -999 408.72
Saria 2018 3 6 65 22.24 40.33 25.776 -999 0 3.84 -999 408.72
Saria 2018 3 7 66 20.66 40.22 25.812 -999 0 3.51 -999 408.72
Saria 2018 3 8 67 21.66 39.8 26.028 -999 0 2 -999 408.72
Saria 2018 3 9 68 21.52 41.09 26.424 -999 0 3.98 -999 408.72
Saria 2018 3 10 69 21.2 40.99 25.236 -999 0 3.96 -999 408.72
Saria 2018 3 11 70 22.05 41.09 26.316 -999 0 2.98 -999 408.72
Saria 2018 3 12 71 23.58 41.05 25.524 -999 0.01 2.17 -999 408.72
Saria 2018 3 13 72 26.95 40.15 23.4 -999 0.11 1.71 -999 408.72
Saria 2018 3 14 73 25.39 40.49 24.336 -999 0 1.75 -999 408.72
Saria 2018 3 15 74 23.05 41.74 22.104 -999 0 1.9 -999 408.72
Saria 2018 3 16 75 27.96 39.4 21.636 -999 0.11 4.01 -999 408.72
Saria 2018 3 17 76 26.9 39.02 21.924 -999 0.51 2.38 -999 408.72
Saria 2018 3 18 77 27.38 40.44 23.256 -999 0.14 1.66 -999 408.72
Saria 2018 3 19 78 24.27 41.23 24.48 -999 0 0.88 -999 408.72
Saria 2018 3 20 79 26.43 40.51 25.344 -999 0.03 2.94 -999 408.72
Saria 2018 3 21 80 24.64 40.38 22.464 -999 0.07 2.39 -999 408.72
Saria 2018 3 22 81 23.6 37.55 19.62 -999 0.12 1.6 -999 408.72
Saria 2018 3 23 82 21.73 35.23 20.088 -999 0 3.9 -999 408.72
Saria 2018 3 24 83 20.66 36.46 21.204 -999 0 3.2 -999 408.72
Saria 2018 3 25 84 18.58 38.28 24.66 -999 0 3.11 -999 408.72
Saria 2018 3 26 85 19.7 39.96 26.208 -999 0 3.01 -999 408.72
Saria 2018 3 27 86 21.73 41.25 24.336 -999 0 3.8 -999 408.72
Saria 2018 3 28 87 22.39 41.87 24.552 -999 0 3.02 -999 408.72
Saria 2018 3 29 88 23.19 40.91 25.56 -999 0 2.11 -999 408.72
Saria 2018 3 30 89 26.41 39.94 21.708 -999 0.34 2.95 -999 408.72
Saria 2018 3 31 90 27.08 34.94 11.952 -999 3.17 2.14 -999 408.72
Saria 2018 4 1 91 23.27 39.19 14.94 -999 0.11 3.99 -999 408.72
Saria 2018 4 2 92 21.77 40.66 19.224 -999 0 3.37 -999 408.72
Saria 2018 4 3 93 22.94 41.25 19.296 -999 0 2.46 -999 408.72
Saria 2018 4 4 94 25.48 41.34 22.212 -999 0 1.88 -999 408.72
Saria 2018 4 5 95 24.09 41.26 18.432 -999 0 2.69 -999 408.72
Saria 2018 4 6 96 22.32 41.63 23.04 -999 0 2.62 -999 408.72
Saria 2018 4 7 97 25.28 41.14 23.292 -999 0 2.52 -999 408.72
Saria 2018 4 8 98 28.23 40.5 22.644 -999 0.88 3.38 -999 408.72
Saria 2018 4 9 99 27.33 35.14 23.472 -999 1.76 3.72 -999 408.72
Saria 2018 4 10 100 24.99 38.97 19.512 -999 0.26 1.78 -999 408.72
Saria 2018 4 11 101 25.8 39.55 20.952 -999 0.05 2.4 -999 408.72
Saria 2018 4 12 102 26.13 39.98 24.912 -999 0 2.54 -999 408.72
Saria 2018 4 13 103 23.31 40.9 24.444 -999 0 1.44 -999 408.72
Saria 2018 4 14 104 24.98 39.97 21.708 -999 0.74 1.28 -999 408.72
Saria 2018 4 15 105 23.84 40.19 23.436 -999 0.02 2.09 -999 408.72
Saria 2018 4 16 106 23.56 40.94 25.668 -999 0 1.34 -999 408.72
Saria 2018 4 17 107 23.18 42 25.56 -999 0 1.66 -999 408.72
Saria 2018 4 18 108 22.91 41.64 27.216 -999 0.05 1.25 -999 408.72
Saria 2018 4 19 109 23.74 41.35 23.868 -999 0.1 1.01 -999 408.72
Saria 2018 4 20 110 26.25 40.37 24.984 -999 0.21 2.3 -999 408.72
Saria 2018 4 21 111 26.68 39.49 23.184 -999 0 2.45 -999 408.72
Saria 2018 4 22 112 27.15 41.49 24.84 -999 0 2.55 -999 408.72
Saria 2018 4 23 113 26.72 42.53 24.912 -999 0 2.66 -999 408.72
Saria 2018 4 24 114 26.8 43.23 25.272 -999 0 2.27 -999 408.72
Saria 2018 4 25 115 28.47 42.93 25.452 -999 2.59 3.24 -999 408.72
Saria 2018 4 26 116 27.72 33.88 19.656 -999 0.17 3.73 -999 408.72
Saria 2018 4 27 117 25.83 40.6 25.272 -999 0 2.42 -999 408.72
Saria 2018 4 28 118 27.8 41.88 24.876 -999 0 2.93 -999 408.72
Saria 2018 4 29 119 26.4 42.49 26.028 -999 0 2.3 -999 408.72
Saria 2018 4 30 120 27.31 42.15 22.176 -999 0 2.4 -999 408.72
Saria 2018 5 1 121 28.24 43.02 24.876 -999 0.2 3.23 -999 408.72
Saria 2018 5 2 122 25.27 42.68 23.904 -999 0 1.85 -999 408.72
Saria 2018 5 3 123 25.98 41.62 24.948 -999 0 1.68 -999 408.72
Saria 2018 5 4 124 27.12 39.58 23.04 -999 0.18 2.95 -999 408.72
Saria 2018 5 5 125 27.41 42.29 26.784 -999 0.01 2.46 -999 408.72
Saria 2018 5 6 126 26.5 39.48 20.088 -999 0.7 2.85 -999 408.72
Saria 2018 5 7 127 27.96 42.26 25.524 -999 0.03 2.1 -999 408.72
Saria 2018 5 8 128 27.32 42.59 25.56 -999 0 2.52 -999 408.72
Saria 2018 5 9 129 28.02 40.96 23.652 -999 0.12 3.9 -999 408.72
Saria 2018 5 10 130 27.62 38.38 12.564 -999 4.66 3.67 -999 408.72
Saria 2018 5 11 131 25.17 38.03 13.356 -999 0.43 3.98 -999 408.72
Saria 2018 5 12 132 25.91 36.03 15.444 -999 0.02 1.68 -999 408.72
Saria 2018 5 13 133 26.07 41.39 24.264 -999 0 2.69 -999 408.72
Saria 2018 5 14 134 25.43 40.96 26.28 -999 0 3.16 -999 408.72
Saria 2018 5 15 135 27.01 41.05 23.94 -999 0.12 4.03 -999 408.72
Saria 2018 5 16 136 27.08 40.01 21.528 -999 1.82 3.48 -999 408.72
Saria 2018 5 17 137 25.85 37.37 20.772 -999 8.27 3.83 -999 408.72
Saria 2018 5 18 138 25.19 39.05 20.952 -999 0.23 3.31 -999 408.72
Saria 2018 5 19 139 25.73 40.62 22.248 -999 0.01 2.84 -999 408.72
Saria 2018 5 20 140 26.28 41.43 22.752 -999 0 2.73 -999 408.72
Saria 2018 5 21 141 27.89 41.63 18.468 -999 0.19 3.74 -999 408.72
Saria 2018 5 22 142 27.66 41.63 24.048 -999 0.55 3.76 -999 408.72
Saria 2018 5 23 143 28.02 36.01 19.944 -999 4 3.8 -999 408.72
Saria 2018 5 24 144 26.45 34.34 18.72 -999 4.16 3.12 -999 408.72
Saria 2018 5 25 145 25.12 36 22.968 -999 1.29 3.48 -999 408.72
Saria 2018 5 26 146 24.22 34.15 16.38 -999 15.8 3.17 -999 408.72
Saria 2018 5 27 147 23.69 35.28 24.948 -999 4.42 2.81 -999 408.72
Saria 2018 5 28 148 24.65 32 6.408 -999 7.07 1.91 -999 408.72
Saria 2018 5 29 149 24.55 37.4 22.212 -999 3.27 1.97 -999 408.72
Saria 2018 5 30 150 25.36 34.97 19.836 -999 2.35 2.97 -999 408.72
Saria 2018 5 31 151 25.29 33.33 23.4 -999 9.43 2.59 -999 408.72
Saria 2018 6 1 152 24.4 32.11 11.52 -999 14.47 2 -999 408.72
Saria 2018 6 2 153 23.05 38.17 23.976 -999 0.01 2.6 -999 408.72
Saria 2018 6 3 154 25.06 32.9 20.52 -999 12.84 2.55 -999 408.72
Saria 2018 6 4 155 22.99 34.53 14.4 -999 2.3 2.29 -999 408.72
Saria 2018 6 5 156 24.53 37.48 22.464 -999 1.14 2.55 -999 408.72
Saria 2018 6 6 157 24.44 30.9 15.84 -999 9.04 2.05 -999 408.72
Saria 2018 6 7 158 24.23 35.47 23.616 -999 0.4 1.98 -999 408.72
Saria 2018 6 8 159 24.65 36.95 24.156 -999 0.04 2.17 -999 408.72
Saria 2018 6 9 160 25.55 36.37 19.512 -999 1.3 3.43 -999 408.72
Saria 2018 6 10 161 25.6 34.66 16.164 -999 3.87 3.84 -999 408.72
Saria 2018 6 11 162 24.16 34.84 22.932 -999 1.5 2.91 -999 408.72
Saria 2018 6 12 163 24.58 37.06 23.832 -999 3.66 2.41 -999 408.72
Saria 2018 6 13 164 24.79 38.87 24.912 -999 0.73 2.23 -999 408.72
Saria 2018 6 14 165 26.4 34.27 21.744 -999 3.11 3.72 -999 408.72
Saria 2018 6 15 166 24.95 36.85 23.04 -999 0.38 2.99 -999 408.72
Saria 2018 6 16 167 24.73 37.53 23.148 -999 0.05 2.98 -999 408.72
Saria 2018 6 17 168 25.61 36.67 20.52 -999 0.28 2.81 -999 408.72
Saria 2018 6 18 169 25.71 35.35 19.44 -999 3.98 2.35 -999 408.72
Saria 2018 6 19 170 24.76 32.33 21.348 -999 1.56 4.33 -999 408.72
Saria 2018 6 20 171 24.32 34.33 20.556 -999 0.46 4.26 -999 408.72
Saria 2018 6 21 172 24.37 36.08 21.888 -999 0.62 3.89 -999 408.72
Saria 2018 6 22 173 23.94 35.47 20.952 -999 0.25 3.41 -999 408.72
Saria 2018 6 23 174 24.26 34.76 17.172 -999 8.86 2.18 -999 408.72
Saria 2018 6 24 175 23.8 34.51 23.58 -999 5.72 2.2 -999 408.72
Saria 2018 6 25 176 23.84 34.59 21.24 -999 7.11 3.81 -999 408.72
Saria 2018 6 26 177 23.47 37.33 23.508 -999 0.85 2.14 -999 408.72
Saria 2018 6 27 178 24.88 32.39 15.372 -999 5.25 3.55 -999 408.72
Saria 2018 6 28 179 23.29 31.01 18.252 -999 10.1 2.46 -999 408.72
Saria 2018 6 29 180 23.36 34.69 21.996 -999 0 2.03 -999 408.72
Saria 2018 6 30 181 24.04 35.01 13.86 -999 0.46 2.15 -999 408.72
Saria 2018 7 1 182 24.15 35.58 22.68 -999 1.79 3.11 -999 408.72
Saria 2018 7 2 183 23.3 31.35 13.932 -999 4.86 1.82 -999 408.72
Saria 2018 7 3 184 22.7 31.08 20.484 -999 4.06 1.95 -999 408.72
Saria 2018 7 4 185 22.44 36.41 23.364 -999 0.54 2.07 -999 408.72
Saria 2018 7 5 186 23.23 34.07 23.004 -999 5.77 2.11 -999 408.72
Saria 2018 7 6 187 23.36 32.51 18.864 -999 0.85 2.89 -999 408.72
Saria 2018 7 7 188 23.07 34.03 19.332 -999 1.47 2.38 -999 408.72
Saria 2018 7 8 189 22.54 33.1 19.584 -999 1.99 2.12 -999 408.72
Saria 2018 7 9 190 23.86 33.09 20.52 -999 3.13 1.82 -999 408.72
Saria 2018 7 10 191 22.99 32.69 20.16 -999 1.9 2.49 -999 408.72
Saria 2018 7 11 192 23.51 31.83 14.652 -999 3.06 2.08 -999 408.72
Saria 2018 7 12 193 23.28 32.85 23.616 -999 8.54 2.48 -999 408.72
Saria 2018 7 13 194 22.38 32.28 18.468 -999 2.75 1.57 -999 408.72
Saria 2018 7 14 195 22.76 33.11 24.336 -999 1.76 2.33 -999 408.72
Saria 2018 7 15 196 23.93 29.24 13.104 -999 8.55 2.21 -999 408.72
Saria 2018 7 16 197 22.86 34.94 21.636 -999 1.92 1.7 -999 408.72
Saria 2018 7 17 198 23.44 32.55 8.748 -999 9.78 1.84 -999 408.72
Saria 2018 7 18 199 22.9 30.87 21.024 -999 4.22 2.46 -999 408.72
Saria 2018 7 19 200 22.43 33.82 21.888 -999 3.86 2.19 -999 408.72
Saria 2018 7 20 201 23.15 34.57 11.844 -999 9.97 1.85 -999 408.72
Saria 2018 7 21 202 23.22 34.05 23.94 -999 15.78 2.27 -999 408.72
Saria 2018 7 22 203 22.27 32.26 19.764 -999 6.88 2.17 -999 408.72
Saria 2018 7 23 204 22.63 33.29 25.272 -999 8.71 1.63 -999 408.72
Saria 2018 7 24 205 23.4 34.31 22.716 -999 1.25 2.04 -999 408.72
Saria 2018 7 25 206 23.66 29.94 11.484 -999 5.35 1.95 -999 408.72
Saria 2018 7 26 207 22.35 28.48 11.556 -999 37.17 2.2 -999 408.72
Saria 2018 7 27 208 22.11 28.25 19.62 -999 11.68 2.07 -999 408.72
Saria 2018 7 28 209 20.71 32.85 24.3 -999 1.8 1.76 -999 408.72
Saria 2018 7 29 210 22.65 32.77 22.572 -999 4.34 1.94 -999 408.72
Saria 2018 7 30 211 22.71 30.67 11.556 -999 3.84 2.44 -999 408.72
Saria 2018 7 31 212 22.4 30.27 19.116 -999 5.54 2.23 -999 408.72
Saria 2018 8 1 213 22.3 31.31 20.448 -999 5.51 1.62 -999 408.72
Saria 2018 8 2 214 21.96 30.65 21.312 -999 8.81 1.85 -999 408.72
Saria 2018 8 3 215 23 31.62 12.528 -999 17.71 0.86 -999 408.72
Saria 2018 8 4 216 21.8 27.98 19.584 -999 10.13 1.77 -999 408.72
Saria 2018 8 5 217 20.64 31.75 21.348 -999 1.44 2.02 -999 408.72
Saria 2018 8 6 218 22.87 30 18.72 -999 4.65 1.86 -999 408.72
Saria 2018 8 7 219 22.44 28.9 12.492 -999 20.44 1.56 -999 408.72
Saria 2018 8 8 220 21.7 31.21 22.104 -999 3.27 2.41 -999 408.72
Saria 2018 8 9 221 21.48 31.52 20.052 -999 30.57 2.11 -999 408.72
Saria 2018 8 10 222 22.87 29.01 19.044 -999 148.96 2.98 -999 408.72
Saria 2018 8 11 223 22.66 27.94 19.908 -999 8.48 1.65 -999 408.72
Saria 2018 8 12 224 22.05 30.3 25.38 -999 1.56 1.94 -999 408.72
Saria 2018 8 13 225 22.58 29.87 16.596 -999 8.17 2.3 -999 408.72
Saria 2018 8 14 226 22.58 29.94 21.384 -999 2.38 1.62 -999 408.72
Saria 2018 8 15 227 21.19 32.19 24.516 -999 0.69 1.96 -999 408.72
Saria 2018 8 16 228 22.77 32.3 23.58 -999 1.3 1.71 -999 408.72
Saria 2018 8 17 229 23.33 29.45 19.98 -999 2.57 1.6 -999 408.72
Saria 2018 8 18 230 23.05 29.24 19.044 -999 20.76 1.37 -999 408.72
Saria 2018 8 19 231 22.02 28.12 21.384 -999 11.43 2.77 -999 408.72
Saria 2018 8 20 232 21.89 31.02 24.912 -999 1.35 2.83 -999 408.72
Saria 2018 8 21 233 22.87 27.12 16.92 -999 5.42 1.88 -999 408.72
Saria 2018 8 22 234 21.9 29.27 18.288 -999 5.34 1.85 -999 408.72
Saria 2018 8 23 235 21.47 31.58 22.356 -999 3.67 1.48 -999 408.72
Saria 2018 8 24 236 22.22 31.74 22.788 -999 8.95 1.4 -999 408.72
Saria 2018 8 25 237 22.67 30.81 12.204 -999 5.97 1.64 -999 408.72
Saria 2018 8 26 238 22.15 26.99 16.956 -999 19.41 3.16 -999 408.72
Saria 2018 8 27 239 22.3 28.87 16.164 -999 14.48 2.55 -999 408.72
Saria 2018 8 28 240 22.08 29.49 15.588 -999 30.25 1.55 -999 408.72
Saria 2018 8 29 241 22.27 29.63 18.504 -999 5.97 2.13 -999 408.72
Saria 2018 8 30 242 21.52 30.94 24.408 -999 9.84 1.98 -999 408.72
Saria 2018 8 31 243 22.76 28.87 18.36 -999 13.21 1.96 -999 408.72
Saria 2018 9 1 244 22.62 30.2 15.804 -999 17.56 1.89 -999 408.72
Saria 2018 9 2 245 21.32 28.48 16.56 -999 33.67 3.57 -999 408.72
Saria 2018 9 3 246 20.53 31.94 17.712 -999 9.78 1.37 -999 408.72
Saria 2018 9 4 247 21.75 29.83 18.9 -999 13.92 1.71 -999 408.72
Saria 2018 9 5 248 22.45 30.39 20.772 -999 5.75 2.45 -999 408.72
Saria 2018 9 6 249 21.68 31.58 19.296 -999 5.55 1.95 -999 408.72
Saria 2018 9 7 250 22.3 29.64 21.492 -999 5.16 1.7 -999 408.72
Saria 2018 9 8 251 21.29 30.57 20.304 -999 2.09 1.17 -999 408.72
Saria 2018 9 9 252 21.76 30.26 15.696 -999 12.81 1.8 -999 408.72
Saria 2018 9 10 253 22.29 25.94 14.832 -999 20.97 1.75 -999 408.72
Saria 2018 9 11 254 20.98 31.48 17.352 -999 6.54 1.58 -999 408.72
Saria 2018 9 12 255 20.8 32.06 22.536 -999 1.21 1.91 -999 408.72
Saria 2018 9 13 256 21.31 32.01 24.696 -999 4.21 1.35 -999 408.72
Saria 2018 9 14 257 21.97 28.53 21.492 -999 3.74 1.71 -999 408.72
Saria 2018 9 15 258 21.23 33.08 23.868 -999 4.45 1.44 -999 408.72
Saria 2018 9 16 259 22.77 29.26 18.072 -999 9.23 1.45 -999 408.72
Saria 2018 9 17 260 22.18 29.71 20.412 -999 0.31 1.71 -999 408.72
Saria 2018 9 18 261 22.35 33.17 23.76 -999 0.16 1.16 -999 408.72
Saria 2018 9 19 262 22.76 31.58 22.536 -999 0.31 1.59 -999 408.72
Saria 2018 9 20 263 22.02 33.65 24.84 -999 0.05 1.71 -999 408.72
Saria 2018 9 21 264 22.67 32.48 23.328 -999 1.34 1.61 -999 408.72
Saria 2018 9 22 265 21.9 28.97 19.368 -999 11.03 1.35 -999 408.72
Saria 2018 9 23 266 21.4 31.4 24.372 -999 6.73 1.55 -999 408.72
Saria 2018 9 24 267 22.37 32.62 23.904 -999 2.91 1.35 -999 408.72
Saria 2018 9 25 268 22.12 32.24 17.064 -999 5.97 1.7 -999 408.72
Saria 2018 9 26 269 23.82 31.4 21.78 -999 4.37 2.03 -999 408.72
Saria 2018 9 27 270 22.5 31.55 23.868 -999 3.99 1.63 -999 408.72
Saria 2018 9 28 271 22.76 29.41 23.364 -999 4.6 1.3 -999 408.72
Saria 2018 9 29 272 23.15 31.87 20.736 -999 4.08 1.16 -999 408.72
Saria 2018 9 30 273 23.69 30.13 15.768 -999 3.11 0.95 -999 408.72
Saria 2018 10 1 274 21.76 32.9 14.076 -999 4.36 1.56 -999 408.72
Saria 2018 10 2 275 21.89 32.62 21.852 -999 1.55 1.7 -999 408.72
Saria 2018 10 3 276 22.26 32.97 23.256 -999 1.5 1.53 -999 408.72
Saria 2018 10 4 277 23.23 30.26 18.864 -999 3.75 1.55 -999 408.72
Saria 2018 10 5 278 22.76 34.03 14.184 -999 6.19 1.49 -999 408.72
Saria 2018 10 6 279 22.61 31.91 22.428 -999 5.13 1.61 -999 408.72
Saria 2018 10 7 280 22.56 30.97 21.564 -999 0.8 1.31 -999 408.72
Saria 2018 10 8 281 21.98 33.3 20.34 -999 3.17 1.58 -999 408.72
Saria 2018 10 9 282 23.01 30.44 22.356 -999 4.43 1.81 -999 408.72
Saria 2018 10 10 283 21.57 33.39 23.652 -999 2.14 1.58 -999 408.72
Saria 2018 10 11 284 22.08 34.05 20.736 -999 15.73 1.53 -999 408.72
Saria 2018 10 12 285 22.23 33.67 24.048 -999 1.53 1.41 -999 408.72
Saria 2018 10 13 286 22.29 30.81 19.98 -999 0.17 2.05 -999 408.72
Saria 2018 10 14 287 21.5 32.23 23.364 -999 0.11 1.6 -999 408.72
Saria 2018 10 15 288 22.58 28.44 19.44 -999 1.13 1.9 -999 408.72
Saria 2018 10 16 289 20.71 33.61 22.968 -999 0 1.77 -999 408.72
Saria 2018 10 17 290 22.28 33.87 22.608 -999 0 1.66 -999 408.72
Saria 2018 10 18 291 22.73 30.99 23.652 -999 3.48 1.81 -999 408.72
Saria 2018 10 19 292 22.44 32.88 22.392 -999 12.23 1.61 -999 408.72
Saria 2018 10 20 293 23.55 33.6 19.836 -999 5.7 1.48 -999 408.72
Saria 2018 10 21 294 21.75 34.54 23.76 -999 0 2.16 -999 408.72
Saria 2018 10 22 295 22.06 35.24 23.508 -999 0.01 1.83 -999 408.72
Saria 2018 10 23 296 22.09 35.58 19.692 -999 0 1.12 -999 408.72
Saria 2018 10 24 297 20.08 35.47 23.328 -999 0.01 1.3 -999 408.72
Saria 2018 10 25 298 22.02 34.69 22.644 -999 1.44 1.62 -999 408.72
Saria 2018 10 26 299 22.69 31.8 22.14 -999 2.23 1.88 -999 408.72
Saria 2018 10 27 300 23.01 31.06 18.036 -999 4.9 1.63 -999 408.72
Saria 2018 10 28 301 22.59 33.42 20.808 -999 0.35 1.52 -999 408.72
Saria 2018 10 29 302 22.55 32.95 17.568 -999 3.68 1.22 -999 408.72
Saria 2018 10 30 303 22.88 31.92 18.792 -999 0.01 1.88 -999 408.72
Saria 2018 10 31 304 20.13 29.95 15.156 -999 0.07 3.89 -999 408.72
Saria 2018 11 1 305 18.43 33.33 18.756 -999 0 2.62 -999 408.72
Saria 2018 11 2 306 19.02 34.76 22.572 -999 0 1.37 -999 408.72
Saria 2018 11 3 307 20.87 34.26 22.5 -999 0 1.61 -999 408.72
Saria 2018 11 4 308 22.3 33.31 19.332 -999 0 1.79 -999 408.72
Saria 2018 11 5 309 21.18 34.48 21.096 -999 0 1.27 -999 408.72
Saria 2018 11 6 310 21.84 33.69 20.88 -999 0 1.77 -999 408.72
Saria 2018 11 7 311 19.02 34.91 20.664 -999 0 1.7 -999 408.72
Saria 2018 11 8 312 21.77 34.27 22.284 -999 0 1.55 -999 408.72
Saria 2018 11 9 313 17.37 33.62 21.924 -999 0 2.45 -999 408.72
Saria 2018 11 10 314 14.89 34.16 22.248 -999 0 2.21 -999 408.72
Saria 2018 11 11 315 16.27 33.12 21.528 -999 0 2.05 -999 408.72
Saria 2018 11 12 316 21.18 34.27 21.852 -999 0 1.16 -999 408.72
Saria 2018 11 13 317 16.56 34.12 21.816 -999 0 2.09 -999 408.72
Saria 2018 11 14 318 15.3 33.82 21.924 -999 0 2.36 -999 408.72
Saria 2018 11 15 319 16.88 34.63 21.708 -999 0 1.53 -999 408.72
Saria 2018 11 16 320 19.07 34.08 21.384 -999 0 1.22 -999 408.72
Saria 2018 11 17 321 20.3 34.12 20.664 -999 0 0.79 -999 408.72
Saria 2018 11 18 322 21.62 33.62 19.08 -999 0.1 1.11 -999 408.72
Saria 2018 11 19 323 21.87 31.51 14.868 -999 0.41 2.14 -999 408.72
Saria 2018 11 20 324 18.34 28.3 14.184 -999 0 1.62 -999 408.72
Saria 2018 11 21 325 18.41 32.08 16.2 -999 0 2.41 -999 408.72
Saria 2018 11 22 326 15.55 32.32 18.54 -999 0 2.46 -999 408.72
Saria 2018 11 23 327 14.26 34.01 22.356 -999 0 2.48 -999 408.72
Saria 2018 11 24 328 13.38 34.16 22.428 -999 0 2.41 -999 408.72
Saria 2018 11 25 329 16.48 31.58 21.852 -999 0 2.13 -999 408.72
Saria 2018 11 26 330 14.65 32.56 17.532 -999 0 2.7 -999 408.72
Saria 2018 11 27 331 13.73 32.63 19.872 -999 0 2.63 -999 408.72
Saria 2018 11 28 332 13.42 33.09 21.672 -999 0 2.51 -999 408.72
Saria 2018 11 29 333 14.36 32.98 20.556 -999 0 2.99 -999 408.72
Saria 2018 11 30 334 12.96 32.61 21.204 -999 0 2.88 -999 408.72
Saria 2018 12 1 335 12.44 31.71 20.88 -999 0 2.9 -999 408.72
Saria 2018 12 2 336 13.11 30.52 21.564 -999 0 2.83 -999 408.72
Saria 2018 12 3 337 13.01 31.51 21.456 -999 0 3.08 -999 408.72
Saria 2018 12 4 338 14.3 32.45 21.708 -999 0 3.22 -999 408.72
Saria 2018 12 5 339 14.65 31.87 20.376 -999 0 3.23 -999 408.72
Saria 2018 12 6 340 14.37 31.49 20.916 -999 0 3.71 -999 408.72
Saria 2018 12 7 341 14.36 31.73 21.384 -999 0 3.49 -999 408.72
Saria 2018 12 8 342 12.46 31.34 21.78 -999 0 3.05 -999 408.72
Saria 2018 12 9 343 11.22 31.4 21.96 -999 0 2.64 -999 408.72
Saria 2018 12 10 344 12.15 31.23 21.276 -999 0 2.92 -999 408.72
Saria 2018 12 11 345 11.58 30.65 21.492 -999 0 2.96 -999 408.72
Saria 2018 12 12 346 11.81 30.75 20.736 -999 0 3 -999 408.72
Saria 2018 12 13 347 13.33 31.15 20.88 -999 0 3.26 -999 408.72
Saria 2018 12 14 348 13.8 32.14 19.8 -999 0 3.25 -999 408.72
Saria 2018 12 15 349 14.32 31.69 20.844 -999 0 3.55 -999 408.72
Saria 2018 12 16 350 14.25 31.76 21.492 -999 0 3.28 -999 408.72
Saria 2018 12 17 351 13.34 32.71 21.996 -999 0 2.83 -999 408.72
Saria 2018 12 18 352 14.18 32.13 20.844 -999 0 2.86 -999 408.72
Saria 2018 12 19 353 14.04 32.15 19.476 -999 0 3.09 -999 408.72
Saria 2018 12 20 354 13.44 31.88 21.78 -999 0 3.16 -999 408.72
Saria 2018 12 21 355 13.69 31.2 19.728 -999 0 3.31 -999 408.72
Saria 2018 12 22 356 13.79 30.06 17.064 -999 0 3.53 -999 408.72
Saria 2018 12 23 357 11.87 29.46 19.98 -999 0 3.7 -999 408.72
Saria 2018 12 24 358 11.51 28.03 19.152 -999 0 3.61 -999 408.72
Saria 2018 12 25 359 11.01 27.52 18.396 -999 0 3.38 -999 408.72
Saria 2018 12 26 360 10.58 28.56 17.892 -999 0 2.94 -999 408.72
Saria 2018 12 27 361 10.8 28.77 19.8 -999 0 2.91 -999 408.72
Saria 2018 12 28 362 11.18 30.41 20.412 -999 0 2.73 -999 408.72
Saria 2018 12 29 363 13.92 31.43 19.8 -999 0 2.95 -999 408.72
Saria 2018 12 30 364 14.62 29.19 12.708 -999 0 2.98 -999 408.72
Saria 2018 12 31 365 16.51 31.05 19.476 -999 0 3.73 -999 408.72
