Saria 2009 1 1 1 14.63 34.42 22.104 -999 0 3.51 -999 387.64
Saria 2009 1 2 2 15.32 33.89 19.44 -999 0 3.68 -999 387.64
Saria 2009 1 3 3 15.45 33.02 18.216 -999 0 3.66 -999 387.64
Saria 2009 1 4 4 15.3 33.26 19.296 -999 0 3.02 -999 387.64
Saria 2009 1 5 5 16.23 33.51 19.584 -999 0 2.77 -999 387.64
Saria 2009 1 6 6 15.66 35.36 20.7 -999 0 1.94 -999 387.64
Saria 2009 1 7 7 16.55 34.83 18.396 -999 0 2.67 -999 387.64
Saria 2009 1 8 8 17.23 33.94 20.808 -999 0 3.22 -999 387.64
Saria 2009 1 9 9 16.31 34.51 21.24 -999 0 3.78 -999 387.64
Saria 2009 1 10 10 15.8 35.63 20.52 -999 0 2.75 -999 387.64
Saria 2009 1 11 11 17.09 33.12 20.952 -999 0 2.95 -999 387.64
Saria 2009 1 12 12 16.69 33.28 20.592 -999 0 3.17 -999 387.64
Saria 2009 1 13 13 15.49 31.6 21.744 -999 0 3.57 -999 387.64
Saria 2009 1 14 14 14.8 33.61 21.564 -999 0 3.41 -999 387.64
Saria 2009 1 15 15 15.99 34.84 21.816 -999 0 3.3 -999 387.64
Saria 2009 1 16 16 16.53 36.74 18.612 -999 0 2.69 -999 387.64
Saria 2009 1 17 17 18.33 34.22 17.388 -999 0 4.03 -999 387.64
Saria 2009 1 18 18 17.4 25.99 13.392 -999 0 3.47 -999 387.64
Saria 2009 1 19 19 15.3 30.26 19.008 -999 0 3.71 -999 387.64
Saria 2009 1 20 20 11.8 27.51 15.624 -999 0 3.93 -999 387.64
Saria 2009 1 21 21 11.69 27.15 18.864 -999 0 3.3 -999 387.64
Saria 2009 1 22 22 13.51 27.45 19.98 -999 0 4.72 -999 387.64
Saria 2009 1 23 23 11.32 26.16 20.376 -999 0 4.23 -999 387.64
Saria 2009 1 24 24 12.25 30.34 21.6 -999 0 3.77 -999 387.64
Saria 2009 1 25 25 13.53 33 22.284 -999 0 2.67 -999 387.64
Saria 2009 1 26 26 14.15 34.46 22.788 -999 0 2.45 -999 387.64
Saria 2009 1 27 27 15.08 35.94 23.94 -999 0 2.76 -999 387.64
Saria 2009 1 28 28 16.07 35.76 23.616 -999 0 3.27 -999 387.64
Saria 2009 1 29 29 16.18 37.24 21.348 -999 0 2.95 -999 387.64
Saria 2009 1 30 30 16.31 37.19 23.22 -999 0 3.4 -999 387.64
Saria 2009 1 31 31 16.86 37.78 23.544 -999 0 3.09 -999 387.64
Saria 2009 2 1 32 17.54 38.26 22.284 -999 0 2.73 -999 387.64
Saria 2009 2 2 33 20.81 38.3 20.916 -999 0 1.73 -999 387.64
Saria 2009 2 3 34 21.05 39.13 21.132 -999 0 2.6 -999 387.64
Saria 2009 2 4 35 19.48 38.56 22.14 -999 0 3.18 -999 387.64
Saria 2009 2 5 36 19.76 39.18 21.564 -999 0 2.7 -999 387.64
Saria 2009 2 6 37 19.52 39.45 22.392 -999 0 2.83 -999 387.64
Saria 2009 2 7 38 18.8 39.31 22.428 -999 0 2.07 -999 387.64
Saria 2009 2 8 39 18.95 36.74 21.528 -999 0 4.61 -999 387.64
Saria 2009 2 9 40 17.44 37.27 23.04 -999 0 4.01 -999 387.64
Saria 2009 2 10 41 18.4 37.48 23.472 -999 0 3.31 -999 387.64
Saria 2009 2 11 42 20.23 37.52 18.396 -999 0 3.26 -999 387.64
Saria 2009 2 12 43 19.04 38.65 19.116 -999 0 2.28 -999 387.64
Saria 2009 2 13 44 19.51 37.56 15.804 -999 0 1.54 -999 387.64
Saria 2009 2 14 45 19.11 36.9 15.012 -999 0 2.46 -999 387.64
Saria 2009 2 15 46 20.59 37.01 14.76 -999 0.19 1.85 -999 387.64
Saria 2009 2 16 47 23.93 35.04 15.876 -999 0.36 2.95 -999 387.64
Saria 2009 2 17 48 23.73 35.32 6.408 -999 0.06 1.27 -999 387.64
Saria 2009 2 18 49 22.6 30.89 12.564 -999 0.02 3.06 -999 387.64
Saria 2009 2 19 50 20.17 36.23 15.912 -999 0.03 3.84 -999 387.64
Saria 2009 2 20 51 21.98 36.01 18.54 -999 0 5.19 -999 387.64
Saria 2009 2 21 52 21.89 38.15 22.212 -999 0 4.66 -999 387.64
Saria 2009 2 22 53 22.54 38.84 21.78 -999 0 5 -999 387.64
Saria 2009 2 23 54 21.28 38.72 22.572 -999 0 3.75 -999 387.64
Saria 2009 2 24 55 21.32 39.78 24.624 -999 0 2.97 -999 387.64
Saria 2009 2 25 56 21.83 39.9 21.6 -999 0 3.71 -999 387.64
Saria 2009 2 26 57 21.71 38.55 20.088 -999 0 3.37 -999 387.64
Saria 2009 2 27 58 21.02 39.44 22.284 -999 0 3.57 -999 387.64
Saria 2009 2 28 59 24.69 38.23 20.268 -999 0 3.48 -999 387.64
Saria 2009 3 1 60 21.88 39.29 20.808 -999 0 2.98 -999 387.64
Saria 2009 3 2 61 20.88 39.38 18.288 -999 0 3.21 -999 387.64
Saria 2009 3 3 62 20.9 38.01 16.632 -999 0 2.98 -999 387.64
Saria 2009 3 4 63 21.99 39.02 17.568 -999 0 2.16 -999 387.64
Saria 2009 3 5 64 21.65 37.66 20.16 -999 0 2.75 -999 387.64
Saria 2009 3 6 65 20.51 40.62 23.292 -999 0 3.15 -999 387.64
Saria 2009 3 7 66 20.26 39.95 25.74 -999 0 3.01 -999 387.64
Saria 2009 3 8 67 19.37 39.83 26.568 -999 0 2.77 -999 387.64
Saria 2009 3 9 68 19.55 40.26 26.496 -999 0 2.99 -999 387.64
Saria 2009 3 10 69 20.62 40.33 23.4 -999 0.03 3.23 -999 387.64
Saria 2009 3 11 70 25.73 39.04 19.764 -999 0.05 2.65 -999 387.64
Saria 2009 3 12 71 25.26 39.02 12.492 -999 0 1.97 -999 387.64
Saria 2009 3 13 72 25.98 36.52 14.58 -999 0 3.31 -999 387.64
Saria 2009 3 14 73 22.51 39.31 16.776 -999 0 3.24 -999 387.64
Saria 2009 3 15 74 22.55 40.32 19.62 -999 0 3.14 -999 387.64
Saria 2009 3 16 75 22.58 40.05 19.548 -999 0 2.95 -999 387.64
Saria 2009 3 17 76 25.87 40.44 19.764 -999 0.26 2.62 -999 387.64
Saria 2009 3 18 77 25.63 37.92 16.164 -999 0.79 2.23 -999 387.64
Saria 2009 3 19 78 26.51 39.59 23.292 -999 0.24 2.41 -999 387.64
Saria 2009 3 20 79 25.86 36.24 16.38 -999 0.37 2.68 -999 387.64
Saria 2009 3 21 80 25.01 40.55 21.06 -999 0 3.38 -999 387.64
Saria 2009 3 22 81 22.72 41.81 25.344 -999 0 3.44 -999 387.64
Saria 2009 3 23 82 24.72 41.2 25.164 -999 0.13 2.15 -999 387.64
Saria 2009 3 24 83 25.11 39.33 21.528 -999 0.02 2.52 -999 387.64
Saria 2009 3 25 84 25.21 41.77 21.708 -999 0.04 2.37 -999 387.64
Saria 2009 3 26 85 27.75 39.05 16.344 -999 0.01 3.41 -999 387.64
Saria 2009 3 27 86 25.69 41.4 20.988 -999 0.04 3.27 -999 387.64
Saria 2009 3 28 87 24.24 41.35 20.52 -999 0 1.57 -999 387.64
Saria 2009 3 29 88 26.26 39.56 20.88 -999 0.12 2.2 -999 387.64
Saria 2009 3 30 89 26.05 40.62 16.56 -999 0.02 2.2 -999 387.64
Saria 2009 3 31 90 25.23 41.14 14.544 -999 0 1.84 -999 387.64
Saria 2009 4 1 91 24.92 38.87 14.724 -999 0.92 1.2 -999 387.64
Saria 2009 4 2 92 25.48 37.19 14.436 -999 0.03 2.16 -999 387.64
Saria 2009 4 3 93 24.37 40.87 23.832 -999 0 3.19 -999 387.64
Saria 2009 4 4 94 23.05 41.08 26.28 -999 0.01 3.18 -999 387.64
Saria 2009 4 5 95 21.7 40.8 22.932 -999 0 1.8 -999 387.64
Saria 2009 4 6 96 21.82 40.93 27.288 -999 0 2.02 -999 387.64
Saria 2009 4 7 97 20.68 40.94 26.136 -999 0 2.99 -999 387.64
Saria 2009 4 8 98 21.04 40.37 25.992 -999 0 2.41 -999 387.64
Saria 2009 4 9 99 21.26 40.97 26.64 -999 0 2.12 -999 387.64
Saria 2009 4 10 100 20.62 41.23 24.516 -999 0 1.9 -999 387.64
Saria 2009 4 11 101 25.74 31.76 20.628 -999 1.07 4.18 -999 387.64
Saria 2009 4 12 102 23.99 38.54 24.012 -999 1.02 2.2 -999 387.64
Saria 2009 4 13 103 26.01 37.94 20.088 -999 1.52 3.35 -999 387.64
Saria 2009 4 14 104 26.4 37.44 19.224 -999 0.04 2.59 -999 387.64
Saria 2009 4 15 105 26.06 40.56 24.768 -999 0.42 2.45 -999 387.64
Saria 2009 4 16 106 28.02 39.98 13.5 -999 0.39 2.76 -999 387.64
Saria 2009 4 17 107 26.3 42.26 26.856 -999 0 3.09 -999 387.64
Saria 2009 4 18 108 24.96 41.97 26.532 -999 0 3.09 -999 387.64
Saria 2009 4 19 109 23.69 41.77 24.66 -999 0.07 1.66 -999 387.64
Saria 2009 4 20 110 26.71 41.27 26.712 -999 0.39 2.57 -999 387.64
Saria 2009 4 21 111 27.53 40.22 14.976 -999 0 2.45 -999 387.64
Saria 2009 4 22 112 25.7 42.9 21.06 -999 0 1.86 -999 387.64
Saria 2009 4 23 113 25.37 42.63 25.56 -999 0 4.52 -999 387.64
Saria 2009 4 24 114 23.07 42.01 26.82 -999 0 3.07 -999 387.64
Saria 2009 4 25 115 23.83 41.49 24.552 -999 0 1.55 -999 387.64
Saria 2009 4 26 116 26.45 42.41 25.92 -999 0.17 1.59 -999 387.64
Saria 2009 4 27 117 27.94 35.67 21.996 -999 1.87 3.97 -999 387.64
Saria 2009 4 28 118 26.19 41.2 22.932 -999 0.12 2.91 -999 387.64
Saria 2009 4 29 119 27.87 41.62 23.364 -999 0.46 2.8 -999 387.64
Saria 2009 4 30 120 27.98 40.88 18.972 -999 0.12 3.12 -999 387.64
Saria 2009 5 1 121 26.95 42.86 25.56 -999 0 3.11 -999 387.64
Saria 2009 5 2 122 23.87 42.05 25.776 -999 0.49 2.41 -999 387.64
Saria 2009 5 3 123 26.37 37.59 24.264 -999 3.07 3.86 -999 387.64
Saria 2009 5 4 124 25.58 39.02 23.22 -999 0.36 3.14 -999 387.64
Saria 2009 5 5 125 27.1 36.41 19.224 -999 1.28 3.79 -999 387.64
Saria 2009 5 6 126 25.8 38.8 21.42 -999 0.58 3.98 -999 387.64
Saria 2009 5 7 127 26.07 39.11 24.192 -999 1.45 3.09 -999 387.64
Saria 2009 5 8 128 26.01 35.46 17.208 -999 0.02 3.3 -999 387.64
Saria 2009 5 9 129 25.72 38.58 24.84 -999 2 3.18 -999 387.64
Saria 2009 5 10 130 26.45 36.55 21.708 -999 1.63 3.56 -999 387.64
Saria 2009 5 11 131 25.15 36.67 24.624 -999 0.57 3.46 -999 387.64
Saria 2009 5 12 132 26.06 38.25 23.652 -999 0.52 2.32 -999 387.64
Saria 2009 5 13 133 27.98 39.43 20.52 -999 0.5 2.3 -999 387.64
Saria 2009 5 14 134 28.45 40.94 19.08 -999 0.09 2.17 -999 387.64
Saria 2009 5 15 135 27.87 40.82 22.644 -999 0.02 2.05 -999 387.64
Saria 2009 5 16 136 27.09 34.76 20.952 -999 4.21 2.97 -999 387.64
Saria 2009 5 17 137 26.04 34.52 23.112 -999 2 1.84 -999 387.64
Saria 2009 5 18 138 25.8 39.05 22.428 -999 0.06 2.46 -999 387.64
Saria 2009 5 19 139 26.32 40.36 23.256 -999 1.38 3.1 -999 387.64
Saria 2009 5 20 140 27.48 38.02 21.168 -999 1 3.56 -999 387.64
Saria 2009 5 21 141 26.12 41.09 24.624 -999 1.62 2.84 -999 387.64
Saria 2009 5 22 142 26.36 41.1 20.736 -999 0.09 3.47 -999 387.64
Saria 2009 5 23 143 26.93 38.23 24.84 -999 3.68 3.91 -999 387.64
Saria 2009 5 24 144 26.23 34.36 23.832 -999 0.97 2.43 -999 387.64
Saria 2009 5 25 145 24.76 41.07 25.128 -999 0 1.94 -999 387.64
Saria 2009 5 26 146 26.44 37.19 23.688 -999 0.3 3.86 -999 387.64
Saria 2009 5 27 147 26.15 39.76 21.636 -999 2.07 3.11 -999 387.64
Saria 2009 5 28 148 26.44 36.71 16.524 -999 0 2.65 -999 387.64
Saria 2009 5 29 149 25.48 40.4 25.632 -999 0.15 2.39 -999 387.64
Saria 2009 5 30 150 25.88 40.11 25.092 -999 2.15 3.34 -999 387.64
Saria 2009 5 31 151 26.15 41.37 22.32 -999 0.09 3.17 -999 387.64
Saria 2009 6 1 152 27.27 41.98 24.804 -999 0.16 2.84 -999 387.64
Saria 2009 6 2 153 26.44 42.06 24.516 -999 0.06 3 -999 387.64
Saria 2009 6 3 154 27.78 40.86 24.912 -999 0.33 4.12 -999 387.64
Saria 2009 6 4 155 27.87 35.59 19.188 -999 0.16 3.52 -999 387.64
Saria 2009 6 5 156 26.83 38.24 23.76 -999 4.61 2.87 -999 387.64
Saria 2009 6 6 157 26.1 32.91 12.24 -999 2.67 2.91 -999 387.64
Saria 2009 6 7 158 24.27 38.76 25.236 -999 0.73 1.88 -999 387.64
Saria 2009 6 8 159 26.32 40.43 16.668 -999 0.51 2.34 -999 387.64
Saria 2009 6 9 160 27.53 41.16 16.956 -999 0.68 3.8 -999 387.64
Saria 2009 6 10 161 26.93 37.83 20.052 -999 2.65 4.95 -999 387.64
Saria 2009 6 11 162 24.83 34.66 19.152 -999 3.38 2.81 -999 387.64
Saria 2009 6 12 163 23.79 34.77 14.544 -999 14.07 2.74 -999 387.64
Saria 2009 6 13 164 23.43 35.22 20.988 -999 2.81 2.52 -999 387.64
Saria 2009 6 14 165 24.43 36.47 13.896 -999 2.61 2.34 -999 387.64
Saria 2009 6 15 166 24.44 38.32 23.4 -999 1.38 3.08 -999 387.64
Saria 2009 6 16 167 25.33 34.59 21.168 -999 3.14 3.51 -999 387.64
Saria 2009 6 17 168 24.59 34.69 24.264 -999 1.42 2.84 -999 387.64
Saria 2009 6 18 169 23.9 37.33 20.664 -999 1.61 2.01 -999 387.64
Saria 2009 6 19 170 25.34 37.55 21.456 -999 2.4 3.98 -999 387.64
Saria 2009 6 20 171 25.47 33.77 14.508 -999 3.33 3.73 -999 387.64
Saria 2009 6 21 172 23.8 31.88 17.208 -999 4.45 2.37 -999 387.64
Saria 2009 6 22 173 22.84 31.28 22.824 -999 8.08 1.87 -999 387.64
Saria 2009 6 23 174 22.48 37.05 23.328 -999 4.53 1.34 -999 387.64
Saria 2009 6 24 175 23.57 38.39 23.4 -999 6.41 2.59 -999 387.64
Saria 2009 6 25 176 24.53 35.06 23.94 -999 5.34 3.4 -999 387.64
Saria 2009 6 26 177 24.05 32.37 8.64 -999 6.7 3.17 -999 387.64
Saria 2009 6 27 178 22.79 34.54 19.368 -999 2.82 2.43 -999 387.64
Saria 2009 6 28 179 23.08 33.73 22.608 -999 16.33 2.79 -999 387.64
Saria 2009 6 29 180 23.02 32.58 19.188 -999 8.64 3.46 -999 387.64
Saria 2009 6 30 181 23.47 31.98 25.38 -999 6.47 2.73 -999 387.64
Saria 2009 7 1 182 22.41 31.14 12.06 -999 4.84 2.05 -999 387.64
Saria 2009 7 2 183 21.48 34.67 23.544 -999 3.51 2.37 -999 387.64
Saria 2009 7 3 184 22.11 36.61 25.812 -999 0.48 2.26 -999 387.64
Saria 2009 7 4 185 23.37 35.53 22.104 -999 8.11 2.16 -999 387.64
Saria 2009 7 5 186 23.8 34.73 21.744 -999 4.9 2.76 -999 387.64
Saria 2009 7 6 187 23.3 33.87 21.24 -999 3.85 2.37 -999 387.64
Saria 2009 7 7 188 23.79 31.43 21.24 -999 4.47 2.62 -999 387.64
Saria 2009 7 8 189 24.05 30.87 11.484 -999 4.55 2.19 -999 387.64
Saria 2009 7 9 190 22.67 33.44 22.896 -999 6.79 1.78 -999 387.64
Saria 2009 7 10 191 23.63 30.19 6.984 -999 7.03 2.27 -999 387.64
Saria 2009 7 11 192 22.09 32.51 24.12 -999 3.9 2.33 -999 387.64
Saria 2009 7 12 193 22.45 33.89 21.312 -999 4.68 2.24 -999 387.64
Saria 2009 7 13 194 22.34 35.72 24.732 -999 3.29 1.98 -999 387.64
Saria 2009 7 14 195 23.19 32.51 17.748 -999 4.72 2.47 -999 387.64
Saria 2009 7 15 196 22.74 31.77 22.644 -999 2.16 2.98 -999 387.64
Saria 2009 7 16 197 22.35 36.37 26.1 -999 1.77 1.65 -999 387.64
Saria 2009 7 17 198 24.08 34 14.652 -999 4.49 2.62 -999 387.64
Saria 2009 7 18 199 23.5 31.09 23.292 -999 3.38 3.01 -999 387.64
Saria 2009 7 19 200 22.8 32.76 21.168 -999 3.93 2.07 -999 387.64
Saria 2009 7 20 201 22.91 33.78 23.472 -999 5.74 1.34 -999 387.64
Saria 2009 7 21 202 22.92 35.88 19.188 -999 6.14 1.66 -999 387.64
Saria 2009 7 22 203 23.54 30.42 22.5 -999 5.03 2.57 -999 387.64
Saria 2009 7 23 204 21.83 34.76 25.632 -999 4.59 2.35 -999 387.64
Saria 2009 7 24 205 22.61 34.44 23.292 -999 5.23 2.32 -999 387.64
Saria 2009 7 25 206 23.63 30.38 19.8 -999 7.57 2.25 -999 387.64
Saria 2009 7 26 207 22.35 36.38 20.988 -999 1.28 2.1 -999 387.64
Saria 2009 7 27 208 22.8 33.69 18.108 -999 8.49 2.09 -999 387.64
Saria 2009 7 28 209 23.27 31.69 23.508 -999 5.83 1.66 -999 387.64
Saria 2009 7 29 210 23 30.58 19.476 -999 5.12 2.03 -999 387.64
Saria 2009 7 30 211 21.99 32.55 25.56 -999 8.6 1.91 -999 387.64
Saria 2009 7 31 212 22.89 30.27 9.828 -999 8.57 1.56 -999 387.64
Saria 2009 8 1 213 22.3 30.28 15.552 -999 15.55 1.5 -999 387.64
Saria 2009 8 2 214 21.34 33.65 23.976 -999 6.17 1.41 -999 387.64
Saria 2009 8 3 215 23.04 29.67 13.392 -999 12.54 1.14 -999 387.64
Saria 2009 8 4 216 22.69 30.86 21.708 -999 7.69 1.6 -999 387.64
Saria 2009 8 5 217 21.91 32.65 24.048 -999 4.72 2.04 -999 387.64
Saria 2009 8 6 218 22.69 31.92 20.34 -999 8.63 1.8 -999 387.64
Saria 2009 8 7 219 22.53 31.28 18.072 -999 6.27 1.5 -999 387.64
Saria 2009 8 8 220 22.44 31.76 24.408 -999 7.43 1.4 -999 387.64
Saria 2009 8 9 221 22.15 33.51 18.828 -999 10.75 1.43 -999 387.64
Saria 2009 8 10 222 22.81 28.43 12.528 -999 7.74 1.38 -999 387.64
Saria 2009 8 11 223 22.37 33 21.024 -999 8.93 1.37 -999 387.64
Saria 2009 8 12 224 21.51 33.92 19.908 -999 9.07 1.6 -999 387.64
Saria 2009 8 13 225 23.12 31.81 22.176 -999 10.8 1.07 -999 387.64
Saria 2009 8 14 226 22.23 31.71 19.908 -999 9.39 1.74 -999 387.64
Saria 2009 8 15 227 21.35 31.42 22.536 -999 14.05 2.04 -999 387.64
Saria 2009 8 16 228 22.16 31.08 17.82 -999 15.57 1.59 -999 387.64
Saria 2009 8 17 229 21.91 32.37 18.54 -999 4.91 1.82 -999 387.64
Saria 2009 8 18 230 21.81 32.17 8.352 -999 8.86 1.13 -999 387.64
Saria 2009 8 19 231 22.69 30.37 21.348 -999 6.1 1.71 -999 387.64
Saria 2009 8 20 232 22.01 30.23 22.32 -999 1.35 1.52 -999 387.64
Saria 2009 8 21 233 23.05 33.23 23.112 -999 3.57 1.4 -999 387.64
Saria 2009 8 22 234 22.24 31.07 22.752 -999 5.26 1.71 -999 387.64
Saria 2009 8 23 235 22.08 29.61 19.548 -999 7.77 1.97 -999 387.64
Saria 2009 8 24 236 20.62 32.66 24.444 -999 2.06 1.75 -999 387.64
Saria 2009 8 25 237 22.46 31.13 20.304 -999 7.93 1.62 -999 387.64
Saria 2009 8 26 238 22.76 29.19 8.244 -999 5.25 1.3 -999 387.64
Saria 2009 8 27 239 22.71 32.83 23.832 -999 3.41 1.28 -999 387.64
Saria 2009 8 28 240 21.93 32.19 24.372 -999 4.38 1.97 -999 387.64
Saria 2009 8 29 241 22.98 27.83 14.004 -999 31.1 2.29 -999 387.64
Saria 2009 8 30 242 21.42 30.69 19.188 -999 3.61 2.12 -999 387.64
Saria 2009 8 31 243 21.34 30.8 23.328 -999 12.52 2.1 -999 387.64
Saria 2009 9 1 244 22.4 28.03 4.752 -999 24.87 1.8 -999 387.64
Saria 2009 9 2 245 22.36 29.37 20.196 -999 14.21 2.29 -999 387.64
Saria 2009 9 3 246 21.7 28.93 21.132 -999 10.88 1.75 -999 387.64
Saria 2009 9 4 247 22.04 29.4 11.016 -999 6.06 2.23 -999 387.64
Saria 2009 9 5 248 20.51 33.73 24.912 -999 4.23 1.27 -999 387.64
Saria 2009 9 6 249 22.8 29.94 13.536 -999 10.09 1.9 -999 387.64
Saria 2009 9 7 250 21.98 29.95 23.256 -999 5.41 2.2 -999 387.64
Saria 2009 9 8 251 21.43 34.07 24.948 -999 2.4 1.27 -999 387.64
Saria 2009 9 9 252 21.69 33.65 21.564 -999 6.1 1.39 -999 387.64
Saria 2009 9 10 253 23.2 31.87 24.3 -999 5.83 1.33 -999 387.64
Saria 2009 9 11 254 21.93 30.83 17.208 -999 14.34 1.45 -999 387.64
Saria 2009 9 12 255 22.02 31.19 19.8 -999 6.11 1.66 -999 387.64
Saria 2009 9 13 256 21.25 27.04 22.644 -999 8.08 1.61 -999 387.64
Saria 2009 9 14 257 19.6 33.44 20.196 -999 5.94 1.76 -999 387.64
Saria 2009 9 15 258 21.75 32.76 18.972 -999 5.32 1.77 -999 387.64
Saria 2009 9 16 259 21.57 31.9 19.764 -999 2.44 1.84 -999 387.64
Saria 2009 9 17 260 21.37 29.91 18.54 -999 2.12 1.73 -999 387.64
Saria 2009 9 18 261 20.41 33.66 23.58 -999 1.95 1.77 -999 387.64
Saria 2009 9 19 262 22.57 30.93 21.24 -999 3.93 1.88 -999 387.64
Saria 2009 9 20 263 23.14 31.03 15.552 -999 2.64 1.46 -999 387.64
Saria 2009 9 21 264 22.16 28.87 22.608 -999 1.96 2.18 -999 387.64
Saria 2009 9 22 265 21.1 32.43 21.492 -999 1.9 1.7 -999 387.64
Saria 2009 9 23 266 22.15 33.92 23.832 -999 3.03 1.57 -999 387.64
Saria 2009 9 24 267 22.08 33.84 23.868 -999 2.86 1.76 -999 387.64
Saria 2009 9 25 268 22.41 32.16 24.336 -999 3.98 1.27 -999 387.64
Saria 2009 9 26 269 22.67 32.37 23.112 -999 2.26 2.17 -999 387.64
Saria 2009 9 27 270 22.3 32.83 24.552 -999 1.43 1.84 -999 387.64
Saria 2009 9 28 271 21.25 34.86 23.364 -999 0.79 1.49 -999 387.64
Saria 2009 9 29 272 22.4 33.76 17.28 -999 4.64 2 -999 387.64
Saria 2009 9 30 273 21.83 33.6 23.076 -999 3.4 1.74 -999 387.64
Saria 2009 10 1 274 21.84 35.63 23.292 -999 1.76 1.16 -999 387.64
Saria 2009 10 2 275 22.33 35.12 22.464 -999 3.31 1.45 -999 387.64
Saria 2009 10 3 276 22.8 36.38 22.932 -999 0.56 1.62 -999 387.64
Saria 2009 10 4 277 22.05 36.53 23.4 -999 1.16 1.51 -999 387.64
Saria 2009 10 5 278 22.78 34.48 23.436 -999 0.48 1.77 -999 387.64
Saria 2009 10 6 279 22.48 33.18 21.708 -999 1.3 1.7 -999 387.64
Saria 2009 10 7 280 22.73 35.08 23.508 -999 0.37 1.55 -999 387.64
Saria 2009 10 8 281 23.1 31.09 17.856 -999 5.39 2.27 -999 387.64
Saria 2009 10 9 282 22.16 35.62 23.4 -999 0.63 1.66 -999 387.64
Saria 2009 10 10 283 21.99 35.01 24.48 -999 3.21 1.51 -999 387.64
Saria 2009 10 11 284 21.8 34.55 21.96 -999 1.87 2.16 -999 387.64
Saria 2009 10 12 285 21.99 34.08 23.832 -999 3.15 1.84 -999 387.64
Saria 2009 10 13 286 22.16 34.97 23.508 -999 2.65 1.52 -999 387.64
Saria 2009 10 14 287 22.11 34.45 21.816 -999 1.65 1.68 -999 387.64
Saria 2009 10 15 288 22.41 33.62 19.404 -999 0.66 2.3 -999 387.64
Saria 2009 10 16 289 22.84 34.44 22.932 -999 3.71 1.45 -999 387.64
Saria 2009 10 17 290 21.96 33.77 23.112 -999 3.27 1.91 -999 387.64
Saria 2009 10 18 291 22.76 32.21 22.032 -999 0.32 2.56 -999 387.64
Saria 2009 10 19 292 21.39 34.22 23.04 -999 0.92 2.56 -999 387.64
Saria 2009 10 20 293 21.3 33.55 22.68 -999 0.65 2.45 -999 387.64
Saria 2009 10 21 294 22.89 30.62 17.352 -999 0.43 2.26 -999 387.64
Saria 2009 10 22 295 22.41 30.78 13.536 -999 1.29 1.77 -999 387.64
Saria 2009 10 23 296 21.58 30.14 18.288 -999 1.15 1.97 -999 387.64
Saria 2009 10 24 297 22.49 32.39 18.468 -999 0.79 1.49 -999 387.64
Saria 2009 10 25 298 22.44 31.81 21.744 -999 0.76 2.25 -999 387.64
Saria 2009 10 26 299 21.13 34.43 22.536 -999 0.3 2.09 -999 387.64
Saria 2009 10 27 300 21.87 34.73 22.536 -999 1.17 1.96 -999 387.64
Saria 2009 10 28 301 22.1 34.25 22.464 -999 0.73 1.91 -999 387.64
Saria 2009 10 29 302 21.69 34.35 22.248 -999 1.19 1.65 -999 387.64
Saria 2009 10 30 303 23.17 30.53 17.352 -999 0.67 2.15 -999 387.64
Saria 2009 10 31 304 22.28 31.41 10.08 -999 4.3 2.66 -999 387.64
Saria 2009 11 1 305 20.91 33.26 17.352 -999 0.02 3.26 -999 387.64
Saria 2009 11 2 306 19.94 31.98 19.332 -999 0 2.51 -999 387.64
Saria 2009 11 3 307 20.02 35.02 18.576 -999 0 2.07 -999 387.64
Saria 2009 11 4 308 19.01 35.41 19.476 -999 0 1.65 -999 387.64
Saria 2009 11 5 309 17.9 35.11 20.556 -999 0 1.79 -999 387.64
Saria 2009 11 6 310 20.26 33.25 22.608 -999 0 1.77 -999 387.64
Saria 2009 11 7 311 18.46 36.3 22.608 -999 0 2.32 -999 387.64
Saria 2009 11 8 312 19.53 35.93 22.428 -999 0 1.26 -999 387.64
Saria 2009 11 9 313 21.45 34.92 21.348 -999 0.07 1.99 -999 387.64
Saria 2009 11 10 314 21.11 33.48 21.276 -999 0.04 1.61 -999 387.64
Saria 2009 11 11 315 21.43 35.9 22.896 -999 0 1.57 -999 387.64
Saria 2009 11 12 316 17.18 35.48 23.184 -999 0 1.68 -999 387.64
Saria 2009 11 13 317 17.58 35.6 23.472 -999 0 2.7 -999 387.64
Saria 2009 11 14 318 15.69 35.08 23.436 -999 0 2.56 -999 387.64
Saria 2009 11 15 319 18.11 35.65 22.284 -999 0.01 1.88 -999 387.64
Saria 2009 11 16 320 20.01 32.16 18.972 -999 0.15 2.06 -999 387.64
Saria 2009 11 17 321 16.58 32.76 19.944 -999 0 3.01 -999 387.64
Saria 2009 11 18 322 14.24 31.17 17.172 -999 0 2.79 -999 387.64
Saria 2009 11 19 323 14.53 31.15 17.244 -999 0 2.71 -999 387.64
Saria 2009 11 20 324 14.51 32.57 20.412 -999 0 2.92 -999 387.64
Saria 2009 11 21 325 14.99 31.48 21.6 -999 0 3.13 -999 387.64
Saria 2009 11 22 326 13.21 32.93 22.032 -999 0 2.66 -999 387.64
Saria 2009 11 23 327 14.24 32.16 21.312 -999 0 2.82 -999 387.64
Saria 2009 11 24 328 14.35 34.03 20.484 -999 0 2.84 -999 387.64
Saria 2009 11 25 329 16.44 33.94 21.6 -999 0 3.39 -999 387.64
Saria 2009 11 26 330 15.38 33.8 21.492 -999 0 3.21 -999 387.64
Saria 2009 11 27 331 14.54 33.77 20.34 -999 0 2.91 -999 387.64
Saria 2009 11 28 332 15.1 33.37 20.808 -999 0 2.77 -999 387.64
Saria 2009 11 29 333 15.57 32.8 17.46 -999 0 2.99 -999 387.64
Saria 2009 11 30 334 14.68 30.73 17.388 -999 0 2.66 -999 387.64
Saria 2009 12 1 335 14.13 33.37 19.8 -999 0 2.92 -999 387.64
Saria 2009 12 2 336 14.51 32.99 21.888 -999 0 3.37 -999 387.64
Saria 2009 12 3 337 12.87 33.61 22.284 -999 0 3.21 -999 387.64
Saria 2009 12 4 338 13.67 33.49 21.708 -999 0 3.44 -999 387.64
Saria 2009 12 5 339 12.85 34 21.42 -999 0 3.12 -999 387.64
Saria 2009 12 6 340 14.8 34.44 22.032 -999 0 3.31 -999 387.64
Saria 2009 12 7 341 13.93 34.39 22.248 -999 0 3.22 -999 387.64
Saria 2009 12 8 342 14.61 34.23 21.924 -999 0 3.38 -999 387.64
Saria 2009 12 9 343 15 33.53 21.312 -999 0 3.33 -999 387.64
Saria 2009 12 10 344 15.15 33.83 18.288 -999 0 2.81 -999 387.64
Saria 2009 12 11 345 15.18 34.22 20.052 -999 0 2.33 -999 387.64
Saria 2009 12 12 346 18.15 34.05 20.304 -999 0 1.3 -999 387.64
Saria 2009 12 13 347 19.29 33.3 12.672 -999 0 2.53 -999 387.64
Saria 2009 12 14 348 18.04 34 18.252 -999 0 2.23 -999 387.64
Saria 2009 12 15 349 17.66 34.16 20.844 -999 0 3.31 -999 387.64
Saria 2009 12 16 350 19.29 31.62 20.376 -999 0 3.59 -999 387.64
Saria 2009 12 17 351 17.22 35.98 21.348 -999 0 3.38 -999 387.64
Saria 2009 12 18 352 17.01 36.36 21.42 -999 0 3.12 -999 387.64
Saria 2009 12 19 353 16.88 36.2 20.772 -999 0 3.3 -999 387.64
Saria 2009 12 20 354 14.65 35.42 21.492 -999 0 2.45 -999 387.64
Saria 2009 12 21 355 15.4 34.9 21.636 -999 0 2.86 -999 387.64
Saria 2009 12 22 356 15.47 36.08 21.852 -999 0 2.98 -999 387.64
Saria 2009 12 23 357 15.17 36.62 22.644 -999 0 3.02 -999 387.64
Saria 2009 12 24 358 13.82 34.52 17.856 -999 0 3.08 -999 387.64
Saria 2009 12 25 359 13.87 34.84 21.528 -999 0 3.48 -999 387.64
Saria 2009 12 26 360 14.19 34.66 22.284 -999 0 3.49 -999 387.64
Saria 2009 12 27 361 13.08 34.41 22.392 -999 0 3.62 -999 387.64
Saria 2009 12 28 362 13.11 34.4 22.644 -999 0 3.25 -999 387.64
Saria 2009 12 29 363 13.88 34.62 22.176 -999 0 3.7 -999 387.64
Saria 2009 12 30 364 14.94 33.54 21.96 -999 0 4.22 -999 387.64
Saria 2009 12 31 365 13.9 33.27 19.008 -999 0 3.66 -999 387.64
