Saria 2008 1 1 1 11.59 30.86 21.924 -999 0 3.15 -999 385.83
Saria 2008 1 2 2 11.76 30.56 20.88 -999 0 3.73 -999 385.83
Saria 2008 1 3 3 11.09 31.55 21.492 -999 0 2.99 -999 385.83
Saria 2008 1 4 4 13.22 32.65 21.42 -999 0 2.61 -999 385.83
Saria 2008 1 5 5 13.11 32.4 19.62 -999 0 2.87 -999 385.83
Saria 2008 1 6 6 12.29 28.83 21.276 -999 0 4.05 -999 385.83
Saria 2008 1 7 7 9.98 26.62 22.896 -999 0 3.81 -999 385.83
Saria 2008 1 8 8 9.05 26.98 21.744 -999 0 3.27 -999 385.83
Saria 2008 1 9 9 10.24 29.26 22.896 -999 0 3.33 -999 385.83
Saria 2008 1 10 10 11.45 31.51 18.828 -999 0 3.35 -999 385.83
Saria 2008 1 11 11 13.47 32.55 20.376 -999 0 3.24 -999 385.83
Saria 2008 1 12 12 13.83 33.69 21.744 -999 0 2.95 -999 385.83
Saria 2008 1 13 13 14.94 34.14 21.744 -999 0 3.34 -999 385.83
Saria 2008 1 14 14 16.36 33.26 19.8 -999 0 3.47 -999 385.83
Saria 2008 1 15 15 15.9 31.24 21.78 -999 0 3.11 -999 385.83
Saria 2008 1 16 16 14.76 32.48 22.248 -999 0 4.01 -999 385.83
Saria 2008 1 17 17 13.81 31.05 22.32 -999 0 4.3 -999 385.83
Saria 2008 1 18 18 12.18 31.11 20.844 -999 0 3.82 -999 385.83
Saria 2008 1 19 19 14.36 32.01 22.716 -999 0 3.88 -999 385.83
Saria 2008 1 20 20 13.79 30.74 22.752 -999 0 4.59 -999 385.83
Saria 2008 1 21 21 12.37 29.03 22.176 -999 0 4.78 -999 385.83
Saria 2008 1 22 22 11.25 28.54 22.284 -999 0 4.55 -999 385.83
Saria 2008 1 23 23 11.12 28.65 23.436 -999 0 4.17 -999 385.83
Saria 2008 1 24 24 10.56 29.46 23.652 -999 0 3.88 -999 385.83
Saria 2008 1 25 25 11.28 30.69 23.4 -999 0 3.88 -999 385.83
Saria 2008 1 26 26 11.91 29.77 23.94 -999 0 4.84 -999 385.83
Saria 2008 1 27 27 11.62 28.73 23.148 -999 0 4.83 -999 385.83
Saria 2008 1 28 28 10.73 28.86 22.968 -999 0 4.59 -999 385.83
Saria 2008 1 29 29 11.29 29.41 20.592 -999 0 4.31 -999 385.83
Saria 2008 1 30 30 11.76 29.8 20.628 -999 0 4.55 -999 385.83
Saria 2008 1 31 31 13.14 31.87 21.816 -999 0 4.21 -999 385.83
Saria 2008 2 1 32 14.13 33.14 19.332 -999 0 3.88 -999 385.83
Saria 2008 2 2 33 14.14 34.16 19.548 -999 0 3.7 -999 385.83
Saria 2008 2 3 34 14.33 34.98 22.32 -999 0 3.72 -999 385.83
Saria 2008 2 4 35 15.84 36.36 22.896 -999 0 4.07 -999 385.83
Saria 2008 2 5 36 16.63 36.89 22.788 -999 0 4.19 -999 385.83
Saria 2008 2 6 37 16.69 37.24 23.22 -999 0 3.91 -999 385.83
Saria 2008 2 7 38 18.3 36.59 22.536 -999 0 4.11 -999 385.83
Saria 2008 2 8 39 17.26 36.28 24.048 -999 0 3.97 -999 385.83
Saria 2008 2 9 40 17.81 35.95 23.904 -999 0 4.34 -999 385.83
Saria 2008 2 10 41 18.15 35.98 23.436 -999 0 4.33 -999 385.83
Saria 2008 2 11 42 16.95 36.11 24.552 -999 0 4.3 -999 385.83
Saria 2008 2 12 43 16.59 36.14 24.3 -999 0 4.7 -999 385.83
Saria 2008 2 13 44 16.6 35.3 22.572 -999 0 4.41 -999 385.83
Saria 2008 2 14 45 17.27 35.94 19.332 -999 0 4.1 -999 385.83
Saria 2008 2 15 46 17.57 35.96 18.648 -999 0 4.09 -999 385.83
Saria 2008 2 16 47 18.1 35.23 15.948 -999 0 4.48 -999 385.83
Saria 2008 2 17 48 17.19 34.82 22.464 -999 0 4.56 -999 385.83
Saria 2008 2 18 49 15.16 34.34 24.948 -999 0 4.63 -999 385.83
Saria 2008 2 19 50 16.49 33.45 21.204 -999 0 4.66 -999 385.83
Saria 2008 2 20 51 16.24 32.64 15.552 -999 0 4.43 -999 385.83
Saria 2008 2 21 52 16.55 33.36 14.94 -999 0 4.01 -999 385.83
Saria 2008 2 22 53 16.34 34.09 17.532 -999 0 3.9 -999 385.83
Saria 2008 2 23 54 17.38 36.74 20.916 -999 0 3.68 -999 385.83
Saria 2008 2 24 55 18.09 38.64 23.544 -999 0 3.55 -999 385.83
Saria 2008 2 25 56 18.9 39.08 24.84 -999 0 3.71 -999 385.83
Saria 2008 2 26 57 17.9 38.35 22.14 -999 0 3.38 -999 385.83
Saria 2008 2 27 58 18.37 38.31 19.62 -999 0 2.84 -999 385.83
Saria 2008 2 28 59 18.32 38.08 18.18 -999 0 2.8 -999 385.83
Saria 2008 2 29 60 19.28 38.45 21.816 -999 0 3.34 -999 385.83
Saria 2008 3 1 61 17.98 38.99 22.032 -999 0 2.87 -999 385.83
Saria 2008 3 2 62 19.54 39.14 21.78 -999 0 2.58 -999 385.83
Saria 2008 3 3 63 19.3 39.04 21.6 -999 0 3.01 -999 385.83
Saria 2008 3 4 64 20.28 39.32 22.284 -999 0 3.48 -999 385.83
Saria 2008 3 5 65 19.31 39.9 23.112 -999 0 2.88 -999 385.83
Saria 2008 3 6 66 18.86 39.41 24.12 -999 0 3.98 -999 385.83
Saria 2008 3 7 67 20.19 38.3 22.968 -999 0 4.27 -999 385.83
Saria 2008 3 8 68 19.79 37.67 24.84 -999 0 3.85 -999 385.83
Saria 2008 3 9 69 18.16 38.44 26.496 -999 0 3.01 -999 385.83
Saria 2008 3 10 70 17.62 39.14 24.768 -999 0 3.52 -999 385.83
Saria 2008 3 11 71 22.82 38.87 22.212 -999 0.15 3.23 -999 385.83
Saria 2008 3 12 72 23.43 33.4 7.74 -999 0.11 2 -999 385.83
Saria 2008 3 13 73 22.02 38.44 23.436 -999 0 2.79 -999 385.83
Saria 2008 3 14 74 20.94 39.63 26.064 -999 0 4.16 -999 385.83
Saria 2008 3 15 75 21.88 39.43 20.052 -999 0 4.26 -999 385.83
Saria 2008 3 16 76 19.47 39.94 24.516 -999 0 3.64 -999 385.83
Saria 2008 3 17 77 20.48 39.88 27.756 -999 0 4.12 -999 385.83
Saria 2008 3 18 78 19.52 40.28 23.868 -999 0.08 3.14 -999 385.83
Saria 2008 3 19 79 19.22 39.74 25.452 -999 0 2.85 -999 385.83
Saria 2008 3 20 80 23.87 40.3 21.564 -999 0.1 2.41 -999 385.83
Saria 2008 3 21 81 26.31 40.7 21.708 -999 0.13 2.28 -999 385.83
Saria 2008 3 22 82 27.6 39.32 11.88 -999 0.09 3.18 -999 385.83
Saria 2008 3 23 83 25.09 38.83 18.72 -999 0.16 1.62 -999 385.83
Saria 2008 3 24 84 24.48 39.51 20.556 -999 0.27 2.77 -999 385.83
Saria 2008 3 25 85 23.87 41.8 24.48 -999 0 4.04 -999 385.83
Saria 2008 3 26 86 25.05 41.54 24.588 -999 0 5.31 -999 385.83
Saria 2008 3 27 87 21.23 41.23 26.46 -999 0 4.46 -999 385.83
Saria 2008 3 28 88 21.15 41.12 26.208 -999 0 4.17 -999 385.83
Saria 2008 3 29 89 20.74 40.73 25.632 -999 0 3.05 -999 385.83
Saria 2008 3 30 90 20.04 42.17 27.396 -999 0 2.33 -999 385.83
Saria 2008 3 31 91 19.84 42.12 24.732 -999 0 3.32 -999 385.83
Saria 2008 4 1 92 24.08 41.48 23.076 -999 0 2.76 -999 385.83
Saria 2008 4 2 93 23.77 41.73 23.076 -999 0 2.8 -999 385.83
Saria 2008 4 3 94 23.53 40.93 24.624 -999 0 2.96 -999 385.83
Saria 2008 4 4 95 20.21 38.47 24.768 -999 0 3.56 -999 385.83
Saria 2008 4 5 96 18.76 37.93 25.164 -999 0 3.72 -999 385.83
Saria 2008 4 6 97 19.08 39.08 24.948 -999 0 3.23 -999 385.83
Saria 2008 4 7 98 20.1 40.26 26.568 -999 0 3.74 -999 385.83
Saria 2008 4 8 99 21.78 40.33 24.66 -999 0 4.14 -999 385.83
Saria 2008 4 9 100 21.12 40.26 25.632 -999 0 3.65 -999 385.83
Saria 2008 4 10 101 20.36 40.35 25.344 -999 0 3.03 -999 385.83
Saria 2008 4 11 102 21.04 40.48 21.492 -999 0 2.87 -999 385.83
Saria 2008 4 12 103 23.07 40.95 19.764 -999 0 2.52 -999 385.83
Saria 2008 4 13 104 22.47 41.72 19.692 -999 0 3.53 -999 385.83
Saria 2008 4 14 105 21.91 41.53 22.968 -999 0 3.26 -999 385.83
Saria 2008 4 15 106 21.98 40.72 22.968 -999 0 2.16 -999 385.83
Saria 2008 4 16 107 23.71 41.33 21.384 -999 0.26 2.27 -999 385.83
Saria 2008 4 17 108 22.13 41.14 18.648 -999 0.13 1.86 -999 385.83
Saria 2008 4 18 109 25.06 42.08 23.256 -999 0.31 2.41 -999 385.83
Saria 2008 4 19 110 27.82 41.86 22.212 -999 0 3.61 -999 385.83
Saria 2008 4 20 111 28.45 42.65 23.22 -999 0.74 2.77 -999 385.83
Saria 2008 4 21 112 28.37 41.43 22.968 -999 7.16 2.75 -999 385.83
Saria 2008 4 22 113 27.1 41.29 17.928 -999 0.03 3.36 -999 385.83
Saria 2008 4 23 114 27.19 41.06 23.472 -999 1.98 3.3 -999 385.83
Saria 2008 4 24 115 27.26 36.52 22.32 -999 1.45 3.45 -999 385.83
Saria 2008 4 25 116 26.36 36.83 21.24 -999 7.07 3.48 -999 385.83
Saria 2008 4 26 117 24.98 39.09 22.284 -999 2.58 3.81 -999 385.83
Saria 2008 4 27 118 24.21 39.12 21.528 -999 0 3.09 -999 385.83
Saria 2008 4 28 119 26.5 38.96 22.212 -999 0.24 3.76 -999 385.83
Saria 2008 4 29 120 25.65 36.55 17.892 -999 1.9 2.73 -999 385.83
Saria 2008 4 30 121 25 37.82 20.088 -999 0.98 2.09 -999 385.83
Saria 2008 5 1 122 24.47 39.61 16.092 -999 0.49 3.4 -999 385.83
Saria 2008 5 2 123 22.01 40.95 23.94 -999 0.02 2.88 -999 385.83
Saria 2008 5 3 124 23.29 41.6 22.32 -999 0.01 2.55 -999 385.83
Saria 2008 5 4 125 26.36 41.63 24.732 -999 0.2 3.4 -999 385.83
Saria 2008 5 5 126 27.4 41.29 24.156 -999 1.42 3.92 -999 385.83
Saria 2008 5 6 127 26.41 40.18 21.132 -999 0.06 3.47 -999 385.83
Saria 2008 5 7 128 24.5 40.27 25.92 -999 0 2.63 -999 385.83
Saria 2008 5 8 129 26.26 41.8 25.452 -999 0.11 2.91 -999 385.83
Saria 2008 5 9 130 27.39 41.67 20.196 -999 0.29 4.05 -999 385.83
Saria 2008 5 10 131 27.12 38.28 25.056 -999 0.24 3.55 -999 385.83
Saria 2008 5 11 132 26.65 40.93 22.248 -999 2.54 2.18 -999 385.83
Saria 2008 5 12 133 28.05 36.85 17.64 -999 2.02 2.5 -999 385.83
Saria 2008 5 13 134 26.85 39.34 13.644 -999 0.99 2.98 -999 385.83
Saria 2008 5 14 135 25.31 39.11 23.328 -999 0.77 2.09 -999 385.83
Saria 2008 5 15 136 24.55 41.73 25.092 -999 0.05 2.7 -999 385.83
Saria 2008 5 16 137 26.17 41.94 25.452 -999 0.03 4.2 -999 385.83
Saria 2008 5 17 138 27.29 38.99 11.7 -999 0.22 4.13 -999 385.83
Saria 2008 5 18 139 27.9 39.82 23.832 -999 0.32 2.41 -999 385.83
Saria 2008 5 19 140 26.33 39.44 20.124 -999 0.14 3.73 -999 385.83
Saria 2008 5 20 141 26.64 38.26 18.36 -999 0.7 2.55 -999 385.83
Saria 2008 5 21 142 27.59 36.2 16.272 -999 1.6 3.13 -999 385.83
Saria 2008 5 22 143 25.56 40.46 24.804 -999 1.28 2.38 -999 385.83
Saria 2008 5 23 144 26.06 40.58 25.452 -999 1.07 2.84 -999 385.83
Saria 2008 5 24 145 27.47 39.87 21.816 -999 1.05 3.82 -999 385.83
Saria 2008 5 25 146 26.04 37.72 10.296 -999 0.44 4.26 -999 385.83
Saria 2008 5 26 147 26.39 37.95 25.056 -999 0 1.8 -999 385.83
Saria 2008 5 27 148 26.82 40.98 25.704 -999 0 2.38 -999 385.83
Saria 2008 5 28 149 27.44 43.19 21.204 -999 0 2.92 -999 385.83
Saria 2008 5 29 150 26.99 35.77 23.904 -999 0 4.34 -999 385.83
Saria 2008 5 30 151 25.98 35.33 15.84 -999 0 3.19 -999 385.83
Saria 2008 5 31 152 25.03 40.43 24.156 -999 0 1.96 -999 385.83
Saria 2008 6 1 153 27.69 41.43 22.068 -999 0.89 2.67 -999 385.83
Saria 2008 6 2 154 27.69 40.63 21.708 -999 1.22 3.73 -999 385.83
Saria 2008 6 3 155 27.22 38.04 22.644 -999 0.6 3.64 -999 385.83
Saria 2008 6 4 156 25.94 38.76 22.428 -999 0.04 3.69 -999 385.83
Saria 2008 6 5 157 25.11 41.26 26.208 -999 2.08 2.34 -999 385.83
Saria 2008 6 6 158 26.85 40.05 21.42 -999 5.47 2.7 -999 385.83
Saria 2008 6 7 159 26.55 37.84 26.388 -999 2.16 3.54 -999 385.83
Saria 2008 6 8 160 25.36 36.46 16.092 -999 1.77 3.27 -999 385.83
Saria 2008 6 9 161 25.71 38.62 21.888 -999 4.2 2.41 -999 385.83
Saria 2008 6 10 162 25.98 37.27 22.212 -999 1.7 3.31 -999 385.83
Saria 2008 6 11 163 25.5 37.01 23.904 -999 2.46 3.4 -999 385.83
Saria 2008 6 12 164 24.54 37.45 17.496 -999 3.96 2.24 -999 385.83
Saria 2008 6 13 165 25.74 36.93 22.068 -999 1.63 3.48 -999 385.83
Saria 2008 6 14 166 25.94 38.78 23.868 -999 0.3 3.01 -999 385.83
Saria 2008 6 15 167 25.15 39.57 24.336 -999 1.42 2.42 -999 385.83
Saria 2008 6 16 168 25.65 40.48 22.32 -999 2.05 2.47 -999 385.83
Saria 2008 6 17 169 26 38.78 15.876 -999 1.54 3.71 -999 385.83
Saria 2008 6 18 170 25.51 38.15 24.192 -999 0.9 3.73 -999 385.83
Saria 2008 6 19 171 25.05 37.85 22.428 -999 0.79 2.79 -999 385.83
Saria 2008 6 20 172 25.18 38.58 23.724 -999 2.43 3.03 -999 385.83
Saria 2008 6 21 173 26.24 38.23 24.696 -999 3.46 3.69 -999 385.83
Saria 2008 6 22 174 25.86 37.75 20.34 -999 1.6 3.2 -999 385.83
Saria 2008 6 23 175 26.1 37.44 24.156 -999 7.72 2.51 -999 385.83
Saria 2008 6 24 176 24.93 36.3 16.272 -999 0.92 2.88 -999 385.83
Saria 2008 6 25 177 24.11 33.26 9.54 -999 11.15 2.41 -999 385.83
Saria 2008 6 26 178 23.27 28.82 13.068 -999 9.8 2.66 -999 385.83
Saria 2008 6 27 179 22.22 34.39 24.84 -999 4.64 1.48 -999 385.83
Saria 2008 6 28 180 23.67 34.43 14.724 -999 14.14 0.8 -999 385.83
Saria 2008 6 29 181 23.94 32.07 21.6 -999 10.9 2.03 -999 385.83
Saria 2008 6 30 182 22.95 33.25 11.844 -999 8.08 2.2 -999 385.83
Saria 2008 7 1 183 21.89 33.61 23.472 -999 4.86 2.45 -999 385.83
Saria 2008 7 2 184 22.65 35.77 20.196 -999 3.5 1.67 -999 385.83
Saria 2008 7 3 185 23.03 32.88 23.544 -999 8.2 2.23 -999 385.83
Saria 2008 7 4 186 22.92 33.24 13.32 -999 12 2.68 -999 385.83
Saria 2008 7 5 187 23.23 35.55 19.836 -999 0.96 3.05 -999 385.83
Saria 2008 7 6 188 22.75 32.12 23.472 -999 3.35 2.12 -999 385.83
Saria 2008 7 7 189 22.58 30.72 19.224 -999 12.13 2.58 -999 385.83
Saria 2008 7 8 190 22.33 34.19 23.616 -999 3.39 1.89 -999 385.83
Saria 2008 7 9 191 21.99 30.98 12.564 -999 5.31 2.12 -999 385.83
Saria 2008 7 10 192 22.65 32.03 22.032 -999 4.61 2.61 -999 385.83
Saria 2008 7 11 193 22.3 33.26 19.656 -999 6.51 1.95 -999 385.83
Saria 2008 7 12 194 22.85 33.8 24.372 -999 1.14 1.49 -999 385.83
Saria 2008 7 13 195 22.72 33.44 24.372 -999 2.81 1.77 -999 385.83
Saria 2008 7 14 196 22.58 36.69 23.148 -999 2.23 2.09 -999 385.83
Saria 2008 7 15 197 23.74 32.1 16.344 -999 7.42 3.68 -999 385.83
Saria 2008 7 16 198 22.44 32.48 23.76 -999 3.87 2.8 -999 385.83
Saria 2008 7 17 199 22.33 31.26 21.456 -999 9.4 2.94 -999 385.83
Saria 2008 7 18 200 21.67 31.65 18.9 -999 6.96 3.37 -999 385.83
Saria 2008 7 19 201 22.76 26.8 3.744 -999 36.17 3.61 -999 385.83
Saria 2008 7 20 202 22.58 31.38 15.336 -999 5.62 2.65 -999 385.83
Saria 2008 7 21 203 22.08 31.84 24.408 -999 3.97 1.96 -999 385.83
Saria 2008 7 22 204 22.55 32.05 17.46 -999 3.41 2.59 -999 385.83
Saria 2008 7 23 205 22.3 30.37 24.984 -999 3.91 2.21 -999 385.83
Saria 2008 7 24 206 22.5 32.08 21.564 -999 2.7 2.63 -999 385.83
Saria 2008 7 25 207 22.51 32.25 23.868 -999 5.1 1.91 -999 385.83
Saria 2008 7 26 208 22.53 30.1 13.608 -999 5.23 1.29 -999 385.83
Saria 2008 7 27 209 21.98 32.43 19.764 -999 2.81 2.08 -999 385.83
Saria 2008 7 28 210 22.38 31.96 18.792 -999 3.45 2.74 -999 385.83
Saria 2008 7 29 211 21.8 32.23 24.876 -999 3.08 2.22 -999 385.83
Saria 2008 7 30 212 22.26 33.03 12.78 -999 13.96 1.77 -999 385.83
Saria 2008 7 31 213 22 33.09 24.696 -999 8.65 1.93 -999 385.83
Saria 2008 8 1 214 22.49 32.35 17.172 -999 4.75 1.88 -999 385.83
Saria 2008 8 2 215 21.9 30.65 24.804 -999 7.75 2.28 -999 385.83
Saria 2008 8 3 216 22.51 32.7 23.256 -999 9.18 1.88 -999 385.83
Saria 2008 8 4 217 22.3 33.17 22.068 -999 5.19 2 -999 385.83
Saria 2008 8 5 218 22.44 30.65 22.14 -999 6.96 1.91 -999 385.83
Saria 2008 8 6 219 21.83 32.55 24.084 -999 3.66 1.53 -999 385.83
Saria 2008 8 7 220 22.08 32.55 25.128 -999 7.72 2.2 -999 385.83
Saria 2008 8 8 221 22.51 34.37 23.616 -999 4.91 1.94 -999 385.83
Saria 2008 8 9 222 22.39 31.82 18.864 -999 2.22 2.29 -999 385.83
Saria 2008 8 10 223 22.73 31.19 23.472 -999 3.36 2.34 -999 385.83
Saria 2008 8 11 224 22.57 32.65 25.02 -999 5.9 1.75 -999 385.83
Saria 2008 8 12 225 22.9 31.3 16.488 -999 5.11 1.69 -999 385.83
Saria 2008 8 13 226 22.48 31.76 23.184 -999 6.77 1.64 -999 385.83
Saria 2008 8 14 227 21.72 30.63 8.46 -999 5.18 2.39 -999 385.83
Saria 2008 8 15 228 21.21 32.95 23.616 -999 8.79 2.05 -999 385.83
Saria 2008 8 16 229 23.02 28.62 15.912 -999 16.51 1.74 -999 385.83
Saria 2008 8 17 230 22.01 29.36 20.196 -999 5.24 1.8 -999 385.83
Saria 2008 8 18 231 22.05 29.95 18.36 -999 12.9 1.34 -999 385.83
Saria 2008 8 19 232 22.03 26.89 11.448 -999 9.65 1.66 -999 385.83
Saria 2008 8 20 233 21.33 30.28 19.224 -999 6.23 2.73 -999 385.83
Saria 2008 8 21 234 22.38 33 25.596 -999 1.95 2.11 -999 385.83
Saria 2008 8 22 235 21.79 31.08 16.092 -999 14.01 1.53 -999 385.83
Saria 2008 8 23 236 22.87 27.66 15.948 -999 12.76 2.72 -999 385.83
Saria 2008 8 24 237 22.05 29.02 24.156 -999 15.52 1.5 -999 385.83
Saria 2008 8 25 238 21.37 30.59 16.596 -999 11.27 1.83 -999 385.83
Saria 2008 8 26 239 22.23 28.38 13.86 -999 8.56 1.73 -999 385.83
Saria 2008 8 27 240 21.44 29.37 23.004 -999 9.83 1.77 -999 385.83
Saria 2008 8 28 241 21.75 29.76 24.84 -999 12.43 1.49 -999 385.83
Saria 2008 8 29 242 21.74 32.51 21.348 -999 10.99 1.29 -999 385.83
Saria 2008 8 30 243 22.41 29.52 21.708 -999 6.55 1.71 -999 385.83
Saria 2008 8 31 244 21.34 31.69 16.38 -999 2.69 1.34 -999 385.83
Saria 2008 9 1 245 21.18 33.28 24.804 -999 4.38 1.45 -999 385.83
Saria 2008 9 2 246 21.7 30.85 16.452 -999 8.92 2.02 -999 385.83
Saria 2008 9 3 247 22.47 28.86 19.908 -999 3.83 1.96 -999 385.83
Saria 2008 9 4 248 21.5 30.26 16.776 -999 2.1 1.2 -999 385.83
Saria 2008 9 5 249 21.58 32.04 22.104 -999 0.84 2.22 -999 385.83
Saria 2008 9 6 250 21.61 32.8 23.256 -999 1.29 1.77 -999 385.83
Saria 2008 9 7 251 21.07 33.96 24.984 -999 2.68 1.57 -999 385.83
Saria 2008 9 8 252 22.87 28.64 15.228 -999 17.7 2.3 -999 385.83
Saria 2008 9 9 253 21.94 32.92 17.676 -999 1.58 1.35 -999 385.83
Saria 2008 9 10 254 21.25 32.04 16.848 -999 7.31 1.26 -999 385.83
Saria 2008 9 11 255 21.79 32.93 22.14 -999 5.38 1.63 -999 385.83
Saria 2008 9 12 256 22.55 31.21 13.68 -999 8.61 1.17 -999 385.83
Saria 2008 9 13 257 22.09 29.43 17.676 -999 7.27 1.09 -999 385.83
Saria 2008 9 14 258 23.05 30.83 21.6 -999 4.15 1.46 -999 385.83
Saria 2008 9 15 259 22.26 31.12 21.168 -999 8.32 1.66 -999 385.83
Saria 2008 9 16 260 21.82 28.83 18.612 -999 10.08 1.97 -999 385.83
Saria 2008 9 17 261 20.55 33.52 23.112 -999 3.34 1.23 -999 385.83
Saria 2008 9 18 262 21.87 34.4 23.508 -999 2.54 2.04 -999 385.83
Saria 2008 9 19 263 23.01 30.24 19.62 -999 2.17 2.3 -999 385.83
Saria 2008 9 20 264 21.74 30.4 19.008 -999 2.03 1.59 -999 385.83
Saria 2008 9 21 265 21.37 31.78 24.084 -999 0.69 1.99 -999 385.83
Saria 2008 9 22 266 21.03 33.26 23.76 -999 2.65 1.8 -999 385.83
Saria 2008 9 23 267 21.91 32.25 19.764 -999 3.17 1.9 -999 385.83
Saria 2008 9 24 268 22.44 31.77 19.62 -999 2.06 2.23 -999 385.83
Saria 2008 9 25 269 21.93 31.52 23.904 -999 2.61 1.32 -999 385.83
Saria 2008 9 26 270 22.55 33.52 16.2 -999 1.06 1.41 -999 385.83
Saria 2008 9 27 271 21.62 34.15 19.08 -999 1.17 1.57 -999 385.83
Saria 2008 9 28 272 20.91 32.15 20.16 -999 0.79 2.06 -999 385.83
Saria 2008 9 29 273 20.9 33.07 17.136 -999 1.11 2.04 -999 385.83
Saria 2008 9 30 274 22.58 32.19 22.644 -999 0.56 1.77 -999 385.83
Saria 2008 10 1 275 21.63 32.13 22.176 -999 2 1.61 -999 385.83
Saria 2008 10 2 276 21.07 34.44 23.508 -999 0.25 1.6 -999 385.83
Saria 2008 10 3 277 21.85 34.33 23.364 -999 1.88 2.08 -999 385.83
Saria 2008 10 4 278 22.72 31.4 20.124 -999 0.34 1.56 -999 385.83
Saria 2008 10 5 279 20.93 33.79 20.808 -999 1.01 1.8 -999 385.83
Saria 2008 10 6 280 21.95 35.87 21.348 -999 1.35 1.64 -999 385.83
Saria 2008 10 7 281 22.32 36.39 24.048 -999 1.17 1.71 -999 385.83
Saria 2008 10 8 282 22.63 31.67 21.924 -999 5.52 2.55 -999 385.83
Saria 2008 10 9 283 22.18 30.31 23.652 -999 0.25 1.81 -999 385.83
Saria 2008 10 10 284 22.09 32.3 23.256 -999 4.31 1.67 -999 385.83
Saria 2008 10 11 285 21.92 30.75 21.924 -999 6.98 2.05 -999 385.83
Saria 2008 10 12 286 22.24 29.87 19.404 -999 7.99 1.58 -999 385.83
Saria 2008 10 13 287 22.47 33.42 17.496 -999 0.97 1.22 -999 385.83
Saria 2008 10 14 288 21.27 35.55 20.196 -999 0 1.91 -999 385.83
Saria 2008 10 15 289 21.89 34.36 19.404 -999 0.6 2.15 -999 385.83
Saria 2008 10 16 290 22.87 35.37 22.14 -999 0.16 1.97 -999 385.83
Saria 2008 10 17 291 21.75 34.05 19.404 -999 0.23 2.06 -999 385.83
Saria 2008 10 18 292 21.26 34.34 18.936 -999 2.98 1.29 -999 385.83
Saria 2008 10 19 293 22.16 35.11 21.276 -999 1.45 1.91 -999 385.83
Saria 2008 10 20 294 23.13 29.68 20.268 -999 1.95 2.23 -999 385.83
Saria 2008 10 21 295 21.77 33.6 19.476 -999 0.78 1.62 -999 385.83
Saria 2008 10 22 296 20.8 33.51 23.148 -999 1.02 1.69 -999 385.83
Saria 2008 10 23 297 21.41 34.17 23.22 -999 0 2.36 -999 385.83
Saria 2008 10 24 298 20.64 35.34 22.068 -999 0 1.77 -999 385.83
Saria 2008 10 25 299 21.23 36.09 20.556 -999 0 1.59 -999 385.83
Saria 2008 10 26 300 18.62 35.65 21.672 -999 0 2.16 -999 385.83
Saria 2008 10 27 301 19.13 35.44 21.456 -999 0 1.88 -999 385.83
Saria 2008 10 28 302 20.03 35.76 22.5 -999 0 2.03 -999 385.83
Saria 2008 10 29 303 22.02 36.1 21.636 -999 0 2 -999 385.83
Saria 2008 10 30 304 21.25 36.56 21.744 -999 0 1.86 -999 385.83
Saria 2008 10 31 305 22.02 36.18 21.42 -999 0 1.4 -999 385.83
Saria 2008 11 1 306 20.62 35.91 19.764 -999 0 2.07 -999 385.83
Saria 2008 11 2 307 17.05 34.44 20.988 -999 0 2.88 -999 385.83
Saria 2008 11 3 308 17.01 34.7 21.348 -999 0 2 -999 385.83
Saria 2008 11 4 309 18.34 34.48 19.728 -999 0 2.45 -999 385.83
Saria 2008 11 5 310 15.8 34.9 21.24 -999 0 2.55 -999 385.83
Saria 2008 11 6 311 15.55 35.32 21.816 -999 0 2.31 -999 385.83
Saria 2008 11 7 312 18 34.87 21.96 -999 0 1.59 -999 385.83
Saria 2008 11 8 313 14.63 34.87 22.284 -999 0 1.86 -999 385.83
Saria 2008 11 9 314 16.07 34.34 22.86 -999 0 0.86 -999 385.83
Saria 2008 11 10 315 16.76 35.32 23.04 -999 0 1.38 -999 385.83
Saria 2008 11 11 316 16.8 34.94 21.276 -999 0 2.72 -999 385.83
Saria 2008 11 12 317 16.58 34.03 19.908 -999 0 2.96 -999 385.83
Saria 2008 11 13 318 14.9 34.05 22.14 -999 0 3.21 -999 385.83
Saria 2008 11 14 319 15.25 34.22 20.016 -999 0 2.86 -999 385.83
Saria 2008 11 15 320 16.36 34.72 18.9 -999 0 3.07 -999 385.83
Saria 2008 11 16 321 17.33 35.42 19.08 -999 0 3.09 -999 385.83
Saria 2008 11 17 322 16.96 35.37 22.68 -999 0 3.01 -999 385.83
Saria 2008 11 18 323 13.83 34.87 23.292 -999 0 2.48 -999 385.83
Saria 2008 11 19 324 13.91 33.87 22.752 -999 0 2.85 -999 385.83
Saria 2008 11 20 325 15.83 31.35 17.892 -999 0 3.02 -999 385.83
Saria 2008 11 21 326 16.49 33.26 17.064 -999 0 3.05 -999 385.83
Saria 2008 11 22 327 17.65 35.75 22.212 -999 0 2.76 -999 385.83
Saria 2008 11 23 328 16.9 35.91 21.636 -999 0 2.82 -999 385.83
Saria 2008 11 24 329 17.87 36.18 21.132 -999 0 2.93 -999 385.83
Saria 2008 11 25 330 16.34 36.08 22.608 -999 0 2.75 -999 385.83
Saria 2008 11 26 331 16.59 36.31 22.212 -999 0 3.19 -999 385.83
Saria 2008 11 27 332 16.27 36.82 21.672 -999 0 2.9 -999 385.83
Saria 2008 11 28 333 16.49 35.59 21.636 -999 0 3.23 -999 385.83
Saria 2008 11 29 334 14.82 35.78 21.888 -999 0 2.55 -999 385.83
Saria 2008 11 30 335 15.54 36.81 21.996 -999 0 2.12 -999 385.83
Saria 2008 12 1 336 15.96 37.01 21.996 -999 0 2.85 -999 385.83
Saria 2008 12 2 337 20.14 37.23 21.708 -999 0 1.59 -999 385.83
Saria 2008 12 3 338 16.12 35.02 22.248 -999 0 3.23 -999 385.83
Saria 2008 12 4 339 15.4 31.4 20.304 -999 0 3.21 -999 385.83
Saria 2008 12 5 340 12.57 28.69 21.96 -999 0 3.78 -999 385.83
Saria 2008 12 6 341 10.54 29.91 22.5 -999 0 3.16 -999 385.83
Saria 2008 12 7 342 13.65 31.93 21.78 -999 0 2.74 -999 385.83
Saria 2008 12 8 343 14.09 33.8 21.636 -999 0 2.87 -999 385.83
Saria 2008 12 9 344 14.09 34.48 21.168 -999 0 2.59 -999 385.83
Saria 2008 12 10 345 14.51 35.5 21.6 -999 0 2.12 -999 385.83
Saria 2008 12 11 346 14.69 35.47 21.456 -999 0 2.77 -999 385.83
Saria 2008 12 12 347 15.69 35.38 21.564 -999 0 3.51 -999 385.83
Saria 2008 12 13 348 16.4 35.92 21.06 -999 0 2.98 -999 385.83
Saria 2008 12 14 349 16.55 36.26 21.24 -999 0 3.1 -999 385.83
Saria 2008 12 15 350 16.12 35.55 20.7 -999 0 1.91 -999 385.83
Saria 2008 12 16 351 17.87 35.11 14.4 -999 0 2.98 -999 385.83
Saria 2008 12 17 352 16.62 32.17 13.32 -999 0 3.49 -999 385.83
Saria 2008 12 18 353 18.58 34.4 16.056 -999 0 3.68 -999 385.83
Saria 2008 12 19 354 17.17 34.47 19.44 -999 0 4.23 -999 385.83
Saria 2008 12 20 355 16.8 35.08 20.916 -999 0 4.19 -999 385.83
Saria 2008 12 21 356 16.86 34.98 20.916 -999 0 3.91 -999 385.83
Saria 2008 12 22 357 17.3 34.25 21.204 -999 0 3.99 -999 385.83
Saria 2008 12 23 358 16.4 33.31 20.052 -999 0 3.72 -999 385.83
Saria 2008 12 24 359 15.21 32.44 20.124 -999 0 3.55 -999 385.83
Saria 2008 12 25 360 15.03 31.69 17.784 -999 0 3.24 -999 385.83
Saria 2008 12 26 361 15.25 33.3 16.812 -999 0 3.3 -999 385.83
Saria 2008 12 27 362 15.94 34.03 19.188 -999 0 3.39 -999 385.83
Saria 2008 12 28 363 16.58 34.83 18.72 -999 0 3.39 -999 385.83
Saria 2008 12 29 364 15.99 34.93 20.808 -999 0 3.79 -999 385.83
Saria 2008 12 30 365 15.71 34.56 20.484 -999 0 3.77 -999 385.83
Saria 2008 12 31 366 16.03 34.65 21.348 -999 0 3.76 -999 385.83
