Saria 2011 1 1 1 12.3 27.43 17.136 -999 0 3.29 -999 391.85
Saria 2011 1 2 2 12.86 28.97 18.864 -999 0 3.05 -999 391.85
Saria 2011 1 3 3 12.26 30.27 21.132 -999 0 2.88 -999 391.85
Saria 2011 1 4 4 12.09 31.58 20.196 -999 0 3.2 -999 391.85
Saria 2011 1 5 5 12.3 32.29 21.24 -999 0 2.7 -999 391.85
Saria 2011 1 6 6 13.16 32.69 21.744 -999 0 3.31 -999 391.85
Saria 2011 1 7 7 13.74 31.98 21.312 -999 0 3.77 -999 391.85
Saria 2011 1 8 8 12.53 30.45 21.636 -999 0 3.84 -999 391.85
Saria 2011 1 9 9 12.58 28.94 17.388 -999 0 3.7 -999 391.85
Saria 2011 1 10 10 12.27 27.07 12.348 -999 0 2.89 -999 391.85
Saria 2011 1 11 11 13.34 28.91 14.076 -999 0 3.36 -999 391.85
Saria 2011 1 12 12 12.38 29.41 19.26 -999 0 3.16 -999 391.85
Saria 2011 1 13 13 10.88 30.43 21.96 -999 0 2.85 -999 391.85
Saria 2011 1 14 14 11.62 31.72 21.06 -999 0 3.23 -999 391.85
Saria 2011 1 15 15 12.55 30.17 20.196 -999 0 3.93 -999 391.85
Saria 2011 1 16 16 12.28 28.21 19.368 -999 0 3.97 -999 391.85
Saria 2011 1 17 17 13.63 28.47 16.452 -999 0 3.61 -999 391.85
Saria 2011 1 18 18 11.35 28.43 15.696 -999 0 3.09 -999 391.85
Saria 2011 1 19 19 11.77 29.65 21.312 -999 0 2.8 -999 391.85
Saria 2011 1 20 20 12.48 31.62 20.664 -999 0 3.03 -999 391.85
Saria 2011 1 21 21 12.97 31.93 19.944 -999 0 2.69 -999 391.85
Saria 2011 1 22 22 13.49 33.44 21.024 -999 0 2.59 -999 391.85
Saria 2011 1 23 23 13.21 34.01 21.24 -999 0 2.52 -999 391.85
Saria 2011 1 24 24 14.71 34.68 22.032 -999 0 3.17 -999 391.85
Saria 2011 1 25 25 15.92 35.61 18.72 -999 0 3.03 -999 391.85
Saria 2011 1 26 26 15.83 36.23 21.672 -999 0 3.02 -999 391.85
Saria 2011 1 27 27 17.46 36.85 21.528 -999 0 2.52 -999 391.85
Saria 2011 1 28 28 15.8 36.83 22.14 -999 0 3.53 -999 391.85
Saria 2011 1 29 29 17.3 36.46 22.14 -999 0 4.3 -999 391.85
Saria 2011 1 30 30 16.37 36.76 21.564 -999 0 3.23 -999 391.85
Saria 2011 1 31 31 16.54 37.32 21.6 -999 0.09 3.06 -999 391.85
Saria 2011 2 1 32 19.19 37.84 21.312 -999 0.02 2.2 -999 391.85
Saria 2011 2 2 33 18.73 37.27 21.384 -999 0.33 2.28 -999 391.85
Saria 2011 2 3 34 20.35 34.14 14.256 -999 0 4.6 -999 391.85
Saria 2011 2 4 35 18.56 31.19 16.92 -999 0 4.7 -999 391.85
Saria 2011 2 5 36 14.48 30.58 23.112 -999 0 4.12 -999 391.85
Saria 2011 2 6 37 14.02 31.26 20.88 -999 0 3.38 -999 391.85
Saria 2011 2 7 38 16.18 33.77 22.68 -999 0 3.41 -999 391.85
Saria 2011 2 8 39 16.28 34.72 22.968 -999 0 2.99 -999 391.85
Saria 2011 2 9 40 15.96 35.82 23.652 -999 0 2.81 -999 391.85
Saria 2011 2 10 41 17.41 37.01 23.58 -999 0 2.38 -999 391.85
Saria 2011 2 11 42 20.13 35.71 21.564 -999 0 2.41 -999 391.85
Saria 2011 2 12 43 20.33 36.15 16.632 -999 0 2.5 -999 391.85
Saria 2011 2 13 44 19.48 34.46 20.196 -999 0 3.78 -999 391.85
Saria 2011 2 14 45 18.69 32.02 19.08 -999 0 3.67 -999 391.85
Saria 2011 2 15 46 18.36 33.92 15.012 -999 0.01 3.33 -999 391.85
Saria 2011 2 16 47 18.04 36.19 22.608 -999 0 2.59 -999 391.85
Saria 2011 2 17 48 17.76 36.3 22.284 -999 0.01 3.39 -999 391.85
Saria 2011 2 18 49 19.5 36.58 19.512 -999 0.01 3.61 -999 391.85
Saria 2011 2 19 50 23.67 36.06 21.744 -999 0.05 3.75 -999 391.85
Saria 2011 2 20 51 20.55 38.22 23.184 -999 0 3.94 -999 391.85
Saria 2011 2 21 52 19.42 38.94 24.3 -999 0 3.09 -999 391.85
Saria 2011 2 22 53 19.08 38.72 24.228 -999 0 3.4 -999 391.85
Saria 2011 2 23 54 16.98 37.36 25.236 -999 0 3 -999 391.85
Saria 2011 2 24 55 16.43 37.23 24.3 -999 0 2.77 -999 391.85
Saria 2011 2 25 56 16.93 37.98 25.38 -999 0 2.59 -999 391.85
Saria 2011 2 26 57 16.76 36.22 25.668 -999 0 3.02 -999 391.85
Saria 2011 2 27 58 16.59 35.04 21.744 -999 0 2.82 -999 391.85
Saria 2011 2 28 59 17.15 35.48 22.824 -999 0 2.34 -999 391.85
Saria 2011 3 1 60 18.98 35.12 24.084 -999 0.01 2.98 -999 391.85
Saria 2011 3 2 61 20.2 37.71 24.732 -999 0 2.86 -999 391.85
Saria 2011 3 3 62 19.69 37.85 24.588 -999 0 2.69 -999 391.85
Saria 2011 3 4 63 21.37 37.81 22.716 -999 0.11 2.56 -999 391.85
Saria 2011 3 5 64 22.46 39.12 21.996 -999 0.34 1.45 -999 391.85
Saria 2011 3 6 65 24.44 39.08 21.744 -999 0.21 2.58 -999 391.85
Saria 2011 3 7 66 25.51 39.94 22.716 -999 0.02 2.84 -999 391.85
Saria 2011 3 8 67 24.87 40.37 22.68 -999 0 2.46 -999 391.85
Saria 2011 3 9 68 25.15 40.01 22.536 -999 0.02 3.26 -999 391.85
Saria 2011 3 10 69 25.6 39.68 21.492 -999 0.02 3.12 -999 391.85
Saria 2011 3 11 70 26.01 40.65 20.7 -999 0.02 2.5 -999 391.85
Saria 2011 3 12 71 26.98 39.86 22.716 -999 0.36 2.27 -999 391.85
Saria 2011 3 13 72 26.76 38.8 23.472 -999 0.19 2.41 -999 391.85
Saria 2011 3 14 73 26.65 38.5 22.212 -999 0.5 2.97 -999 391.85
Saria 2011 3 15 74 26.36 38.03 21.996 -999 0.08 2.27 -999 391.85
Saria 2011 3 16 75 24.77 40.21 22.572 -999 0.28 2.84 -999 391.85
Saria 2011 3 17 76 21.62 39.58 23.544 -999 0.01 2.92 -999 391.85
Saria 2011 3 18 77 21.22 39.76 24.048 -999 0.01 2.77 -999 391.85
Saria 2011 3 19 78 20.73 40.12 21.492 -999 0 2.87 -999 391.85
Saria 2011 3 20 79 21.7 39.38 22.572 -999 0.01 2.1 -999 391.85
Saria 2011 3 21 80 24.37 38.96 24.048 -999 0 2.34 -999 391.85
Saria 2011 3 22 81 22.01 38.68 21.348 -999 0.01 3.19 -999 391.85
Saria 2011 3 23 82 20.3 38.95 26.532 -999 0 3.2 -999 391.85
Saria 2011 3 24 83 20.87 40.51 27.108 -999 0 3.15 -999 391.85
Saria 2011 3 25 84 19.58 41.45 24.984 -999 0 3.56 -999 391.85
Saria 2011 3 26 85 23.55 40.05 21.456 -999 0.19 2.18 -999 391.85
Saria 2011 3 27 86 26.83 37.26 17.496 -999 0 1.91 -999 391.85
Saria 2011 3 28 87 25.08 39.94 21.276 -999 0 2.39 -999 391.85
Saria 2011 3 29 88 23.25 39.56 23.076 -999 0 3.48 -999 391.85
Saria 2011 3 30 89 22.58 39.69 21.024 -999 0 3.71 -999 391.85
Saria 2011 3 31 90 21.29 39.68 20.772 -999 0 2.11 -999 391.85
Saria 2011 4 1 91 22.98 39.36 21.816 -999 0 3.46 -999 391.85
Saria 2011 4 2 92 21.9 40.33 23.544 -999 0 2.73 -999 391.85
Saria 2011 4 3 93 21.52 40.04 23.688 -999 0 3.7 -999 391.85
Saria 2011 4 4 94 24.52 35.3 20.592 -999 0.53 3.34 -999 391.85
Saria 2011 4 5 95 25.08 36.49 12.348 -999 0 3.18 -999 391.85
Saria 2011 4 6 96 25.13 38.71 12.528 -999 0 2.47 -999 391.85
Saria 2011 4 7 97 23.11 39.92 24.336 -999 0 4.41 -999 391.85
Saria 2011 4 8 98 20.23 40.67 28.62 -999 0 4.09 -999 391.85
Saria 2011 4 9 99 18.99 40.61 27.504 -999 0 2.85 -999 391.85
Saria 2011 4 10 100 23.4 39.65 24.336 -999 0.01 2.77 -999 391.85
Saria 2011 4 11 101 24.62 39.3 18.144 -999 0 2.52 -999 391.85
Saria 2011 4 12 102 21.69 39.64 23.328 -999 0 2.21 -999 391.85
Saria 2011 4 13 103 23.65 39.23 18.648 -999 0 2.65 -999 391.85
Saria 2011 4 14 104 24.61 40.73 18.108 -999 0 2.38 -999 391.85
Saria 2011 4 15 105 23.02 41.9 26.424 -999 0 3.84 -999 391.85
Saria 2011 4 16 106 22.49 42.33 26.46 -999 0 3.34 -999 391.85
Saria 2011 4 17 107 22.51 42.76 27.216 -999 0 1.55 -999 391.85
Saria 2011 4 18 108 25.28 40.33 20.556 -999 0.03 2.85 -999 391.85
Saria 2011 4 19 109 26.83 42.56 25.344 -999 0.24 2.98 -999 391.85
Saria 2011 4 20 110 28.89 40.71 20.484 -999 0.17 3.62 -999 391.85
Saria 2011 4 21 111 28.53 40.19 23.436 -999 0.59 2.73 -999 391.85
Saria 2011 4 22 112 27.92 37.93 20.412 -999 0.46 2.45 -999 391.85
Saria 2011 4 23 113 27.52 38.66 23.976 -999 2.16 3.38 -999 391.85
Saria 2011 4 24 114 26.48 32.01 17.208 -999 2.25 3.26 -999 391.85
Saria 2011 4 25 115 24.35 38.96 24.48 -999 2 2.01 -999 391.85
Saria 2011 4 26 116 24.13 40.63 24.876 -999 0.01 2.27 -999 391.85
Saria 2011 4 27 117 24.36 41.79 27.036 -999 0 2.01 -999 391.85
Saria 2011 4 28 118 24.28 42.01 26.568 -999 0.03 2.3 -999 391.85
Saria 2011 4 29 119 25.79 39.38 22.104 -999 0.78 2.52 -999 391.85
Saria 2011 4 30 120 26.77 37.35 22.68 -999 0.62 4.02 -999 391.85
Saria 2011 5 1 121 26.56 37.29 23.004 -999 0.02 2.12 -999 391.85
Saria 2011 5 2 122 26.55 40.43 21.348 -999 0.36 1.88 -999 391.85
Saria 2011 5 3 123 28.9 41.77 21.744 -999 0.16 1.91 -999 391.85
Saria 2011 5 4 124 26.2 42.43 21.492 -999 0 3.16 -999 391.85
Saria 2011 5 5 125 26.93 41.7 25.236 -999 0.65 3 -999 391.85
Saria 2011 5 6 126 28.13 40.94 24.444 -999 2.05 2.98 -999 391.85
Saria 2011 5 7 127 26.87 39.26 23.148 -999 0.93 3.18 -999 391.85
Saria 2011 5 8 128 27.78 40.5 18.144 -999 0.99 3.78 -999 391.85
Saria 2011 5 9 129 26.96 40.12 20.304 -999 0.09 3.76 -999 391.85
Saria 2011 5 10 130 26.87 38.58 24.408 -999 3.63 4.04 -999 391.85
Saria 2011 5 11 131 26.29 39.3 25.848 -999 1.29 3 -999 391.85
Saria 2011 5 12 132 26.74 35.5 15.588 -999 4.65 1.94 -999 391.85
Saria 2011 5 13 133 25.56 34.65 22.284 -999 3.25 2.57 -999 391.85
Saria 2011 5 14 134 25.84 33.97 21.384 -999 5.69 2.1 -999 391.85
Saria 2011 5 15 135 25.02 36.25 18.036 -999 1.41 1.92 -999 391.85
Saria 2011 5 16 136 25.53 39.8 22.572 -999 1.53 2.58 -999 391.85
Saria 2011 5 17 137 26.9 37.95 20.124 -999 2.96 3.17 -999 391.85
Saria 2011 5 18 138 26.56 34.94 18.612 -999 0.29 2.91 -999 391.85
Saria 2011 5 19 139 25.97 39.76 24.372 -999 0.18 2.57 -999 391.85
Saria 2011 5 20 140 26.98 36.19 24.048 -999 0.56 3.23 -999 391.85
Saria 2011 5 21 141 26.12 34.6 22.536 -999 7.04 3.05 -999 391.85
Saria 2011 5 22 142 25.55 33.01 24.156 -999 6.23 4.03 -999 391.85
Saria 2011 5 23 143 23.8 33.65 18 -999 0.74 3.86 -999 391.85
Saria 2011 5 24 144 24.78 34.05 24.912 -999 4.9 3.08 -999 391.85
Saria 2011 5 25 145 23.82 38.43 25.056 -999 1.72 3.05 -999 391.85
Saria 2011 5 26 146 24.93 38.76 25.812 -999 0.58 3.68 -999 391.85
Saria 2011 5 27 147 25.13 37.28 23.292 -999 0.09 4.09 -999 391.85
Saria 2011 5 28 148 25.99 35.31 23.436 -999 0.97 3.07 -999 391.85
Saria 2011 5 29 149 25.19 31.25 21.492 -999 0.8 2.48 -999 391.85
Saria 2011 5 30 150 23.37 37.53 24.3 -999 0.3 2.25 -999 391.85
Saria 2011 5 31 151 25.09 39.8 23.436 -999 1.17 2.53 -999 391.85
Saria 2011 6 1 152 25.8 39.71 21.996 -999 0.96 3.09 -999 391.85
Saria 2011 6 2 153 26.89 37.45 23.688 -999 1.91 2.79 -999 391.85
Saria 2011 6 3 154 26.01 38.14 12.42 -999 1.87 1.99 -999 391.85
Saria 2011 6 4 155 26.11 35.27 21.852 -999 1.21 2.2 -999 391.85
Saria 2011 6 5 156 25.38 35.03 16.272 -999 0.81 3.04 -999 391.85
Saria 2011 6 6 157 25.19 38.83 24.66 -999 1.26 2.67 -999 391.85
Saria 2011 6 7 158 26.39 38.33 23.436 -999 1.72 1.85 -999 391.85
Saria 2011 6 8 159 25.87 33.74 14.4 -999 1.97 3.2 -999 391.85
Saria 2011 6 9 160 25.23 31.83 21.42 -999 1.37 3.18 -999 391.85
Saria 2011 6 10 161 23.84 37.78 23.112 -999 6.36 3.21 -999 391.85
Saria 2011 6 11 162 25.07 36.61 25.02 -999 11.26 4.13 -999 391.85
Saria 2011 6 12 163 24.7 32.69 17.496 -999 2.37 2.98 -999 391.85
Saria 2011 6 13 164 24.01 34.4 22.536 -999 2.01 2.72 -999 391.85
Saria 2011 6 14 165 24.48 35.21 24.444 -999 5.53 1.95 -999 391.85
Saria 2011 6 15 166 24.64 37.91 24.3 -999 7.06 1.95 -999 391.85
Saria 2011 6 16 167 24.89 35.72 9.576 -999 1.83 3.09 -999 391.85
Saria 2011 6 17 168 24.44 33.4 23.796 -999 8 3.31 -999 391.85
Saria 2011 6 18 169 24.75 33.8 21.132 -999 0.79 2.52 -999 391.85
Saria 2011 6 19 170 24.03 34.87 21.384 -999 4.08 1.99 -999 391.85
Saria 2011 6 20 171 24.62 33.24 14.544 -999 3.01 2.35 -999 391.85
Saria 2011 6 21 172 24.22 35.17 23.652 -999 4.01 2.69 -999 391.85
Saria 2011 6 22 173 23.94 34.04 24.264 -999 2.4 2.56 -999 391.85
Saria 2011 6 23 174 24.46 31.57 21.924 -999 3.32 2.23 -999 391.85
Saria 2011 6 24 175 23.81 32.35 19.476 -999 7.29 2.09 -999 391.85
Saria 2011 6 25 176 23.4 30.85 22.608 -999 3.03 2.12 -999 391.85
Saria 2011 6 26 177 22.73 33.14 20.16 -999 3.15 2.45 -999 391.85
Saria 2011 6 27 178 24.05 31.96 12.924 -999 3.95 2.96 -999 391.85
Saria 2011 6 28 179 22.49 34.82 23.184 -999 5.34 3.13 -999 391.85
Saria 2011 6 29 180 22.81 33.68 21.42 -999 7.94 2.43 -999 391.85
Saria 2011 6 30 181 22.82 31.02 20.52 -999 0.93 2.3 -999 391.85
Saria 2011 7 1 182 22.19 35.38 22.572 -999 0.12 2.43 -999 391.85
Saria 2011 7 2 183 23.21 36.55 21.492 -999 2.14 2.35 -999 391.85
Saria 2011 7 3 184 24.1 35.43 16.416 -999 2.84 3.46 -999 391.85
Saria 2011 7 4 185 24.01 30.05 24.408 -999 0.53 3.04 -999 391.85
Saria 2011 7 5 186 21.49 35.25 23.112 -999 7.05 1.78 -999 391.85
Saria 2011 7 6 187 23.5 30.53 12.996 -999 3.55 2.11 -999 391.85
Saria 2011 7 7 188 22.18 34.98 23.4 -999 6.68 2.35 -999 391.85
Saria 2011 7 8 189 23.28 34.51 24.732 -999 8.47 2.62 -999 391.85
Saria 2011 7 9 190 23.7 31.69 21.816 -999 13.68 2.45 -999 391.85
Saria 2011 7 10 191 22.22 32.28 14.4 -999 11.65 1.48 -999 391.85
Saria 2011 7 11 192 22.05 31.99 21.204 -999 1.35 2.16 -999 391.85
Saria 2011 7 12 193 21.87 34.22 24.408 -999 2.81 2.4 -999 391.85
Saria 2011 7 13 194 22.41 32 13.716 -999 3 2.29 -999 391.85
Saria 2011 7 14 195 22.65 31.85 21.276 -999 4.5 2.34 -999 391.85
Saria 2011 7 15 196 22.28 31.01 20.952 -999 13.35 1.76 -999 391.85
Saria 2011 7 16 197 22.55 29.26 15.84 -999 8.86 1.31 -999 391.85
Saria 2011 7 17 198 21.97 32.67 22.392 -999 12.32 1.97 -999 391.85
Saria 2011 7 18 199 22.75 28.94 6.624 -999 14.57 2.1 -999 391.85
Saria 2011 7 19 200 21.69 33.08 24.084 -999 3.88 1.93 -999 391.85
Saria 2011 7 20 201 22.55 32.19 18.144 -999 6.88 2.12 -999 391.85
Saria 2011 7 21 202 23.44 29.61 15.768 -999 4.37 3.23 -999 391.85
Saria 2011 7 22 203 22.56 33.41 23.58 -999 5.09 3.24 -999 391.85
Saria 2011 7 23 204 22.86 31.32 23.94 -999 6.23 2.49 -999 391.85
Saria 2011 7 24 205 22.58 31.15 21.168 -999 2.01 1.94 -999 391.85
Saria 2011 7 25 206 22.7 31.67 24.228 -999 22.63 2.4 -999 391.85
Saria 2011 7 26 207 22.73 29.82 12.744 -999 6.73 1.95 -999 391.85
Saria 2011 7 27 208 21.51 31.4 23.148 -999 6.63 2.03 -999 391.85
Saria 2011 7 28 209 20.88 33.3 24.84 -999 5.35 2.16 -999 391.85
Saria 2011 7 29 210 22.04 32.43 21.636 -999 3.03 1.9 -999 391.85
Saria 2011 7 30 211 23.29 29.86 19.512 -999 6.84 2.15 -999 391.85
Saria 2011 7 31 212 22.8 30.44 23.148 -999 4.95 1.06 -999 391.85
Saria 2011 8 1 213 22.08 30.2 16.38 -999 3.86 1.82 -999 391.85
Saria 2011 8 2 214 22.84 34.17 23.724 -999 2.03 1.21 -999 391.85
Saria 2011 8 3 215 22.71 31.37 16.344 -999 3.95 2.34 -999 391.85
Saria 2011 8 4 216 22.75 33.44 20.952 -999 7.16 2.01 -999 391.85
Saria 2011 8 5 217 22.03 31.69 23.22 -999 4.08 1.91 -999 391.85
Saria 2011 8 6 218 23 30.12 16.344 -999 9.97 2.24 -999 391.85
Saria 2011 8 7 219 22.67 28.48 22.068 -999 6.37 1.98 -999 391.85
Saria 2011 8 8 220 21.08 33.32 18.828 -999 12.52 1.49 -999 391.85
Saria 2011 8 9 221 22.51 30.86 18.216 -999 10.34 1.67 -999 391.85
Saria 2011 8 10 222 21.98 32.25 22.86 -999 7.43 2.06 -999 391.85
Saria 2011 8 11 223 22.4 31.53 24.192 -999 6.31 2.05 -999 391.85
Saria 2011 8 12 224 22.8 29.56 18.072 -999 2.98 2.28 -999 391.85
Saria 2011 8 13 225 21.93 31.38 21.6 -999 11.28 2.37 -999 391.85
Saria 2011 8 14 226 22.01 28.04 20.484 -999 8.58 2.18 -999 391.85
Saria 2011 8 15 227 21.37 30.95 22.896 -999 15.63 1.6 -999 391.85
Saria 2011 8 16 228 22.51 31.03 20.052 -999 13.49 1.41 -999 391.85
Saria 2011 8 17 229 22.31 29.27 19.332 -999 6.48 1.58 -999 391.85
Saria 2011 8 18 230 22.51 28.46 9.396 -999 15.56 1.92 -999 391.85
Saria 2011 8 19 231 22.12 28.08 17.136 -999 4.45 1.8 -999 391.85
Saria 2011 8 20 232 21.71 29 17.064 -999 12.27 2 -999 391.85
Saria 2011 8 21 233 21.8 29.78 21.636 -999 16.9 1.95 -999 391.85
Saria 2011 8 22 234 22.46 27.22 7.2 -999 16.91 1.55 -999 391.85
Saria 2011 8 23 235 21.76 29.03 21.132 -999 12.58 1.7 -999 391.85
Saria 2011 8 24 236 20.9 33.49 20.52 -999 0.25 1.17 -999 391.85
Saria 2011 8 25 237 21.62 33.46 25.056 -999 15.44 1.12 -999 391.85
Saria 2011 8 26 238 22.45 31.56 16.596 -999 7.9 1.85 -999 391.85
Saria 2011 8 27 239 22.15 28.61 24.264 -999 7.8 1.61 -999 391.85
Saria 2011 8 28 240 22.29 31.65 22.104 -999 8.75 1.8 -999 391.85
Saria 2011 8 29 241 21.75 31.4 21.816 -999 5.25 1.86 -999 391.85
Saria 2011 8 30 242 21.55 31.75 22.752 -999 6.6 1.36 -999 391.85
Saria 2011 8 31 243 22.92 28.68 16.524 -999 9.3 1.48 -999 391.85
Saria 2011 9 1 244 22.2 29.87 22.752 -999 6.61 1.7 -999 391.85
Saria 2011 9 2 245 20.94 33.25 25.344 -999 12.3 1.62 -999 391.85
Saria 2011 9 3 246 22.51 31.53 19.368 -999 3.85 2.09 -999 391.85
Saria 2011 9 4 247 22.48 32.38 24.696 -999 2.43 1.98 -999 391.85
Saria 2011 9 5 248 22.33 32.15 24.948 -999 3.17 1.8 -999 391.85
Saria 2011 9 6 249 22.58 30.98 25.344 -999 3.34 1.2 -999 391.85
Saria 2011 9 7 250 22.55 33.28 23.292 -999 4.92 1.37 -999 391.85
Saria 2011 9 8 251 22.74 31.2 21.312 -999 3.43 2.07 -999 391.85
Saria 2011 9 9 252 22.62 33.15 19.656 -999 2.1 1.89 -999 391.85
Saria 2011 9 10 253 21.23 32.68 22.392 -999 5.81 1.7 -999 391.85
Saria 2011 9 11 254 21.4 33.33 24.084 -999 3.1 1.77 -999 391.85
Saria 2011 9 12 255 22.25 34.38 22.5 -999 4.68 1.46 -999 391.85
Saria 2011 9 13 256 22.49 30.26 21.204 -999 14.38 1.99 -999 391.85
Saria 2011 9 14 257 22.33 30.03 23.508 -999 14.53 2.1 -999 391.85
Saria 2011 9 15 258 21.73 30.31 24.192 -999 6.45 1.55 -999 391.85
Saria 2011 9 16 259 21.58 32.73 15.912 -999 9.39 1.04 -999 391.85
Saria 2011 9 17 260 22.07 31.2 16.56 -999 7.88 1.79 -999 391.85
Saria 2011 9 18 261 21.66 28.63 22.716 -999 3.77 1.82 -999 391.85
Saria 2011 9 19 262 21.32 32.69 22.752 -999 3.69 1.41 -999 391.85
Saria 2011 9 20 263 21.19 34.22 24.192 -999 1.67 1.52 -999 391.85
Saria 2011 9 21 264 22.57 32.79 22.356 -999 2.94 2 -999 391.85
Saria 2011 9 22 265 23.16 30.16 11.16 -999 1.43 1.73 -999 391.85
Saria 2011 9 23 266 21.62 31.27 21.564 -999 3.93 1.27 -999 391.85
Saria 2011 9 24 267 21.64 34.94 24.588 -999 1.99 1.45 -999 391.85
Saria 2011 9 25 268 21.94 34.11 25.092 -999 1.41 1.75 -999 391.85
Saria 2011 9 26 269 22.49 32.57 24.696 -999 1.31 1.76 -999 391.85
Saria 2011 9 27 270 22.57 33.01 18.252 -999 1.97 1.7 -999 391.85
Saria 2011 9 28 271 22.04 33.4 22.968 -999 3.1 2.03 -999 391.85
Saria 2011 9 29 272 21.44 32.28 20.232 -999 6.22 1.61 -999 391.85
Saria 2011 9 30 273 21.28 33.07 18.504 -999 2.18 1.21 -999 391.85
Saria 2011 10 1 274 22.15 34.09 22.608 -999 1.1 1.62 -999 391.85
Saria 2011 10 2 275 21.72 32.45 24.588 -999 2.8 1.88 -999 391.85
Saria 2011 10 3 276 21.95 34.18 23.292 -999 1.97 1.45 -999 391.85
Saria 2011 10 4 277 22.94 34.64 22.392 -999 1.71 1.42 -999 391.85
Saria 2011 10 5 278 22.3 34.73 24.408 -999 1.18 1.95 -999 391.85
Saria 2011 10 6 279 21.83 34.45 24.012 -999 1.84 1.72 -999 391.85
Saria 2011 10 7 280 22.45 34.26 20.664 -999 1.88 1.31 -999 391.85
Saria 2011 10 8 281 24.03 32.2 19.836 -999 2.5 1.4 -999 391.85
Saria 2011 10 9 282 22.53 32.04 18.612 -999 2.17 1.65 -999 391.85
Saria 2011 10 10 283 22.85 31.89 14.904 -999 1.18 1.24 -999 391.85
Saria 2011 10 11 284 22.57 32.8 21.492 -999 0.51 1.48 -999 391.85
Saria 2011 10 12 285 22.62 33.48 20.664 -999 2.68 1.84 -999 391.85
Saria 2011 10 13 286 22.83 31.76 19.404 -999 1.14 1.93 -999 391.85
Saria 2011 10 14 287 22.34 32.27 14.58 -999 1.17 2.06 -999 391.85
Saria 2011 10 15 288 22.31 30.57 15.66 -999 1.02 1.41 -999 391.85
Saria 2011 10 16 289 21.79 35.14 19.836 -999 0.69 1.45 -999 391.85
Saria 2011 10 17 290 21.73 34.87 20.88 -999 0.05 1.38 -999 391.85
Saria 2011 10 18 291 20.89 35.28 22.788 -999 0.32 1.62 -999 391.85
Saria 2011 10 19 292 21.97 36.15 22.68 -999 0.11 1.77 -999 391.85
Saria 2011 10 20 293 22.08 35.94 21.96 -999 0.51 1.52 -999 391.85
Saria 2011 10 21 294 23.37 34.02 19.872 -999 0.95 1.93 -999 391.85
Saria 2011 10 22 295 22.78 33.96 18.72 -999 0.88 1.84 -999 391.85
Saria 2011 10 23 296 23.44 31.24 18.036 -999 0.01 1.53 -999 391.85
Saria 2011 10 24 297 22.59 34.69 19.116 -999 0 1.6 -999 391.85
Saria 2011 10 25 298 22.72 33.64 17.496 -999 0 2.48 -999 391.85
Saria 2011 10 26 299 22.33 32.9 21.96 -999 0.01 2.21 -999 391.85
Saria 2011 10 27 300 20.88 35.17 22.428 -999 0 1.88 -999 391.85
Saria 2011 10 28 301 20.13 35.43 22.716 -999 0 1.85 -999 391.85
Saria 2011 10 29 302 20.9 35.33 22.5 -999 0 2.21 -999 391.85
Saria 2011 10 30 303 19.73 35.8 23.112 -999 0 1.81 -999 391.85
Saria 2011 10 31 304 20.11 36.13 22.608 -999 0 1.95 -999 391.85
Saria 2011 11 1 305 19.15 36.25 21.96 -999 0 1.97 -999 391.85
Saria 2011 11 2 306 19.66 35.76 22.176 -999 0 2.17 -999 391.85
Saria 2011 11 3 307 18.59 35.39 22.212 -999 0 1.83 -999 391.85
Saria 2011 11 4 308 19.82 35.56 22.248 -999 0 1.3 -999 391.85
Saria 2011 11 5 309 16.59 35.13 22.068 -999 0 1.45 -999 391.85
Saria 2011 11 6 310 18.94 34.51 21.276 -999 0 1.71 -999 391.85
Saria 2011 11 7 311 19.2 35.25 21.96 -999 0 2.22 -999 391.85
Saria 2011 11 8 312 19.83 35.72 22.392 -999 0 2.03 -999 391.85
Saria 2011 11 9 313 16.52 35.56 21.78 -999 0 1.68 -999 391.85
Saria 2011 11 10 314 20.69 35.55 21.924 -999 0 0.97 -999 391.85
Saria 2011 11 11 315 16.61 35.57 21.744 -999 0 2.26 -999 391.85
Saria 2011 11 12 316 19.1 35.73 22.068 -999 0 1.62 -999 391.85
Saria 2011 11 13 317 15.97 35.45 22.212 -999 0 2.66 -999 391.85
Saria 2011 11 14 318 13.59 35.44 23.148 -999 0 2.61 -999 391.85
Saria 2011 11 15 319 14.92 35.51 23.076 -999 0 2.92 -999 391.85
Saria 2011 11 16 320 13.95 34.64 22.608 -999 0 2.77 -999 391.85
Saria 2011 11 17 321 14.23 34.35 22.5 -999 0 2.87 -999 391.85
Saria 2011 11 18 322 14.33 35.3 21.636 -999 0 2.5 -999 391.85
Saria 2011 11 19 323 17.26 33.02 19.404 -999 0 1.98 -999 391.85
Saria 2011 11 20 324 18.7 32.86 20.556 -999 0 1.74 -999 391.85
Saria 2011 11 21 325 19.12 35.79 20.808 -999 0 2.17 -999 391.85
Saria 2011 11 22 326 18.62 35.02 20.304 -999 0 2.31 -999 391.85
Saria 2011 11 23 327 16.09 34.97 20.628 -999 0 2.3 -999 391.85
Saria 2011 11 24 328 16.19 34.7 20.556 -999 0 2.44 -999 391.85
Saria 2011 11 25 329 16.99 34.14 20.34 -999 0 2.68 -999 391.85
Saria 2011 11 26 330 14.39 34.26 20.808 -999 0 2.51 -999 391.85
Saria 2011 11 27 331 14.27 34.06 20.952 -999 0 2.29 -999 391.85
Saria 2011 11 28 332 14.82 34.22 20.88 -999 0 2.52 -999 391.85
Saria 2011 11 29 333 14.69 33.91 20.592 -999 0 3.13 -999 391.85
Saria 2011 11 30 334 14.27 32.67 20.52 -999 0 3.41 -999 391.85
Saria 2011 12 1 335 12.24 32.73 21.816 -999 0 3.31 -999 391.85
Saria 2011 12 2 336 12.54 33.48 22.104 -999 0 3.41 -999 391.85
Saria 2011 12 3 337 13.08 33.34 22.104 -999 0 3.13 -999 391.85
Saria 2011 12 4 338 12.7 33.1 22.176 -999 0 2.69 -999 391.85
Saria 2011 12 5 339 12.75 33.41 20.34 -999 0 2.39 -999 391.85
Saria 2011 12 6 340 13.08 33.08 19.476 -999 0 2.87 -999 391.85
Saria 2011 12 7 341 13.9 33.8 20.088 -999 0 3.27 -999 391.85
Saria 2011 12 8 342 14.77 33.26 19.8 -999 0 4.14 -999 391.85
Saria 2011 12 9 343 13.5 32.53 21.744 -999 0 3.79 -999 391.85
Saria 2011 12 10 344 12.91 31.3 18.252 -999 0 3.61 -999 391.85
Saria 2011 12 11 345 12.61 30.12 13.248 -999 0 3.25 -999 391.85
Saria 2011 12 12 346 12.89 29.88 16.056 -999 0 3.52 -999 391.85
Saria 2011 12 13 347 11.12 30.63 20.16 -999 0 3.29 -999 391.85
Saria 2011 12 14 348 10.98 30.89 20.7 -999 0 2.82 -999 391.85
Saria 2011 12 15 349 11.41 31.77 20.988 -999 0 2.93 -999 391.85
Saria 2011 12 16 350 12.05 31.73 21.24 -999 0 3.24 -999 391.85
Saria 2011 12 17 351 10.92 32.22 18.108 -999 0 2.48 -999 391.85
Saria 2011 12 18 352 11.62 31.9 19.764 -999 0 2.33 -999 391.85
Saria 2011 12 19 353 11.44 32.53 20.376 -999 0 2.37 -999 391.85
Saria 2011 12 20 354 12.64 32.82 20.7 -999 0 2.71 -999 391.85
Saria 2011 12 21 355 13.12 32.13 21.096 -999 0 3.57 -999 391.85
Saria 2011 12 22 356 12.8 32.08 20.916 -999 0 3.43 -999 391.85
Saria 2011 12 23 357 13.97 32.41 21.6 -999 0 3.63 -999 391.85
Saria 2011 12 24 358 13.5 31.81 21.6 -999 0 3.56 -999 391.85
Saria 2011 12 25 359 13.94 30.65 18.36 -999 0 3.23 -999 391.85
Saria 2011 12 26 360 14.62 32.76 21.276 -999 0 3.17 -999 391.85
Saria 2011 12 27 361 14.2 33.03 20.7 -999 0 3.1 -999 391.85
Saria 2011 12 28 362 14.44 31.87 21.78 -999 0 3.5 -999 391.85
Saria 2011 12 29 363 13.69 28.69 18.864 -999 0 3.66 -999 391.85
Saria 2011 12 30 364 12.86 29.33 20.7 -999 0 3.53 -999 391.85
Saria 2011 12 31 365 11.6 31.23 21.96 -999 0 2.82 -999 391.85
