Saria 2012 1 1 1 12.34 32.4 20.16 -999 0 2.98 -999 394.06
Saria 2012 1 2 2 15.39 32.94 20.484 -999 0 3.88 -999 394.06
Saria 2012 1 3 3 14.14 31.78 20.988 -999 0 3.58 -999 394.06
Saria 2012 1 4 4 14.59 31.59 21.456 -999 0 3.58 -999 394.06
Saria 2012 1 5 5 14.04 31.45 21.528 -999 0 3.47 -999 394.06
Saria 2012 1 6 6 13.56 30.9 21.672 -999 0 3.59 -999 394.06
Saria 2012 1 7 7 12.59 30.99 22.104 -999 0 3.51 -999 394.06
Saria 2012 1 8 8 11.65 31.94 23.148 -999 0 3.3 -999 394.06
Saria 2012 1 9 9 12.01 33.37 22.788 -999 0 3.34 -999 394.06
Saria 2012 1 10 10 13.19 33.2 22.464 -999 0 3.91 -999 394.06
Saria 2012 1 11 11 13.55 33.18 22.14 -999 0 3.84 -999 394.06
Saria 2012 1 12 12 13.02 31 22.14 -999 0 4.06 -999 394.06
Saria 2012 1 13 13 11.9 29.72 19.62 -999 0 4.24 -999 394.06
Saria 2012 1 14 14 11.07 29.33 21.852 -999 0 4.16 -999 394.06
Saria 2012 1 15 15 11.15 29.48 20.736 -999 0 3.86 -999 394.06
Saria 2012 1 16 16 10.58 30.92 22.5 -999 0 3.35 -999 394.06
Saria 2012 1 17 17 10.63 31.96 22.5 -999 0 2.77 -999 394.06
Saria 2012 1 18 18 12.81 33.13 22.464 -999 0 2.52 -999 394.06
Saria 2012 1 19 19 14.88 32.95 21.852 -999 0 2.42 -999 394.06
Saria 2012 1 20 20 13.69 31.62 22.032 -999 0 2.84 -999 394.06
Saria 2012 1 21 21 13.54 29.61 19.188 -999 0 3.93 -999 394.06
Saria 2012 1 22 22 14.19 31.22 18.576 -999 0 3.09 -999 394.06
Saria 2012 1 23 23 16.48 31.26 20.232 -999 0 3.87 -999 394.06
Saria 2012 1 24 24 16.3 32.74 19.8 -999 0 3.36 -999 394.06
Saria 2012 1 25 25 15.95 34.12 20.628 -999 0 2.94 -999 394.06
Saria 2012 1 26 26 16.69 34.97 20.88 -999 0 2.93 -999 394.06
Saria 2012 1 27 27 17.08 34.17 21.816 -999 0 3.7 -999 394.06
Saria 2012 1 28 28 15.95 34.91 22.176 -999 0 3.64 -999 394.06
Saria 2012 1 29 29 16.55 35.95 22.608 -999 0 3.53 -999 394.06
Saria 2012 1 30 30 17.15 35.95 22.608 -999 0 3.37 -999 394.06
Saria 2012 1 31 31 17.94 35.45 22.716 -999 0 3.41 -999 394.06
Saria 2012 2 1 32 17.19 35.98 23.256 -999 0 3.73 -999 394.06
Saria 2012 2 2 33 16.48 36.54 22.176 -999 0 3.21 -999 394.06
Saria 2012 2 3 34 17.37 33.73 20.988 -999 0 3.59 -999 394.06
Saria 2012 2 4 35 16.96 35.86 21.708 -999 0 3.45 -999 394.06
Saria 2012 2 5 36 17.82 35.31 21.6 -999 0 4.02 -999 394.06
Saria 2012 2 6 37 16.79 29.64 9.18 -999 0 4.91 -999 394.06
Saria 2012 2 7 38 14.19 30.11 14.22 -999 0 4.03 -999 394.06
Saria 2012 2 8 39 15.78 29.3 20.088 -999 0 3.28 -999 394.06
Saria 2012 2 9 40 16.47 33.35 20.736 -999 0 2.73 -999 394.06
Saria 2012 2 10 41 17.65 33.99 22.86 -999 0 2.59 -999 394.06
Saria 2012 2 11 42 18.37 34.13 21.24 -999 0 3.7 -999 394.06
Saria 2012 2 12 43 19.23 35.54 19.836 -999 0 3.62 -999 394.06
Saria 2012 2 13 44 17.02 34.52 21.924 -999 0 4.06 -999 394.06
Saria 2012 2 14 45 16.51 36.2 22.284 -999 0 3.67 -999 394.06
Saria 2012 2 15 46 19.15 37.37 21.24 -999 0 4 -999 394.06
Saria 2012 2 16 47 18.77 37.27 21.312 -999 0.02 4.33 -999 394.06
Saria 2012 2 17 48 19.25 36.71 18.54 -999 0 4.7 -999 394.06
Saria 2012 2 18 49 19.48 37.96 20.628 -999 0 3.05 -999 394.06
Saria 2012 2 19 50 21.17 38.98 20.268 -999 0.07 3.18 -999 394.06
Saria 2012 2 20 51 23.48 36.01 8.496 -999 1.33 3.2 -999 394.06
Saria 2012 2 21 52 22.44 32.64 14.436 -999 3.63 1.55 -999 394.06
Saria 2012 2 22 53 19.68 33.87 21.492 -999 0 3.34 -999 394.06
Saria 2012 2 23 54 19.27 34.38 19.26 -999 0 3.12 -999 394.06
Saria 2012 2 24 55 20.34 37.19 21.96 -999 0 3.59 -999 394.06
Saria 2012 2 25 56 20.38 38.11 22.68 -999 0 4.75 -999 394.06
Saria 2012 2 26 57 20.43 38.49 23.148 -999 0 3.6 -999 394.06
Saria 2012 2 27 58 20.44 38.92 23.148 -999 0 3.66 -999 394.06
Saria 2012 2 28 59 20.72 38.73 19.044 -999 0 3.44 -999 394.06
Saria 2012 2 29 60 20.54 39.08 18.468 -999 0 2.69 -999 394.06
Saria 2012 3 1 61 20.83 36.03 22.608 -999 0 2.88 -999 394.06
Saria 2012 3 2 62 20.46 38.83 23.616 -999 0 4 -999 394.06
Saria 2012 3 3 63 19.1 38.01 25.056 -999 0 3 -999 394.06
Saria 2012 3 4 64 19.94 38.81 23.616 -999 0.02 3.81 -999 394.06
Saria 2012 3 5 65 21.02 38.42 18.432 -999 0.13 2.6 -999 394.06
Saria 2012 3 6 66 24.98 36.87 14.256 -999 0.18 1.21 -999 394.06
Saria 2012 3 7 67 21.28 38.33 19.908 -999 0 2.27 -999 394.06
Saria 2012 3 8 68 20.79 39.71 22.176 -999 0.06 1.94 -999 394.06
Saria 2012 3 9 69 20.73 35.12 19.08 -999 0 4.26 -999 394.06
Saria 2012 3 10 70 19.87 34.31 15.48 -999 0 4.08 -999 394.06
Saria 2012 3 11 71 17.63 33.44 24.768 -999 0 4.19 -999 394.06
Saria 2012 3 12 72 16.51 34.55 26.028 -999 0 3.38 -999 394.06
Saria 2012 3 13 73 15.62 36.65 26.568 -999 0 3.3 -999 394.06
Saria 2012 3 14 74 18.45 39.12 26.1 -999 0 3.52 -999 394.06
Saria 2012 3 15 75 19.59 40.08 25.236 -999 0 4.02 -999 394.06
Saria 2012 3 16 76 21.75 39.87 25.056 -999 0 4.45 -999 394.06
Saria 2012 3 17 77 22.82 40 21.528 -999 0 4.57 -999 394.06
Saria 2012 3 18 78 22.93 38.89 19.764 -999 0 4.54 -999 394.06
Saria 2012 3 19 79 22.24 39.18 12.276 -999 0 3.61 -999 394.06
Saria 2012 3 20 80 22.65 36.83 16.02 -999 0 3.62 -999 394.06
Saria 2012 3 21 81 22.9 38.53 17.568 -999 0 3.8 -999 394.06
Saria 2012 3 22 82 21.71 39.71 20.304 -999 0 4.11 -999 394.06
Saria 2012 3 23 83 20.52 39.98 20.772 -999 0 3.8 -999 394.06
Saria 2012 3 24 84 20.08 40.08 22.14 -999 0 3.55 -999 394.06
Saria 2012 3 25 85 20.2 39.69 19.728 -999 0.02 3.31 -999 394.06
Saria 2012 3 26 86 23.39 39.08 21.564 -999 0 3.34 -999 394.06
Saria 2012 3 27 87 22.58 40.53 23.508 -999 0 2.77 -999 394.06
Saria 2012 3 28 88 21.27 41.02 22.608 -999 0 3.41 -999 394.06
Saria 2012 3 29 89 21.73 41.6 20.952 -999 0.04 2.61 -999 394.06
Saria 2012 3 30 90 23.69 41 21.312 -999 0.02 3.26 -999 394.06
Saria 2012 3 31 91 25.36 40.16 20.628 -999 0.11 3.88 -999 394.06
Saria 2012 4 1 92 24.93 40.67 22.104 -999 0.41 2.48 -999 394.06
Saria 2012 4 2 93 26.4 36.63 20.088 -999 0.61 3.75 -999 394.06
Saria 2012 4 3 94 24.89 37.13 24.3 -999 0.11 2.68 -999 394.06
Saria 2012 4 4 95 26.03 33.44 17.964 -999 1.46 3.8 -999 394.06
Saria 2012 4 5 96 24.15 36.99 15.48 -999 0.28 2.91 -999 394.06
Saria 2012 4 6 97 25.28 40.12 22.572 -999 0 4.31 -999 394.06
Saria 2012 4 7 98 23.5 41.26 23.472 -999 0.08 3.91 -999 394.06
Saria 2012 4 8 99 25.62 40.91 22.716 -999 0.89 2.21 -999 394.06
Saria 2012 4 9 100 28.17 40.93 16.308 -999 0.22 2.27 -999 394.06
Saria 2012 4 10 101 26.15 41.02 20.808 -999 0.78 3.8 -999 394.06
Saria 2012 4 11 102 27.26 39.3 22.752 -999 3.64 4.16 -999 394.06
Saria 2012 4 12 103 26.96 37.14 20.376 -999 1.01 3.23 -999 394.06
Saria 2012 4 13 104 26.53 34.85 15.228 -999 0.73 2.38 -999 394.06
Saria 2012 4 14 105 24.33 38.83 22.644 -999 0 4.27 -999 394.06
Saria 2012 4 15 106 23.01 39.95 21.708 -999 0 2.69 -999 394.06
Saria 2012 4 16 107 22.81 40.69 25.956 -999 0.01 1.09 -999 394.06
Saria 2012 4 17 108 22.01 39.47 22.716 -999 0.98 2.59 -999 394.06
Saria 2012 4 18 109 25.57 38.15 22.5 -999 1.08 3.19 -999 394.06
Saria 2012 4 19 110 25.2 37.16 19.512 -999 2.49 2.16 -999 394.06
Saria 2012 4 20 111 22.73 38.21 20.484 -999 1.83 2.05 -999 394.06
Saria 2012 4 21 112 23.85 40.56 24.912 -999 0.11 2.8 -999 394.06
Saria 2012 4 22 113 23.97 42.3 24.372 -999 0 3.97 -999 394.06
Saria 2012 4 23 114 22.68 40.17 23.148 -999 1.88 2.52 -999 394.06
Saria 2012 4 24 115 26.23 41.51 23.796 -999 0.13 3.01 -999 394.06
Saria 2012 4 25 116 27.65 39.08 14.832 -999 1.94 3.96 -999 394.06
Saria 2012 4 26 117 26.96 38.69 24.084 -999 0.46 3.12 -999 394.06
Saria 2012 4 27 118 26.94 41.33 25.308 -999 0.02 3.03 -999 394.06
Saria 2012 4 28 119 27.65 42.1 22.572 -999 1.21 2.62 -999 394.06
Saria 2012 4 29 120 28.54 40.3 23.292 -999 1.91 3.82 -999 394.06
Saria 2012 4 30 121 27.31 39.05 20.844 -999 1.5 2.36 -999 394.06
Saria 2012 5 1 122 27.17 40.87 22.104 -999 3.36 2.57 -999 394.06
Saria 2012 5 2 123 27.19 39.33 19.296 -999 2.54 3.77 -999 394.06
Saria 2012 5 3 124 25.73 38.94 24.804 -999 3.25 4.05 -999 394.06
Saria 2012 5 4 125 26.33 38.41 23.508 -999 3.54 3.91 -999 394.06
Saria 2012 5 5 126 25.52 34.58 22.104 -999 1.37 3.35 -999 394.06
Saria 2012 5 6 127 25.74 40.01 22.896 -999 0.44 2.9 -999 394.06
Saria 2012 5 7 128 25.34 40.52 24.768 -999 0.26 3.61 -999 394.06
Saria 2012 5 8 129 26.6 37.66 23.112 -999 0.15 3.73 -999 394.06
Saria 2012 5 9 130 26.49 36.69 18.216 -999 0.17 3.98 -999 394.06
Saria 2012 5 10 131 25.88 37.03 24.84 -999 0.69 3.77 -999 394.06
Saria 2012 5 11 132 26.12 36.68 21.816 -999 4.28 3.62 -999 394.06
Saria 2012 5 12 133 25.63 38.17 24.876 -999 0.35 3.83 -999 394.06
Saria 2012 5 13 134 25.35 37.05 25.02 -999 8.01 3.98 -999 394.06
Saria 2012 5 14 135 24.17 31.76 12.96 -999 2.96 2.03 -999 394.06
Saria 2012 5 15 136 23.83 34.87 16.956 -999 3.17 2.86 -999 394.06
Saria 2012 5 16 137 24.33 34.91 21.276 -999 1.58 1.8 -999 394.06
Saria 2012 5 17 138 24.39 37.65 23.364 -999 1.6 3.23 -999 394.06
Saria 2012 5 18 139 25.56 39.33 24.192 -999 1.15 3.83 -999 394.06
Saria 2012 5 19 140 26.53 38.33 9.576 -999 0.82 3.92 -999 394.06
Saria 2012 5 20 141 24.73 38.63 24.12 -999 0.88 3.57 -999 394.06
Saria 2012 5 21 142 24.51 38.02 24.66 -999 0.59 3.82 -999 394.06
Saria 2012 5 22 143 25.86 35.9 21.888 -999 0.44 3.16 -999 394.06
Saria 2012 5 23 144 24.68 39.62 22.356 -999 0.25 2.62 -999 394.06
Saria 2012 5 24 145 25.78 39.5 21.384 -999 0.35 3.84 -999 394.06
Saria 2012 5 25 146 25.68 35.84 20.088 -999 0.37 4.45 -999 394.06
Saria 2012 5 26 147 25.62 39.75 24.588 -999 2.87 3.27 -999 394.06
Saria 2012 5 27 148 24.78 39.38 25.992 -999 1.69 3.52 -999 394.06
Saria 2012 5 28 149 25.98 35.6 24.732 -999 8.22 3.55 -999 394.06
Saria 2012 5 29 150 25.55 34.86 22.212 -999 4.7 2.77 -999 394.06
Saria 2012 5 30 151 24.07 35.04 17.46 -999 2.91 2.59 -999 394.06
Saria 2012 5 31 152 24.19 33.95 20.664 -999 0.49 3.41 -999 394.06
Saria 2012 6 1 153 23.7 36.85 23.796 -999 0.25 2.62 -999 394.06
Saria 2012 6 2 154 24.7 38.68 25.092 -999 1.05 3.12 -999 394.06
Saria 2012 6 3 155 25.37 34.69 18.036 -999 0.29 3.36 -999 394.06
Saria 2012 6 4 156 25.12 34.72 23.544 -999 0.23 2.53 -999 394.06
Saria 2012 6 5 157 24.74 37.15 22.248 -999 4.36 2.77 -999 394.06
Saria 2012 6 6 158 25.25 33.65 19.764 -999 3.15 3.77 -999 394.06
Saria 2012 6 7 159 24.21 33.48 23.544 -999 3.6 2.65 -999 394.06
Saria 2012 6 8 160 25.36 32.77 19.512 -999 1.08 2.31 -999 394.06
Saria 2012 6 9 161 24.02 39.14 24.372 -999 0.14 1.66 -999 394.06
Saria 2012 6 10 162 25.24 40.08 22.644 -999 0.7 2.52 -999 394.06
Saria 2012 6 11 163 26.33 34.39 23.976 -999 9.84 3.55 -999 394.06
Saria 2012 6 12 164 24.82 33.09 12.42 -999 1.88 2.7 -999 394.06
Saria 2012 6 13 165 22.9 35.16 19.224 -999 2.21 1.83 -999 394.06
Saria 2012 6 14 166 24.36 36.98 20.016 -999 2.3 1.93 -999 394.06
Saria 2012 6 15 167 24.68 39.38 23.616 -999 2 1.96 -999 394.06
Saria 2012 6 16 168 25.18 33.9 20.52 -999 8.35 3.93 -999 394.06
Saria 2012 6 17 169 24.58 34.67 19.332 -999 4.02 2.55 -999 394.06
Saria 2012 6 18 170 24.34 33.92 24.12 -999 3.86 2.8 -999 394.06
Saria 2012 6 19 171 22.76 37.89 20.484 -999 0.1 1.95 -999 394.06
Saria 2012 6 20 172 24.12 36.95 24.84 -999 4.84 3.05 -999 394.06
Saria 2012 6 21 173 24.42 33.62 20.412 -999 1.24 4.09 -999 394.06
Saria 2012 6 22 174 23.89 36.27 23.652 -999 0.25 3.65 -999 394.06
Saria 2012 6 23 175 23.49 34.05 22.464 -999 5.95 2.62 -999 394.06
Saria 2012 6 24 176 23.77 31.51 19.548 -999 17.32 2.59 -999 394.06
Saria 2012 6 25 177 22.96 34.37 24.948 -999 2.01 2.59 -999 394.06
Saria 2012 6 26 178 21.87 33.27 23.724 -999 8.77 2.52 -999 394.06
Saria 2012 6 27 179 22.61 34.02 21.024 -999 9.1 2.55 -999 394.06
Saria 2012 6 28 180 23.32 30.49 15.696 -999 5.06 3.22 -999 394.06
Saria 2012 6 29 181 22.9 32.56 21.096 -999 1.64 2.75 -999 394.06
Saria 2012 6 30 182 22.25 33.21 23.076 -999 1.41 2.42 -999 394.06
Saria 2012 7 1 183 23.31 34.04 19.692 -999 1.99 2.8 -999 394.06
Saria 2012 7 2 184 22.86 27.42 18.468 -999 17.05 2.42 -999 394.06
Saria 2012 7 3 185 21.71 32.55 19.512 -999 6.88 2.2 -999 394.06
Saria 2012 7 4 186 22.64 29.33 7.92 -999 14.25 2.41 -999 394.06
Saria 2012 7 5 187 21.89 30 19.44 -999 3.74 2.34 -999 394.06
Saria 2012 7 6 188 21.62 32.45 23.04 -999 3.84 2.75 -999 394.06
Saria 2012 7 7 189 22.59 31.33 20.664 -999 6.4 2.5 -999 394.06
Saria 2012 7 8 190 21.83 31.55 20.376 -999 9.62 2.67 -999 394.06
Saria 2012 7 9 191 22.62 31.46 22.824 -999 8.58 2.52 -999 394.06
Saria 2012 7 10 192 22.66 31.61 21.78 -999 12.52 2.01 -999 394.06
Saria 2012 7 11 193 23.33 30.19 18.684 -999 3.32 1.32 -999 394.06
Saria 2012 7 12 194 22.61 32.19 20.484 -999 9.99 1.71 -999 394.06
Saria 2012 7 13 195 22.65 31.77 24.336 -999 7.95 1.89 -999 394.06
Saria 2012 7 14 196 22.07 33.99 23.76 -999 8.39 2.51 -999 394.06
Saria 2012 7 15 197 22.7 27.9 4.536 -999 4.78 3.49 -999 394.06
Saria 2012 7 16 198 21.64 29.91 13.14 -999 2.5 1.98 -999 394.06
Saria 2012 7 17 199 20.94 31.73 24.588 -999 2.83 2.37 -999 394.06
Saria 2012 7 18 200 22.05 32.41 24.48 -999 6.92 1.74 -999 394.06
Saria 2012 7 19 201 23.05 29.11 11.592 -999 8.73 1.23 -999 394.06
Saria 2012 7 20 202 21.9 30.74 16.38 -999 17.3 2.24 -999 394.06
Saria 2012 7 21 203 21.85 31.25 24.804 -999 7.83 2.11 -999 394.06
Saria 2012 7 22 204 22.56 30.08 12.6 -999 12.68 1.77 -999 394.06
Saria 2012 7 23 205 21.67 32.03 23.94 -999 12.84 1.84 -999 394.06
Saria 2012 7 24 206 23.45 28.83 22.788 -999 12.96 2 -999 394.06
Saria 2012 7 25 207 22.55 29.45 13.32 -999 2.73 1.23 -999 394.06
Saria 2012 7 26 208 22.05 31.37 22.176 -999 7.16 1.54 -999 394.06
Saria 2012 7 27 209 22.14 30.44 20.484 -999 11.86 1.53 -999 394.06
Saria 2012 7 28 210 21.9 31.05 21.924 -999 4.8 1.95 -999 394.06
Saria 2012 7 29 211 22.3 31.12 13.068 -999 8.63 1.38 -999 394.06
Saria 2012 7 30 212 21.74 32.15 24.372 -999 7.59 1.27 -999 394.06
Saria 2012 7 31 213 23.23 31.35 11.016 -999 9.18 1.71 -999 394.06
Saria 2012 8 1 214 23.11 31.95 23.904 -999 4.91 2.12 -999 394.06
Saria 2012 8 2 215 22.34 31.12 20.34 -999 7.99 2.08 -999 394.06
Saria 2012 8 3 216 21.75 31.48 23.184 -999 6.21 1.86 -999 394.06
Saria 2012 8 4 217 22.56 28.57 11.556 -999 15.32 1.85 -999 394.06
Saria 2012 8 5 218 21.19 31.82 21.168 -999 14.28 1.98 -999 394.06
Saria 2012 8 6 219 21.48 30.9 22.572 -999 13.29 2.3 -999 394.06
Saria 2012 8 7 220 22.89 26.5 6.768 -999 13.11 2.81 -999 394.06
Saria 2012 8 8 221 22.29 29.96 15.516 -999 1.12 3.39 -999 394.06
Saria 2012 8 9 222 21.8 30.1 20.88 -999 5.06 1.91 -999 394.06
Saria 2012 8 10 223 21.95 31.55 23.472 -999 10.36 1.8 -999 394.06
Saria 2012 8 11 224 22.96 30.68 22.212 -999 2.86 2.66 -999 394.06
Saria 2012 8 12 225 20.74 29.22 19.728 -999 33.72 1.95 -999 394.06
Saria 2012 8 13 226 22.09 30.76 15.696 -999 9.99 2.21 -999 394.06
Saria 2012 8 14 227 22.8 29.27 15.696 -999 13.03 2.16 -999 394.06
Saria 2012 8 15 228 22.78 28.03 14.256 -999 26.63 1.74 -999 394.06
Saria 2012 8 16 229 20.86 30.71 18.324 -999 13.38 2.13 -999 394.06
Saria 2012 8 17 230 21.12 31.54 24.084 -999 3.34 1.87 -999 394.06
Saria 2012 8 18 231 21.76 31.58 25.488 -999 10.33 2.24 -999 394.06
Saria 2012 8 19 232 22.63 28.85 8.1 -999 2.36 2.03 -999 394.06
Saria 2012 8 20 233 20.55 30.05 23.292 -999 6.98 2.24 -999 394.06
Saria 2012 8 21 234 21.27 31.37 16.164 -999 1.09 1.69 -999 394.06
Saria 2012 8 22 235 22.27 32.15 24.408 -999 3.92 1.5 -999 394.06
Saria 2012 8 23 236 21.67 29.87 19.224 -999 22.39 1.76 -999 394.06
Saria 2012 8 24 237 22.12 28.28 17.496 -999 20.67 1.73 -999 394.06
Saria 2012 8 25 238 21.52 30.79 17.712 -999 11.06 0.92 -999 394.06
Saria 2012 8 26 239 21.04 31.85 24.912 -999 5.35 1.7 -999 394.06
Saria 2012 8 27 240 21.19 32.37 25.344 -999 0.94 1.77 -999 394.06
Saria 2012 8 28 241 22.56 31.76 25.272 -999 4.87 1.56 -999 394.06
Saria 2012 8 29 242 22.79 28.62 14.184 -999 4.11 1.18 -999 394.06
Saria 2012 8 30 243 22.04 29.01 21.852 -999 7.1 1.52 -999 394.06
Saria 2012 8 31 244 21.73 29.16 18.828 -999 13.05 1.89 -999 394.06
Saria 2012 9 1 245 21.12 30.23 23.328 -999 9.37 1.98 -999 394.06
Saria 2012 9 2 246 21.95 29.38 9.864 -999 15.24 1.53 -999 394.06
Saria 2012 9 3 247 22.74 29.19 23.328 -999 11.87 1.13 -999 394.06
Saria 2012 9 4 248 21.73 30.17 13.716 -999 6.94 1.19 -999 394.06
Saria 2012 9 5 249 22.7 28.09 11.196 -999 4.65 1.11 -999 394.06
Saria 2012 9 6 250 21.93 29.07 19.98 -999 2.42 1.77 -999 394.06
Saria 2012 9 7 251 20.13 32.82 25.164 -999 5.89 1.34 -999 394.06
Saria 2012 9 8 252 22.98 30.42 23.112 -999 7.71 1.33 -999 394.06
Saria 2012 9 9 253 22.53 32.08 22.932 -999 5.68 1.68 -999 394.06
Saria 2012 9 10 254 22.12 31.46 20.736 -999 5.32 1.16 -999 394.06
Saria 2012 9 11 255 22.15 33.25 22.428 -999 6.14 1.06 -999 394.06
Saria 2012 9 12 256 21.74 31.86 16.128 -999 5.32 1.81 -999 394.06
Saria 2012 9 13 257 22.16 31.48 23.436 -999 6.39 1.84 -999 394.06
Saria 2012 9 14 258 21.8 31.06 24.408 -999 0.95 1.73 -999 394.06
Saria 2012 9 15 259 22.51 30.81 19.296 -999 8.24 1.12 -999 394.06
Saria 2012 9 16 260 21.88 30.77 23.436 -999 13.95 1.48 -999 394.06
Saria 2012 9 17 261 22.41 29.7 7.524 -999 12.1 1.47 -999 394.06
Saria 2012 9 18 262 22.14 28.96 20.844 -999 29.7 1.64 -999 394.06
Saria 2012 9 19 263 21.74 29.76 18.18 -999 15.69 1.47 -999 394.06
Saria 2012 9 20 264 22.26 28.9 21.24 -999 6.4 1.25 -999 394.06
Saria 2012 9 21 265 23.01 29.39 23.256 -999 8.35 1.91 -999 394.06
Saria 2012 9 22 266 22.33 30.61 23.796 -999 13.58 1.27 -999 394.06
Saria 2012 9 23 267 21.86 33.24 21.744 -999 0.69 1.45 -999 394.06
Saria 2012 9 24 268 21.48 33.77 25.02 -999 1.22 1.39 -999 394.06
Saria 2012 9 25 269 21.48 34.07 25.38 -999 1.02 1.5 -999 394.06
Saria 2012 9 26 270 21.58 33.27 24.264 -999 1.71 1.25 -999 394.06
Saria 2012 9 27 271 22.92 29.44 21.564 -999 2.03 1.61 -999 394.06
Saria 2012 9 28 272 22.17 29.41 23.076 -999 1.68 1.45 -999 394.06
Saria 2012 9 29 273 22.06 31.43 24.876 -999 1.54 1.91 -999 394.06
Saria 2012 9 30 274 22.41 31.45 23.256 -999 1.81 1.97 -999 394.06
Saria 2012 10 1 275 21.44 31.23 24.048 -999 1.98 2.14 -999 394.06
Saria 2012 10 2 276 21.67 31.34 20.448 -999 1 1.42 -999 394.06
Saria 2012 10 3 277 22.21 33.15 19.584 -999 5.45 1.01 -999 394.06
Saria 2012 10 4 278 21.83 34.44 21.204 -999 1.02 1.24 -999 394.06
Saria 2012 10 5 279 21.65 32.96 22.896 -999 5.28 1.56 -999 394.06
Saria 2012 10 6 280 21.94 34.14 23.184 -999 6.5 1.57 -999 394.06
Saria 2012 10 7 281 22.22 32 17.172 -999 3.67 1.59 -999 394.06
Saria 2012 10 8 282 22.35 30.01 10.224 -999 1.97 1.83 -999 394.06
Saria 2012 10 9 283 21.6 30.44 22.464 -999 0.73 2.02 -999 394.06
Saria 2012 10 10 284 22.15 32.79 22.284 -999 0.28 1.83 -999 394.06
Saria 2012 10 11 285 21.91 32.96 23.976 -999 0.22 1.91 -999 394.06
Saria 2012 10 12 286 22.35 32.89 24.048 -999 0.19 2.37 -999 394.06
Saria 2012 10 13 287 22.13 32.65 22.788 -999 1.45 1.89 -999 394.06
Saria 2012 10 14 288 22 33.14 22.824 -999 2.06 1.29 -999 394.06
Saria 2012 10 15 289 22.3 32.51 21.456 -999 2.55 1.4 -999 394.06
Saria 2012 10 16 290 22.51 31.71 21.78 -999 4.17 1.52 -999 394.06
Saria 2012 10 17 291 22.74 32.61 14.22 -999 4.24 1.72 -999 394.06
Saria 2012 10 18 292 21.76 33.56 22.824 -999 0.22 1.52 -999 394.06
Saria 2012 10 19 293 21.83 33.56 22.068 -999 0.34 1.85 -999 394.06
Saria 2012 10 20 294 22.06 31.46 19.368 -999 0.16 1.43 -999 394.06
Saria 2012 10 21 295 22.57 31.83 21.096 -999 0.5 1.65 -999 394.06
Saria 2012 10 22 296 22.98 32.7 22.896 -999 0.27 1.5 -999 394.06
Saria 2012 10 23 297 20.69 33.78 22.716 -999 1.37 1.37 -999 394.06
Saria 2012 10 24 298 20.8 34.47 22.932 -999 0.8 1.43 -999 394.06
Saria 2012 10 25 299 21.22 33.92 22.464 -999 2.59 1.73 -999 394.06
Saria 2012 10 26 300 21.79 32.8 19.728 -999 2.98 1.89 -999 394.06
Saria 2012 10 27 301 22.83 29.64 15.876 -999 4.61 1.51 -999 394.06
Saria 2012 10 28 302 22.14 32.78 18.468 -999 0.8 1.51 -999 394.06
Saria 2012 10 29 303 22.65 30.37 19.404 -999 0.21 2.48 -999 394.06
Saria 2012 10 30 304 21.06 35.08 22.32 -999 0.43 1.78 -999 394.06
Saria 2012 10 31 305 21.51 33.77 20.88 -999 0.86 1.46 -999 394.06
Saria 2012 11 1 306 20.43 33.09 23.076 -999 0.3 1.72 -999 394.06
Saria 2012 11 2 307 18.44 34.61 23.436 -999 0.16 1.77 -999 394.06
Saria 2012 11 3 308 18.28 33.72 22.716 -999 1.35 1.78 -999 394.06
Saria 2012 11 4 309 21.39 33.2 21.096 -999 0.76 1.94 -999 394.06
Saria 2012 11 5 310 21.73 33.43 21.528 -999 0.71 1.74 -999 394.06
Saria 2012 11 6 311 21.98 32.03 19.8 -999 1.06 1.81 -999 394.06
Saria 2012 11 7 312 22.25 31.18 17.532 -999 0.09 1.52 -999 394.06
Saria 2012 11 8 313 21.34 33.85 18.396 -999 0.11 1.41 -999 394.06
Saria 2012 11 9 314 21.38 34.31 20.556 -999 0.04 1.86 -999 394.06
Saria 2012 11 10 315 19.34 33.69 20.664 -999 0.01 2.11 -999 394.06
Saria 2012 11 11 316 18.36 33.44 20.448 -999 0 2 -999 394.06
Saria 2012 11 12 317 20.48 33.86 20.736 -999 0 1.52 -999 394.06
Saria 2012 11 13 318 21.34 34.58 17.964 -999 0 1.65 -999 394.06
Saria 2012 11 14 319 21.46 34.61 19.404 -999 0 1.7 -999 394.06
Saria 2012 11 15 320 21.77 33.62 18.72 -999 0.01 1.6 -999 394.06
Saria 2012 11 16 321 21.96 34.8 20.88 -999 0 1.81 -999 394.06
Saria 2012 11 17 322 18.22 34.63 20.844 -999 0 2.02 -999 394.06
Saria 2012 11 18 323 19.76 34.94 20.952 -999 0 1.12 -999 394.06
Saria 2012 11 19 324 18.31 34.4 21.096 -999 0 1.79 -999 394.06
Saria 2012 11 20 325 17.26 34.05 22.032 -999 0 2.34 -999 394.06
Saria 2012 11 21 326 17.01 34.4 21.924 -999 0 2.23 -999 394.06
Saria 2012 11 22 327 17.65 34.48 21.78 -999 0 1.77 -999 394.06
Saria 2012 11 23 328 18.77 32.12 20.088 -999 0 1.7 -999 394.06
Saria 2012 11 24 329 16.44 32.63 15.912 -999 0 2.82 -999 394.06
Saria 2012 11 25 330 16.48 32.57 18.108 -999 0 2.82 -999 394.06
Saria 2012 11 26 331 15.57 32.81 20.952 -999 0 2.26 -999 394.06
Saria 2012 11 27 332 15.7 33.2 20.7 -999 0 2.52 -999 394.06
Saria 2012 11 28 333 15.23 33.12 20.304 -999 0 2.75 -999 394.06
Saria 2012 11 29 334 15.78 33.29 20.628 -999 0 2.13 -999 394.06
Saria 2012 11 30 335 21.39 34.35 20.196 -999 0.01 1.27 -999 394.06
Saria 2012 12 1 336 21.17 33.87 17.964 -999 0.11 2.36 -999 394.06
Saria 2012 12 2 337 21.59 30.4 14.148 -999 0 1.75 -999 394.06
Saria 2012 12 3 338 17.99 32.33 12.816 -999 0 3.11 -999 394.06
Saria 2012 12 4 339 17.36 30.54 18.72 -999 0 3.98 -999 394.06
Saria 2012 12 5 340 15.23 31.37 20.952 -999 0 3.08 -999 394.06
Saria 2012 12 6 341 13.75 31.15 21.132 -999 0 2.93 -999 394.06
Saria 2012 12 7 342 14.68 32.68 20.664 -999 0 2.8 -999 394.06
Saria 2012 12 8 343 14.19 33.23 21.24 -999 0 3.18 -999 394.06
Saria 2012 12 9 344 15 33.56 21.492 -999 0 2.01 -999 394.06
Saria 2012 12 10 345 14.31 33.76 20.988 -999 0 2.66 -999 394.06
Saria 2012 12 11 346 14.58 34.02 20.844 -999 0 2.73 -999 394.06
Saria 2012 12 12 347 16.83 33.98 20.628 -999 0 1.95 -999 394.06
Saria 2012 12 13 348 18.07 33.19 15.948 -999 0.04 2.57 -999 394.06
Saria 2012 12 14 349 16.08 31.74 15.12 -999 0 3.05 -999 394.06
Saria 2012 12 15 350 15.01 29.69 19.44 -999 0 3.17 -999 394.06
Saria 2012 12 16 351 13.45 32.29 18.972 -999 0 3.45 -999 394.06
Saria 2012 12 17 352 12.41 31.39 19.692 -999 0 3.37 -999 394.06
Saria 2012 12 18 353 13.33 30.32 16.92 -999 0 3.66 -999 394.06
Saria 2012 12 19 354 12.17 30.17 14.328 -999 0 3.16 -999 394.06
Saria 2012 12 20 355 12.4 29.92 19.368 -999 0 3.05 -999 394.06
Saria 2012 12 21 356 12.16 30.94 20.844 -999 0 3.05 -999 394.06
Saria 2012 12 22 357 12.3 31.16 20.448 -999 0 3.27 -999 394.06
Saria 2012 12 23 358 12.17 31.38 20.844 -999 0 3.54 -999 394.06
Saria 2012 12 24 359 12.04 31.82 21.708 -999 0 3.52 -999 394.06
Saria 2012 12 25 360 12.08 31.55 20.844 -999 0 3.12 -999 394.06
Saria 2012 12 26 361 12.06 31.62 18.324 -999 0 2.9 -999 394.06
Saria 2012 12 27 362 12.74 29.85 16.812 -999 0 3.15 -999 394.06
Saria 2012 12 28 363 10.7 30.48 20.7 -999 0 2.85 -999 394.06
Saria 2012 12 29 364 10.65 30.73 21.348 -999 0 2.91 -999 394.06
Saria 2012 12 30 365 10.54 29.47 21.924 -999 0 3.47 -999 394.06
Saria 2012 12 31 366 10.87 28.13 21.636 -999 0 4.29 -999 394.06
