Saria 2019 1 1 1 15.33 31.35 17.388 -999 0 3.89 -999 411.66
Saria 2019 1 2 2 15.05 31.11 20.304 -999 0 3.3 -999 411.66
Saria 2019 1 3 3 13.44 31.73 21.924 -999 0 2.64 -999 411.66
Saria 2019 1 4 4 12.69 30.98 20.952 -999 0 3.52 -999 411.66
Saria 2019 1 5 5 12.61 29.49 19.836 -999 0 3.79 -999 411.66
Saria 2019 1 6 6 13.48 26.87 15.624 -999 0 3.45 -999 411.66
Saria 2019 1 7 7 13.91 30.69 20.412 -999 0 3.48 -999 411.66
Saria 2019 1 8 8 12.59 28.44 18.108 -999 0 3.36 -999 411.66
Saria 2019 1 9 9 11.85 30.98 20.412 -999 0 2.79 -999 411.66
Saria 2019 1 10 10 13.51 32.64 19.152 -999 0 2.53 -999 411.66
Saria 2019 1 11 11 13.04 33.16 20.52 -999 0 2.86 -999 411.66
Saria 2019 1 12 12 14.3 33.84 21.312 -999 0 3.59 -999 411.66
Saria 2019 1 13 13 14.13 33.53 22.176 -999 0 3.63 -999 411.66
Saria 2019 1 14 14 13.3 33.08 22.932 -999 0 3.22 -999 411.66
Saria 2019 1 15 15 13.12 33.67 23.004 -999 0 2.98 -999 411.66
Saria 2019 1 16 16 13.82 34.65 23.364 -999 0 2.91 -999 411.66
Saria 2019 1 17 17 14.08 35.73 22.608 -999 0 2.55 -999 411.66
Saria 2019 1 18 18 18.26 34.23 17.712 -999 0 2.4 -999 411.66
Saria 2019 1 19 19 16.01 32.2 21.708 -999 0 3.5 -999 411.66
Saria 2019 1 20 20 13.44 31.55 22.428 -999 0 3.36 -999 411.66
Saria 2019 1 21 21 12.64 32.37 23.004 -999 0 2.89 -999 411.66
Saria 2019 1 22 22 12.44 29.94 23.472 -999 0 3.12 -999 411.66
Saria 2019 1 23 23 11.99 31.96 23.004 -999 0 3.42 -999 411.66
Saria 2019 1 24 24 13.14 33.58 23.328 -999 0 2.53 -999 411.66
Saria 2019 1 25 25 13.46 34.33 22.932 -999 0 3.02 -999 411.66
Saria 2019 1 26 26 13.65 33.09 23.4 -999 0 3.65 -999 411.66
Saria 2019 1 27 27 11.95 30.42 22.896 -999 0 3.3 -999 411.66
Saria 2019 1 28 28 11.83 33.69 23.904 -999 0 2.73 -999 411.66
Saria 2019 1 29 29 12.4 34.17 23.976 -999 0 3.09 -999 411.66
Saria 2019 1 30 30 13.32 34.36 24.084 -999 0 2.79 -999 411.66
Saria 2019 1 31 31 14.19 35.57 23.256 -999 0 2.54 -999 411.66
Saria 2019 2 1 32 14.65 36.55 20.268 -999 0 2.65 -999 411.66
Saria 2019 2 2 33 16.11 36.66 22.572 -999 0 1.74 -999 411.66
Saria 2019 2 3 34 16.22 36.09 21.924 -999 0 2.63 -999 411.66
Saria 2019 2 4 35 17.77 35.74 22.068 -999 0 3.21 -999 411.66
Saria 2019 2 5 36 17.09 35.12 16.848 -999 0 3.24 -999 411.66
Saria 2019 2 6 37 16.39 35.14 22.608 -999 0 3.32 -999 411.66
Saria 2019 2 7 38 15.97 34.75 24.12 -999 0 3.41 -999 411.66
Saria 2019 2 8 39 14.91 34.37 24.012 -999 0 3.38 -999 411.66
Saria 2019 2 9 40 15.47 33.89 20.988 -999 0 4.27 -999 411.66
Saria 2019 2 10 41 15.26 33.66 21.024 -999 0 4.42 -999 411.66
Saria 2019 2 11 42 14.91 33.69 23.112 -999 0 4.34 -999 411.66
Saria 2019 2 12 43 15.07 33.87 20.844 -999 0 4.27 -999 411.66
Saria 2019 2 13 44 14.7 34.51 23.292 -999 0 4.03 -999 411.66
Saria 2019 2 14 45 15.07 35.11 24.192 -999 0 3.87 -999 411.66
Saria 2019 2 15 46 16.32 34.15 23.76 -999 0 4.08 -999 411.66
Saria 2019 2 16 47 16.19 34.28 22.32 -999 0 3.62 -999 411.66
Saria 2019 2 17 48 16.56 34.58 21.276 -999 0 2.88 -999 411.66
Saria 2019 2 18 49 16.23 36.79 21.276 -999 0 2.68 -999 411.66
Saria 2019 2 19 50 17.9 33.97 20.268 -999 0 2.72 -999 411.66
Saria 2019 2 20 51 21.98 34.04 13.464 -999 0 1.65 -999 411.66
Saria 2019 2 21 52 20.85 36.69 17.856 -999 0 3.28 -999 411.66
Saria 2019 2 22 53 18.55 37.46 23.436 -999 0 3.67 -999 411.66
Saria 2019 2 23 54 16.16 36.05 23.58 -999 0 3.84 -999 411.66
Saria 2019 2 24 55 14.65 35.32 23.292 -999 0 2.95 -999 411.66
Saria 2019 2 25 56 15.28 35.69 23.976 -999 0 2.93 -999 411.66
Saria 2019 2 26 57 14.3 34.52 23.796 -999 0 3.45 -999 411.66
Saria 2019 2 27 58 14.11 33.83 23.256 -999 0 3.67 -999 411.66
Saria 2019 2 28 59 14.74 31.2 19.044 -999 0 3.94 -999 411.66
Saria 2019 3 1 60 13.63 32.31 23.04 -999 0 3.15 -999 411.66
Saria 2019 3 2 61 14.01 34.18 24.984 -999 0 3.13 -999 411.66
Saria 2019 3 3 62 15.31 35.74 24.912 -999 0 3.16 -999 411.66
Saria 2019 3 4 63 17.53 36.61 25.956 -999 0 2.85 -999 411.66
Saria 2019 3 5 64 18.19 37.5 24.948 -999 0 3.18 -999 411.66
Saria 2019 3 6 65 17.23 38.45 25.128 -999 0 2.9 -999 411.66
Saria 2019 3 7 66 18.68 38.91 26.136 -999 0 1.62 -999 411.66
Saria 2019 3 8 67 19.94 38.66 26.892 -999 0 1.9 -999 411.66
Saria 2019 3 9 68 17.47 36.76 24.156 -999 0 2.45 -999 411.66
Saria 2019 3 10 69 19.09 36.21 20.448 -999 0 2.91 -999 411.66
Saria 2019 3 11 70 19.55 38.21 22.104 -999 0 3.23 -999 411.66
Saria 2019 3 12 71 21.33 36.52 22.248 -999 0 3.99 -999 411.66
Saria 2019 3 13 72 20.49 38.85 23.472 -999 0 2.91 -999 411.66
Saria 2019 3 14 73 20.33 39.7 22.212 -999 0 2.89 -999 411.66
Saria 2019 3 15 74 20.08 39.88 22.212 -999 0 3.5 -999 411.66
Saria 2019 3 16 75 22.08 40.27 19.8 -999 0 3.46 -999 411.66
Saria 2019 3 17 76 25.57 39.62 18.612 -999 0.11 2.39 -999 411.66
Saria 2019 3 18 77 27.42 37.98 21.348 -999 0.02 2.13 -999 411.66
Saria 2019 3 19 78 26.18 37.44 10.62 -999 0 2.23 -999 411.66
Saria 2019 3 20 79 25.41 39.74 17.496 -999 0 1.24 -999 411.66
Saria 2019 3 21 80 21.06 39.9 19.692 -999 0 3.12 -999 411.66
Saria 2019 3 22 81 23.15 39.24 22.968 -999 0 3.7 -999 411.66
Saria 2019 3 23 82 22.66 38.45 17.424 -999 0 3.3 -999 411.66
Saria 2019 3 24 83 23.15 38.62 24.408 -999 0 2.98 -999 411.66
Saria 2019 3 25 84 23.08 39.76 23.868 -999 0 3.03 -999 411.66
Saria 2019 3 26 85 26.24 37.94 19.044 -999 0.05 3.11 -999 411.66
Saria 2019 3 27 86 26.88 38.86 9.9 -999 2.63 1.86 -999 411.66
Saria 2019 3 28 87 24.87 41.24 24.3 -999 0 3.18 -999 411.66
Saria 2019 3 29 88 23.23 42.09 26.064 -999 0 3.86 -999 411.66
Saria 2019 3 30 89 24.61 41.94 24.984 -999 0 1.87 -999 411.66
Saria 2019 3 31 90 27.37 36.25 15.084 -999 3.97 3.32 -999 411.66
Saria 2019 4 1 91 25.57 39.89 15.984 -999 0 2.11 -999 411.66
Saria 2019 4 2 92 26.17 41.55 19.152 -999 0.02 2.54 -999 411.66
Saria 2019 4 3 93 27.13 42 23.004 -999 0 2.42 -999 411.66
Saria 2019 4 4 94 28.37 42.1 24.264 -999 0 3.23 -999 411.66
Saria 2019 4 5 95 29.27 40.37 20.772 -999 0.26 3.02 -999 411.66
Saria 2019 4 6 96 27.1 40.01 20.52 -999 0 3.29 -999 411.66
Saria 2019 4 7 97 25.82 38.64 24.624 -999 0 3.58 -999 411.66
Saria 2019 4 8 98 23.55 40.32 20.124 -999 0 3.45 -999 411.66
Saria 2019 4 9 99 22.25 41.69 26.856 -999 0 3.52 -999 411.66
Saria 2019 4 10 100 22.4 41.73 24.444 -999 0 1.98 -999 411.66
Saria 2019 4 11 101 22.03 41.8 27.432 -999 0 2.59 -999 411.66
Saria 2019 4 12 102 25.71 37.19 18.324 -999 0.01 2.65 -999 411.66
Saria 2019 4 13 103 26.48 40.86 22.752 -999 0 1.67 -999 411.66
Saria 2019 4 14 104 24.07 41.35 26.064 -999 0 2.63 -999 411.66
Saria 2019 4 15 105 24.08 40.8 25.236 -999 0 1.99 -999 411.66
Saria 2019 4 16 106 26.08 42.01 23.688 -999 0.01 2.15 -999 411.66
Saria 2019 4 17 107 25.23 41.28 23.292 -999 0 2.15 -999 411.66
Saria 2019 4 18 108 27.44 42.33 22.5 -999 0 2.01 -999 411.66
Saria 2019 4 19 109 24.94 42.4 21.276 -999 0 1.99 -999 411.66
Saria 2019 4 20 110 26.8 38.45 20.952 -999 29.05 3.06 -999 411.66
Saria 2019 4 21 111 24.55 35.59 21.168 -999 70.42 2.75 -999 411.66
Saria 2019 4 22 112 24.76 35.6 23.724 -999 15.6 2.79 -999 411.66
Saria 2019 4 23 113 25.06 36.29 20.088 -999 1.16 2.35 -999 411.66
Saria 2019 4 24 114 23.8 34.95 23.472 -999 0.83 2.34 -999 411.66
Saria 2019 4 25 115 24.93 33.48 22.968 -999 0.8 1.63 -999 411.66
Saria 2019 4 26 116 24.94 39.04 23.76 -999 0.11 2.41 -999 411.66
Saria 2019 4 27 117 23.46 39.91 22.896 -999 0 2.41 -999 411.66
Saria 2019 4 28 118 26.23 39.78 21.42 -999 0.01 2.76 -999 411.66
Saria 2019 4 29 119 26.31 41.23 18.864 -999 0 2 -999 411.66
Saria 2019 4 30 120 26.54 36.83 23.544 -999 0.34 3.2 -999 411.66
Saria 2019 5 1 121 26.27 36.64 22.5 -999 0.08 3.18 -999 411.66
Saria 2019 5 2 122 26.05 36.75 23.004 -999 0.01 2.99 -999 411.66
Saria 2019 5 3 123 25.51 38.73 23.904 -999 0.19 3.25 -999 411.66
Saria 2019 5 4 124 25.64 31.02 11.088 -999 5.43 2.25 -999 411.66
Saria 2019 5 5 125 23.79 40.16 22.86 -999 0.06 2.21 -999 411.66
Saria 2019 5 6 126 24.08 42.23 26.712 -999 0 2.17 -999 411.66
Saria 2019 5 7 127 26.71 35.4 25.848 -999 0.34 3.21 -999 411.66
Saria 2019 5 8 128 26.52 38.09 21.996 -999 0.1 3.09 -999 411.66
Saria 2019 5 9 129 25.8 40.46 25.704 -999 0.19 3.76 -999 411.66
Saria 2019 5 10 130 26.48 39.48 24.912 -999 14.83 3.86 -999 411.66
Saria 2019 5 11 131 25.72 32.92 18.108 -999 5.17 3.7 -999 411.66
Saria 2019 5 12 132 23.83 37.09 22.464 -999 0.75 2.36 -999 411.66
Saria 2019 5 13 133 24.69 35.33 20.772 -999 0.3 2.92 -999 411.66
Saria 2019 5 14 134 25.76 35.81 22.572 -999 0.48 3.38 -999 411.66
Saria 2019 5 15 135 25.58 35.43 20.376 -999 0.17 3.03 -999 411.66
Saria 2019 5 16 136 25.65 32.66 20.304 -999 0.4 3.69 -999 411.66
Saria 2019 5 17 137 23.79 38.44 24.48 -999 0.04 2.74 -999 411.66
Saria 2019 5 18 138 26.02 37.35 18.828 -999 0.01 4.06 -999 411.66
Saria 2019 5 19 139 26.26 37.97 24.012 -999 0.01 3.99 -999 411.66
Saria 2019 5 20 140 26.1 38.39 15.876 -999 0.02 3.68 -999 411.66
Saria 2019 5 21 141 26.05 36.48 21.816 -999 9.39 3.12 -999 411.66
Saria 2019 5 22 142 24.48 34.62 20.808 -999 47.14 2.16 -999 411.66
Saria 2019 5 23 143 24.81 33.11 24.12 -999 2.37 1.48 -999 411.66
Saria 2019 5 24 144 24.72 33.93 10.692 -999 7.88 1.73 -999 411.66
Saria 2019 5 25 145 23.21 35.6 18.144 -999 4.31 2.71 -999 411.66
Saria 2019 5 26 146 23.67 37.83 25.128 -999 0.08 2.3 -999 411.66
Saria 2019 5 27 147 24.26 37.33 24.444 -999 1.69 3.58 -999 411.66
Saria 2019 5 28 148 24.81 34.8 23.436 -999 6.8 3.84 -999 411.66
Saria 2019 5 29 149 24.74 34.58 20.232 -999 6.17 3.09 -999 411.66
Saria 2019 5 30 150 24.08 36.14 24.336 -999 4.64 3.61 -999 411.66
Saria 2019 5 31 151 24.58 34.25 18.972 -999 0.94 3.08 -999 411.66
Saria 2019 6 1 152 24.98 33.74 16.812 -999 0.14 3.34 -999 411.66
Saria 2019 6 2 153 23.52 36.03 22.932 -999 0 2.75 -999 411.66
Saria 2019 6 3 154 24.19 37.29 24.588 -999 0.17 3.09 -999 411.66
Saria 2019 6 4 155 25.4 32.58 23.04 -999 3.13 3.49 -999 411.66
Saria 2019 6 5 156 24.42 36.29 21.024 -999 0.56 3.16 -999 411.66
Saria 2019 6 6 157 25.62 34.8 17.244 -999 0.08 2.75 -999 411.66
Saria 2019 6 7 158 24.01 34.2 15.3 -999 0.41 2.37 -999 411.66
Saria 2019 6 8 159 24.41 34.04 22.14 -999 0.01 2.82 -999 411.66
Saria 2019 6 9 160 24.6 38.03 23.292 -999 0.06 2.76 -999 411.66
Saria 2019 6 10 161 25.6 36.9 22.716 -999 0.6 2.61 -999 411.66
Saria 2019 6 11 162 25.18 31.42 21.06 -999 5.09 2.91 -999 411.66
Saria 2019 6 12 163 24.03 36.38 23.472 -999 1.83 2.55 -999 411.66
Saria 2019 6 13 164 24.51 36.19 20.34 -999 1.37 1.75 -999 411.66
Saria 2019 6 14 165 25.12 39.26 22.356 -999 0.35 2.68 -999 411.66
Saria 2019 6 15 166 25.28 39.35 24.12 -999 0.34 3.05 -999 411.66
Saria 2019 6 16 167 25.23 39.09 23.688 -999 1.64 3.03 -999 411.66
Saria 2019 6 17 168 25.05 40.46 19.224 -999 0.01 2.73 -999 411.66
Saria 2019 6 18 169 25.47 39.92 25.992 -999 0.6 3.27 -999 411.66
Saria 2019 6 19 170 25.72 38.04 18.756 -999 5.54 2.34 -999 411.66
Saria 2019 6 20 171 25.13 40.1 24.732 -999 0 2.86 -999 411.66
Saria 2019 6 21 172 26.39 40.08 24.912 -999 0.15 3.74 -999 411.66
Saria 2019 6 22 173 25.36 32.94 14.004 -999 4.49 2.77 -999 411.66
Saria 2019 6 23 174 23.48 38.06 23.58 -999 0.69 2.72 -999 411.66
Saria 2019 6 24 175 24.25 37.79 25.668 -999 0.53 3.15 -999 411.66
Saria 2019 6 25 176 25.19 33.36 19.8 -999 1.95 3.34 -999 411.66
Saria 2019 6 26 177 24.6 37.29 24.732 -999 0 3.16 -999 411.66
Saria 2019 6 27 178 24.17 38.27 23.76 -999 0.63 2.72 -999 411.66
Saria 2019 6 28 179 25 36.09 22.356 -999 3.98 2.56 -999 411.66
Saria 2019 6 29 180 24.12 32.76 23.724 -999 13.44 1.91 -999 411.66
Saria 2019 6 30 181 23.44 32.91 24.12 -999 25.18 1.84 -999 411.66
Saria 2019 7 1 182 23.51 34.25 24.264 -999 8.36 1.88 -999 411.66
Saria 2019 7 2 183 24.32 33.14 20.448 -999 0.05 2.7 -999 411.66
Saria 2019 7 3 184 24.21 37.59 21.636 -999 0.08 2.4 -999 411.66
Saria 2019 7 4 185 23.63 36.39 9.792 -999 9.31 2.31 -999 411.66
Saria 2019 7 5 186 24 29.54 21.312 -999 17.88 2.01 -999 411.66
Saria 2019 7 6 187 22.3 34.43 23.076 -999 0.2 1.56 -999 411.66
Saria 2019 7 7 188 23.19 35.99 22.824 -999 1 2.55 -999 411.66
Saria 2019 7 8 189 23.92 34.64 21.708 -999 0.35 3.78 -999 411.66
Saria 2019 7 9 190 23.05 28.01 6.696 -999 27.96 2.5 -999 411.66
Saria 2019 7 10 191 21.9 31.57 20.16 -999 0.37 1.5 -999 411.66
Saria 2019 7 11 192 20.35 34.69 22.356 -999 0.07 1.65 -999 411.66
Saria 2019 7 12 193 22.56 34.99 17.28 -999 0.31 2.37 -999 411.66
Saria 2019 7 13 194 23.47 32.58 21.852 -999 6.13 2.76 -999 411.66
Saria 2019 7 14 195 22.54 33.68 23.76 -999 4.91 1.62 -999 411.66
Saria 2019 7 15 196 23.25 34.92 12.996 -999 4.97 2.02 -999 411.66
Saria 2019 7 16 197 23.1 32.06 18.504 -999 1.51 2.3 -999 411.66
Saria 2019 7 17 198 22.4 31.19 20.16 -999 0.54 1.84 -999 411.66
Saria 2019 7 18 199 22.29 35.26 13.716 -999 0.12 2.1 -999 411.66
Saria 2019 7 19 200 23.37 32.55 7.416 -999 0 2.36 -999 411.66
Saria 2019 7 20 201 23.25 31.92 17.784 -999 0.01 1.59 -999 411.66
Saria 2019 7 21 202 22.62 34.21 15.84 -999 0.83 2.21 -999 411.66
Saria 2019 7 22 203 22.11 34.9 19.98 -999 0.48 2.71 -999 411.66
Saria 2019 7 23 204 23.6 30.58 18 -999 13.28 1.95 -999 411.66
Saria 2019 7 24 205 23.02 32.05 18.684 -999 13.34 2.05 -999 411.66
Saria 2019 7 25 206 22.12 33.01 21.456 -999 6.86 1.6 -999 411.66
Saria 2019 7 26 207 23.48 32.51 15.696 -999 6.08 1.49 -999 411.66
Saria 2019 7 27 208 22.61 34.33 25.524 -999 0.88 1.7 -999 411.66
Saria 2019 7 28 209 22.74 33.22 6.768 -999 2.41 2.2 -999 411.66
Saria 2019 7 29 210 23.49 30.52 24.984 -999 7.01 1.72 -999 411.66
Saria 2019 7 30 211 22.76 31.78 24.3 -999 6.43 2.2 -999 411.66
Saria 2019 7 31 212 22.09 32.75 21.276 -999 7.3 1.65 -999 411.66
Saria 2019 8 1 213 23.24 29.32 18 -999 28.93 1.15 -999 411.66
Saria 2019 8 2 214 22.6 32.8 24.228 -999 3.02 2.12 -999 411.66
Saria 2019 8 3 215 22.73 31.26 15.696 -999 7.17 2.94 -999 411.66
Saria 2019 8 4 216 21.87 34.18 22.176 -999 0.07 2.1 -999 411.66
Saria 2019 8 5 217 22.4 32.51 19.656 -999 4.48 1.89 -999 411.66
Saria 2019 8 6 218 23.36 30.83 14.724 -999 15.71 2.08 -999 411.66
Saria 2019 8 7 219 22.05 31.14 20.412 -999 5.77 2.34 -999 411.66
Saria 2019 8 8 220 22.8 28.55 14.652 -999 41.64 2.12 -999 411.66
Saria 2019 8 9 221 22.74 30.43 18.648 -999 5.18 1.64 -999 411.66
Saria 2019 8 10 222 21.55 31.29 20.628 -999 5.06 2.21 -999 411.66
Saria 2019 8 11 223 23.08 31.23 23.436 -999 2.58 2.34 -999 411.66
Saria 2019 8 12 224 22.34 32.98 23.616 -999 1.17 2.24 -999 411.66
Saria 2019 8 13 225 22.89 33.12 20.304 -999 1.57 1.91 -999 411.66
Saria 2019 8 14 226 22.97 32.3 16.956 -999 0.56 2.22 -999 411.66
Saria 2019 8 15 227 22.51 33.59 22.5 -999 0.84 1.8 -999 411.66
Saria 2019 8 16 228 22.95 28.77 17.46 -999 38.93 1.92 -999 411.66
Saria 2019 8 17 229 22.65 30.35 17.352 -999 8.15 1.33 -999 411.66
Saria 2019 8 18 230 22.4 32.01 22.248 -999 1.63 1.34 -999 411.66
Saria 2019 8 19 231 22.27 31.66 21.564 -999 8.92 2.05 -999 411.66
Saria 2019 8 20 232 22.8 29.94 13.788 -999 17.76 1.48 -999 411.66
Saria 2019 8 21 233 22.33 30.32 18.288 -999 5.67 2.52 -999 411.66
Saria 2019 8 22 234 21.93 29.26 9.324 -999 11.17 2.56 -999 411.66
Saria 2019 8 23 235 22.47 27.58 13.464 -999 25.99 2.27 -999 411.66
Saria 2019 8 24 236 22.18 29.12 17.568 -999 4.27 2.23 -999 411.66
Saria 2019 8 25 237 21.55 29.37 14.832 -999 3.72 2.5 -999 411.66
Saria 2019 8 26 238 21.85 29.94 19.08 -999 2.25 2.88 -999 411.66
Saria 2019 8 27 239 21.92 31.19 20.52 -999 1.69 2.16 -999 411.66
Saria 2019 8 28 240 22.87 27.67 7.128 -999 29.8 2.1 -999 411.66
Saria 2019 8 29 241 21.9 28.05 17.136 -999 6.07 1.49 -999 411.66
Saria 2019 8 30 242 21.5 31.8 11.196 -999 9.14 1.23 -999 411.66
Saria 2019 8 31 243 21.76 33.1 24.408 -999 4.57 1.67 -999 411.66
Saria 2019 9 1 244 22.39 32.79 24.732 -999 1.84 1.64 -999 411.66
Saria 2019 9 2 245 22.97 30.54 21.672 -999 4.23 1.52 -999 411.66
Saria 2019 9 3 246 22.67 30.07 21.24 -999 4.62 1.69 -999 411.66
Saria 2019 9 4 247 21.99 33.06 20.772 -999 2.61 0.91 -999 411.66
Saria 2019 9 5 248 22.61 33.13 18.18 -999 6.5 1.37 -999 411.66
Saria 2019 9 6 249 23.02 31.39 24.948 -999 4.43 1.57 -999 411.66
Saria 2019 9 7 250 23.24 30.83 20.844 -999 15.39 1.21 -999 411.66
Saria 2019 9 8 251 22.81 31.75 22.68 -999 14.74 1.21 -999 411.66
Saria 2019 9 9 252 22.45 30.55 17.964 -999 8.02 1.42 -999 411.66
Saria 2019 9 10 253 22.74 30.94 22.536 -999 4.15 1.38 -999 411.66
Saria 2019 9 11 254 21.44 33.06 22.572 -999 10.58 1.5 -999 411.66
Saria 2019 9 12 255 22.61 31.66 22.968 -999 3.49 1.48 -999 411.66
Saria 2019 9 13 256 22.49 31.01 21.528 -999 3.73 2.21 -999 411.66
Saria 2019 9 14 257 23.48 33.14 22.536 -999 3.07 1.43 -999 411.66
Saria 2019 9 15 258 22.96 29.98 21.096 -999 5.51 1.05 -999 411.66
Saria 2019 9 16 259 23.26 31.49 19.98 -999 4.6 1.27 -999 411.66
Saria 2019 9 17 260 22.19 30.13 14.112 -999 3.29 1.2 -999 411.66
Saria 2019 9 18 261 22.43 32.21 21.852 -999 4.81 1.01 -999 411.66
Saria 2019 9 19 262 22.73 33.07 17.82 -999 3.63 1.6 -999 411.66
Saria 2019 9 20 263 23.02 29.4 21.78 -999 1.94 1.93 -999 411.66
Saria 2019 9 21 264 22.8 32.95 21.708 -999 0.74 1.25 -999 411.66
Saria 2019 9 22 265 22.25 33.59 24.336 -999 0.66 1.38 -999 411.66
Saria 2019 9 23 266 22.8 30.86 23.472 -999 2.31 1.27 -999 411.66
Saria 2019 9 24 267 21.68 34.78 20.736 -999 0.73 1.24 -999 411.66
Saria 2019 9 25 268 22.83 34.09 21.636 -999 1.11 1.45 -999 411.66
Saria 2019 9 26 269 23.21 32.42 21.384 -999 2.05 1.76 -999 411.66
Saria 2019 9 27 270 23.33 29.99 21.024 -999 7.32 2.07 -999 411.66
Saria 2019 9 28 271 23.51 32.07 21.888 -999 2.3 1.45 -999 411.66
Saria 2019 9 29 272 22.33 32.41 23.508 -999 0.08 1.62 -999 411.66
Saria 2019 9 30 273 21.87 34.22 23.832 -999 0.01 2.18 -999 411.66
Saria 2019 10 1 274 23.55 31.44 16.308 -999 6.79 1.66 -999 411.66
Saria 2019 10 2 275 23.08 30.18 18.504 -999 6.7 2.33 -999 411.66
Saria 2019 10 3 276 22.41 31.88 22.572 -999 1.41 1.28 -999 411.66
Saria 2019 10 4 277 21.98 31.07 22.608 -999 1.24 1.76 -999 411.66
Saria 2019 10 5 278 22.89 30.1 19.62 -999 3.21 1.51 -999 411.66
Saria 2019 10 6 279 22.36 26.44 12.744 -999 12.67 2.09 -999 411.66
Saria 2019 10 7 280 22.48 30.48 23.004 -999 2.83 1.77 -999 411.66
Saria 2019 10 8 281 22.61 32.75 16.704 -999 0.05 2.74 -999 411.66
Saria 2019 10 9 282 22.65 33.35 20.232 -999 1.66 1.61 -999 411.66
Saria 2019 10 10 283 22.73 31.33 20.664 -999 3.3 1.66 -999 411.66
Saria 2019 10 11 284 22.35 29.23 14.652 -999 47.95 2.53 -999 411.66
Saria 2019 10 12 285 22.48 30.22 17.748 -999 11.51 2.72 -999 411.66
Saria 2019 10 13 286 21.73 29.4 20.592 -999 5.83 1.75 -999 411.66
Saria 2019 10 14 287 21.63 32.9 23.58 -999 2.71 1.73 -999 411.66
Saria 2019 10 15 288 22.48 33.87 24.012 -999 1.31 1.78 -999 411.66
Saria 2019 10 16 289 23.07 35.19 24.228 -999 0.92 1.75 -999 411.66
Saria 2019 10 17 290 23.33 32.12 18.9 -999 5.96 1.83 -999 411.66
Saria 2019 10 18 291 23.13 33.48 22.212 -999 0.29 1.56 -999 411.66
Saria 2019 10 19 292 23.37 32.87 19.728 -999 0.66 1.34 -999 411.66
Saria 2019 10 20 293 23.05 29.45 14.22 -999 0.73 2.17 -999 411.66
Saria 2019 10 21 294 21.8 28.65 19.584 -999 5.33 2.46 -999 411.66
Saria 2019 10 22 295 21.49 32.76 22.284 -999 0.77 1.88 -999 411.66
Saria 2019 10 23 296 22.47 34.29 20.556 -999 0.21 1.86 -999 411.66
Saria 2019 10 24 297 23.17 32.48 22.14 -999 0.04 1.47 -999 411.66
Saria 2019 10 25 298 22.85 34.31 22.752 -999 0.01 1.62 -999 411.66
Saria 2019 10 26 299 21.6 36.15 23.436 -999 0 2.02 -999 411.66
Saria 2019 10 27 300 22.81 33.5 21.744 -999 0.13 1.84 -999 411.66
Saria 2019 10 28 301 22.86 33.15 20.844 -999 1.2 1.95 -999 411.66
Saria 2019 10 29 302 22.11 33.93 20.268 -999 0.14 1.75 -999 411.66
Saria 2019 10 30 303 22.33 33.69 21.132 -999 0.18 1.98 -999 411.66
Saria 2019 10 31 304 22.63 29.8 17.532 -999 0.89 2.23 -999 411.66
Saria 2019 11 1 305 21.37 34.02 20.376 -999 0.02 1.62 -999 411.66
Saria 2019 11 2 306 19.91 34.57 22.968 -999 0 1.86 -999 411.66
Saria 2019 11 3 307 19.83 34.37 19.188 -999 0 1.95 -999 411.66
Saria 2019 11 4 308 22.13 34.65 22.068 -999 0 1.88 -999 411.66
Saria 2019 11 5 309 19.88 34.75 22.5 -999 0 1.93 -999 411.66
Saria 2019 11 6 310 18.82 35.31 22.788 -999 0 1.4 -999 411.66
Saria 2019 11 7 311 19.76 35.12 22.644 -999 0 1.26 -999 411.66
Saria 2019 11 8 312 21.13 35.47 21.78 -999 0 1.84 -999 411.66
Saria 2019 11 9 313 20.22 35.51 21.816 -999 0 1.79 -999 411.66
Saria 2019 11 10 314 20.01 35.16 21.564 -999 0 1.59 -999 411.66
Saria 2019 11 11 315 20.06 34.64 20.088 -999 0 1.77 -999 411.66
Saria 2019 11 12 316 18.15 33.74 22.104 -999 0 2.52 -999 411.66
Saria 2019 11 13 317 15.66 31.9 22.572 -999 0 2.65 -999 411.66
Saria 2019 11 14 318 15.55 32.99 23.076 -999 0 2.3 -999 411.66
Saria 2019 11 15 319 15.67 33.71 20.556 -999 0 2.07 -999 411.66
Saria 2019 11 16 320 19.82 33.95 22.176 -999 0 1.78 -999 411.66
Saria 2019 11 17 321 17.16 32.72 20.556 -999 0 2.56 -999 411.66
Saria 2019 11 18 322 15.87 34.32 22.212 -999 0 2.8 -999 411.66
Saria 2019 11 19 323 15.69 33.24 21.816 -999 0 2.75 -999 411.66
Saria 2019 11 20 324 14.37 33.58 22.644 -999 0 3.04 -999 411.66
Saria 2019 11 21 325 15.08 34.16 22.536 -999 0 2.91 -999 411.66
Saria 2019 11 22 326 17.97 34.4 19.404 -999 0 2.73 -999 411.66
Saria 2019 11 23 327 16.93 34.44 21.744 -999 0 2.23 -999 411.66
Saria 2019 11 24 328 16.19 34.72 22.248 -999 0 2.73 -999 411.66
Saria 2019 11 25 329 15.85 34.57 21.924 -999 0 2.97 -999 411.66
Saria 2019 11 26 330 14.98 34.49 22.464 -999 0 2.52 -999 411.66
Saria 2019 11 27 331 15.58 35.03 22.068 -999 0 2.71 -999 411.66
Saria 2019 11 28 332 17.99 35.28 21.744 -999 0 2.64 -999 411.66
Saria 2019 11 29 333 15.23 34.62 22.608 -999 0 3.27 -999 411.66
Saria 2019 11 30 334 14.39 34.06 21.636 -999 0 3.38 -999 411.66
Saria 2019 12 1 335 14.43 34.13 21.816 -999 0 3.09 -999 411.66
Saria 2019 12 2 336 14.05 34.26 21.636 -999 0 2.45 -999 411.66
Saria 2019 12 3 337 13.75 34 21.96 -999 0 2.38 -999 411.66
Saria 2019 12 4 338 14.6 33.26 22.428 -999 0 2.78 -999 411.66
Saria 2019 12 5 339 13.82 33.32 22.14 -999 0 2.59 -999 411.66
Saria 2019 12 6 340 16.9 33.83 16.2 -999 0 1.88 -999 411.66
Saria 2019 12 7 341 15.06 34 17.676 -999 0 2.69 -999 411.66
Saria 2019 12 8 342 14.09 33.13 17.604 -999 0 2.84 -999 411.66
Saria 2019 12 9 343 14.01 32.92 20.664 -999 0 2.81 -999 411.66
Saria 2019 12 10 344 13.02 33.17 21.096 -999 0 2.73 -999 411.66
Saria 2019 12 11 345 12.71 32.43 21.456 -999 0 3.1 -999 411.66
Saria 2019 12 12 346 13.01 32.15 21.744 -999 0 3.34 -999 411.66
Saria 2019 12 13 347 12.8 32.01 20.736 -999 0 3.36 -999 411.66
Saria 2019 12 14 348 13.85 31.9 21.168 -999 0 3.12 -999 411.66
Saria 2019 12 15 349 14.11 32.54 21.312 -999 0 3.27 -999 411.66
Saria 2019 12 16 350 12.59 32.74 21.564 -999 0 3.06 -999 411.66
Saria 2019 12 17 351 12.94 33.61 21.564 -999 0 2.75 -999 411.66
Saria 2019 12 18 352 13.96 33.6 19.62 -999 0 2.83 -999 411.66
Saria 2019 12 19 353 14.82 33.28 18.504 -999 0 3.09 -999 411.66
Saria 2019 12 20 354 15.09 33.35 19.62 -999 0 3.19 -999 411.66
Saria 2019 12 21 355 13.29 32.26 20.304 -999 0 3.49 -999 411.66
Saria 2019 12 22 356 12.33 32.65 21.492 -999 0 3.77 -999 411.66
Saria 2019 12 23 357 12.7 32.46 22.716 -999 0 3.55 -999 411.66
Saria 2019 12 24 358 12.59 32.27 23.004 -999 0 3.38 -999 411.66
Saria 2019 12 25 359 10.7 31.63 22.032 -999 0 3.08 -999 411.66
Saria 2019 12 26 360 10.94 31.46 21.996 -999 0 2.95 -999 411.66
Saria 2019 12 27 361 13.01 30.21 18.252 -999 0 3.08 -999 411.66
Saria 2019 12 28 362 13.14 32.17 19.224 -999 0 2.98 -999 411.66
Saria 2019 12 29 363 13.05 32.18 21.24 -999 0 3.19 -999 411.66
Saria 2019 12 30 364 11.99 31.37 22.176 -999 0 3.45 -999 411.66
Saria 2019 12 31 365 12.87 30.4 22.716 -999 0 3.82 -999 411.66
