Saria 2003 1 1 1 14.09 32.3 21.888 -999 0 4.41 -999 375.98
Saria 2003 1 2 2 12.93 31.92 21.528 -999 0 3.92 -999 375.98
Saria 2003 1 3 3 13.83 33.36 20.664 -999 0 3.72 -999 375.98
Saria 2003 1 4 4 13.98 34.14 21.204 -999 0 3.41 -999 375.98
Saria 2003 1 5 5 14.2 33.42 18.072 -999 0 3.08 -999 375.98
Saria 2003 1 6 6 14.19 34.48 18.756 -999 0 2.88 -999 375.98
Saria 2003 1 7 7 14.56 35.35 20.088 -999 0 3 -999 375.98
Saria 2003 1 8 8 15.04 36.17 20.448 -999 0 2.93 -999 375.98
Saria 2003 1 9 9 15.14 36.17 21.096 -999 0 3.01 -999 375.98
Saria 2003 1 10 10 16.36 35.54 20.736 -999 0 2.98 -999 375.98
Saria 2003 1 11 11 16.33 34.97 21.96 -999 0 2.2 -999 375.98
Saria 2003 1 12 12 17.75 35.4 18.54 -999 0 2.46 -999 375.98
Saria 2003 1 13 13 20.19 36.23 20.268 -999 0 2.05 -999 375.98
Saria 2003 1 14 14 19.47 36.53 21.456 -999 0 3.91 -999 375.98
Saria 2003 1 15 15 19.45 36.34 17.964 -999 0 4.21 -999 375.98
Saria 2003 1 16 16 18.91 35.64 16.776 -999 0 3.51 -999 375.98
Saria 2003 1 17 17 20.23 35.58 10.368 -999 0 3.83 -999 375.98
Saria 2003 1 18 18 20.69 33.08 8.1 -999 0 3.81 -999 375.98
Saria 2003 1 19 19 20.45 32.87 9.9 -999 0 2.72 -999 375.98
Saria 2003 1 20 20 20.65 33.78 14.904 -999 0 3.55 -999 375.98
Saria 2003 1 21 21 18.96 35.87 17.172 -999 0 3.56 -999 375.98
Saria 2003 1 22 22 20.12 36.13 17.1 -999 0 3.6 -999 375.98
Saria 2003 1 23 23 19.14 35.43 16.92 -999 0 3.81 -999 375.98
Saria 2003 1 24 24 21.02 35.65 20.88 -999 0 4.33 -999 375.98
Saria 2003 1 25 25 20.42 35.07 20.268 -999 0 4.34 -999 375.98
Saria 2003 1 26 26 19.82 32.55 20.52 -999 0 4.34 -999 375.98
Saria 2003 1 27 27 16.3 32.13 20.916 -999 0 3.9 -999 375.98
Saria 2003 1 28 28 14.32 32.48 22.788 -999 0 3.96 -999 375.98
Saria 2003 1 29 29 13.62 33.26 23.076 -999 0 2.97 -999 375.98
Saria 2003 1 30 30 14.46 35.32 22.608 -999 0 2.87 -999 375.98
Saria 2003 1 31 31 16.05 36.59 22.428 -999 0 3.1 -999 375.98
Saria 2003 2 1 32 17.05 37.92 22.536 -999 0 3.34 -999 375.98
Saria 2003 2 2 33 19.39 38.21 23.616 -999 0 4.46 -999 375.98
Saria 2003 2 3 34 19.01 38.73 22.356 -999 0 4.66 -999 375.98
Saria 2003 2 4 35 20.44 37.83 22.32 -999 0 4.51 -999 375.98
Saria 2003 2 5 36 18.55 37.01 22.428 -999 0 3.78 -999 375.98
Saria 2003 2 6 37 17.45 37.62 22.896 -999 0 3.27 -999 375.98
Saria 2003 2 7 38 17.8 38.7 22.356 -999 0 3.35 -999 375.98
Saria 2003 2 8 39 17.84 38.8 24.768 -999 0 3.66 -999 375.98
Saria 2003 2 9 40 17.92 39.5 24.156 -999 0 3.08 -999 375.98
Saria 2003 2 10 41 17.73 39.76 22.212 -999 0 3.06 -999 375.98
Saria 2003 2 11 42 21.28 39.77 20.232 -999 0.01 2.92 -999 375.98
Saria 2003 2 12 43 21.76 37.57 21.456 -999 0.06 1.66 -999 375.98
Saria 2003 2 13 44 25.08 37.91 16.956 -999 0.18 1.5 -999 375.98
Saria 2003 2 14 45 23.91 39.92 19.044 -999 0.02 2.27 -999 375.98
Saria 2003 2 15 46 21.4 35.71 16.344 -999 0 2.3 -999 375.98
Saria 2003 2 16 47 22.8 37.75 21.888 -999 0 3.06 -999 375.98
Saria 2003 2 17 48 19.93 36.19 18.216 -999 0 3.21 -999 375.98
Saria 2003 2 18 49 20.24 36.16 22.572 -999 0 3.53 -999 375.98
Saria 2003 2 19 50 20.31 37.17 23.364 -999 0 3.45 -999 375.98
Saria 2003 2 20 51 19.13 37.8 23.364 -999 0 3.28 -999 375.98
Saria 2003 2 21 52 19.65 39.18 23.688 -999 0 3.36 -999 375.98
Saria 2003 2 22 53 21.41 40.3 24.516 -999 0 3.27 -999 375.98
Saria 2003 2 23 54 20.3 40.57 22.284 -999 0 3.48 -999 375.98
Saria 2003 2 24 55 20.13 40.52 23.472 -999 0 3.41 -999 375.98
Saria 2003 2 25 56 20.66 39.28 20.376 -999 0.52 1.59 -999 375.98
Saria 2003 2 26 57 24.42 40.53 19.26 -999 0.02 1.17 -999 375.98
Saria 2003 2 27 58 22.23 39.62 22.212 -999 0.01 2.41 -999 375.98
Saria 2003 2 28 59 21.26 39.38 23.292 -999 0 3.88 -999 375.98
Saria 2003 3 1 60 20.94 38.82 24.48 -999 0 4.09 -999 375.98
Saria 2003 3 2 61 20.75 38.71 24.084 -999 0 3.92 -999 375.98
Saria 2003 3 3 62 21.02 37.35 19.224 -999 0 4.03 -999 375.98
Saria 2003 3 4 63 21.03 37.59 19.512 -999 0 3.48 -999 375.98
Saria 2003 3 5 64 20.55 37.9 20.772 -999 0 3.83 -999 375.98
Saria 2003 3 6 65 22.19 38.73 19.692 -999 0 3.33 -999 375.98
Saria 2003 3 7 66 21.85 39.01 18.036 -999 0 3.77 -999 375.98
Saria 2003 3 8 67 22.62 39.83 22.824 -999 0 3.24 -999 375.98
Saria 2003 3 9 68 20.4 40 23.616 -999 0 2.48 -999 375.98
Saria 2003 3 10 69 20.38 39.15 20.052 -999 0 2.84 -999 375.98
Saria 2003 3 11 70 21.99 39.85 20.196 -999 0 3.58 -999 375.98
Saria 2003 3 12 71 21.01 39.07 17.928 -999 0 4.02 -999 375.98
Saria 2003 3 13 72 20.91 37.38 22.284 -999 0 4.45 -999 375.98
Saria 2003 3 14 73 21.51 36.05 23.112 -999 0 4.5 -999 375.98
Saria 2003 3 15 74 20.54 36.13 26.172 -999 0 4.36 -999 375.98
Saria 2003 3 16 75 18.42 38.86 27.18 -999 0 4.07 -999 375.98
Saria 2003 3 17 76 19.64 40.31 27.252 -999 0 3.41 -999 375.98
Saria 2003 3 18 77 20.76 41.7 26.352 -999 0 3.45 -999 375.98
Saria 2003 3 19 78 21.32 41.93 25.416 -999 0 3.03 -999 375.98
Saria 2003 3 20 79 20.55 40.51 21.996 -999 0.01 3.23 -999 375.98
Saria 2003 3 21 80 24.08 36.88 19.872 -999 11.2 2.34 -999 375.98
Saria 2003 3 22 81 25.33 33.54 7.452 -999 9.14 2.92 -999 375.98
Saria 2003 3 23 82 23.68 34.15 6.624 -999 0.91 1.26 -999 375.98
Saria 2003 3 24 83 22.99 37.87 23.328 -999 0 2.93 -999 375.98
Saria 2003 3 25 84 20.48 39.07 25.452 -999 0 3.79 -999 375.98
Saria 2003 3 26 85 21.41 39.01 24.984 -999 0.02 3.91 -999 375.98
Saria 2003 3 27 86 21.8 38.78 23.148 -999 0 4.15 -999 375.98
Saria 2003 3 28 87 20.52 40.21 26.568 -999 0 3.31 -999 375.98
Saria 2003 3 29 88 21.62 39.83 21.204 -999 0 2.05 -999 375.98
Saria 2003 3 30 89 23.19 39.81 23.184 -999 0 2.28 -999 375.98
Saria 2003 3 31 90 20.66 41.27 26.568 -999 0 3.52 -999 375.98
Saria 2003 4 1 91 20.47 41.7 28.584 -999 0 3.53 -999 375.98
Saria 2003 4 2 92 19.67 42.34 28.44 -999 0 2.22 -999 375.98
Saria 2003 4 3 93 19.88 41.85 25.992 -999 0.01 2.69 -999 375.98
Saria 2003 4 4 94 22.3 40.38 25.164 -999 0.65 2.75 -999 375.98
Saria 2003 4 5 95 28.21 40.22 22.896 -999 2.28 2.81 -999 375.98
Saria 2003 4 6 96 27.76 35.97 19.224 -999 0.18 2.3 -999 375.98
Saria 2003 4 7 97 26.45 38.28 21.636 -999 0 2.52 -999 375.98
Saria 2003 4 8 98 26.46 40.1 19.728 -999 0.16 2.22 -999 375.98
Saria 2003 4 9 99 27.18 41.1 24.768 -999 0.11 1.52 -999 375.98
Saria 2003 4 10 100 25.06 43.21 23.4 -999 0.33 2.38 -999 375.98
Saria 2003 4 11 101 26.65 42.96 23.148 -999 0.73 2.48 -999 375.98
Saria 2003 4 12 102 28.4 40.47 20.52 -999 0.74 2.98 -999 375.98
Saria 2003 4 13 103 27.74 42.34 22.968 -999 0.3 2.53 -999 375.98
Saria 2003 4 14 104 27.51 42.71 23.976 -999 0 2.34 -999 375.98
Saria 2003 4 15 105 27.13 39.32 23.4 -999 3.08 4.04 -999 375.98
Saria 2003 4 16 106 26.44 37.39 23.292 -999 0.1 2.48 -999 375.98
Saria 2003 4 17 107 25.87 39.25 25.2 -999 1.55 2.55 -999 375.98
Saria 2003 4 18 108 25.85 39.87 24.12 -999 0.21 2 -999 375.98
Saria 2003 4 19 109 26.53 40.27 25.74 -999 0.17 2.6 -999 375.98
Saria 2003 4 20 110 25.29 38.15 23.94 -999 0.03 3.16 -999 375.98
Saria 2003 4 21 111 26.9 40.94 24.3 -999 1.32 2.55 -999 375.98
Saria 2003 4 22 112 26.85 41.47 24.732 -999 3.36 1.8 -999 375.98
Saria 2003 4 23 113 25.87 37.83 24.3 -999 7.85 3.6 -999 375.98
Saria 2003 4 24 114 26.17 38.58 24.3 -999 0.04 2.18 -999 375.98
Saria 2003 4 25 115 27.48 41.9 23.904 -999 1.18 2.77 -999 375.98
Saria 2003 4 26 116 26.21 41.02 24.696 -999 1.22 2.45 -999 375.98
Saria 2003 4 27 117 27.69 34.51 21.852 -999 7.2 3.52 -999 375.98
Saria 2003 4 28 118 26.36 36.2 24.948 -999 1.79 3.39 -999 375.98
Saria 2003 4 29 119 26.21 40.68 22.896 -999 0.09 2.23 -999 375.98
Saria 2003 4 30 120 25.47 41.07 24.192 -999 0.47 2.27 -999 375.98
Saria 2003 5 1 121 24.23 41.25 24.228 -999 0.05 2.68 -999 375.98
Saria 2003 5 2 122 23.87 41.44 22.824 -999 0 2.16 -999 375.98
Saria 2003 5 3 123 24.2 41.41 24.444 -999 0.28 3 -999 375.98
Saria 2003 5 4 124 23.74 41.32 24.66 -999 0.17 3.15 -999 375.98
Saria 2003 5 5 125 21.22 42.17 26.64 -999 0.02 3.31 -999 375.98
Saria 2003 5 6 126 21.17 41.52 26.748 -999 0 2.16 -999 375.98
Saria 2003 5 7 127 25.76 40.32 26.064 -999 0.05 3.09 -999 375.98
Saria 2003 5 8 128 28.95 41.06 22.68 -999 0.56 2.66 -999 375.98
Saria 2003 5 9 129 29.78 41.31 23.832 -999 0.67 2.54 -999 375.98
Saria 2003 5 10 130 29.58 41.03 24.084 -999 0.2 3.31 -999 375.98
Saria 2003 5 11 131 27.99 41.46 25.704 -999 0.9 3.23 -999 375.98
Saria 2003 5 12 132 27.55 38.53 23.472 -999 10.99 4.24 -999 375.98
Saria 2003 5 13 133 26.15 38.05 24.624 -999 3.56 3.63 -999 375.98
Saria 2003 5 14 134 26.27 37.99 25.992 -999 6.04 3.15 -999 375.98
Saria 2003 5 15 135 26.54 35.03 24.12 -999 17.13 2.89 -999 375.98
Saria 2003 5 16 136 25.73 37.57 23.58 -999 0.19 2.91 -999 375.98
Saria 2003 5 17 137 25.85 36.59 22.5 -999 0 1.94 -999 375.98
Saria 2003 5 18 138 26.39 39.19 24.012 -999 0.03 2.58 -999 375.98
Saria 2003 5 19 139 26.51 42.19 24.66 -999 0.53 2.59 -999 375.98
Saria 2003 5 20 140 27.3 39.93 24.732 -999 2.56 3.18 -999 375.98
Saria 2003 5 21 141 27.62 36.36 21.78 -999 1.4 3.26 -999 375.98
Saria 2003 5 22 142 26.75 36.9 17.928 -999 0.56 3.08 -999 375.98
Saria 2003 5 23 143 26.56 38.19 22.644 -999 0.02 1.78 -999 375.98
Saria 2003 5 24 144 27.26 37.77 22.716 -999 1.21 3.4 -999 375.98
Saria 2003 5 25 145 26.92 37.08 23.688 -999 0.57 3.27 -999 375.98
Saria 2003 5 26 146 26.98 37.56 23.976 -999 5.2 2.88 -999 375.98
Saria 2003 5 27 147 26.39 36.95 20.304 -999 5.67 2.33 -999 375.98
Saria 2003 5 28 148 26.14 32.14 13.392 -999 3.38 3.24 -999 375.98
Saria 2003 5 29 149 24.73 36.92 18.684 -999 0.84 2.77 -999 375.98
Saria 2003 5 30 150 24.65 37.62 23.94 -999 3.27 3.48 -999 375.98
Saria 2003 5 31 151 24.76 36.68 23.256 -999 0.45 3.26 -999 375.98
Saria 2003 6 1 152 25.1 35.11 22.428 -999 6.21 2.98 -999 375.98
Saria 2003 6 2 153 24.53 31.19 23.652 -999 8 2.84 -999 375.98
Saria 2003 6 3 154 23.82 32.48 24.84 -999 10.7 2.23 -999 375.98
Saria 2003 6 4 155 23.47 33.7 19.764 -999 6.22 1.84 -999 375.98
Saria 2003 6 5 156 24 34.97 19.404 -999 2.94 2.39 -999 375.98
Saria 2003 6 6 157 24.62 34.22 10.476 -999 0.87 2.61 -999 375.98
Saria 2003 6 7 158 23.78 36.44 24.444 -999 2.96 2.5 -999 375.98
Saria 2003 6 8 159 23.87 35.83 17.676 -999 1.41 2.55 -999 375.98
Saria 2003 6 9 160 24.31 35.87 22.14 -999 3.75 1.77 -999 375.98
Saria 2003 6 10 161 23.91 36.02 14.04 -999 2.94 2.73 -999 375.98
Saria 2003 6 11 162 24.19 34.23 23.148 -999 2.22 2.75 -999 375.98
Saria 2003 6 12 163 24.12 33.01 20.7 -999 5.19 2.16 -999 375.98
Saria 2003 6 13 164 23.05 35.82 10.944 -999 0.15 3.25 -999 375.98
Saria 2003 6 14 165 23.46 38.55 24.552 -999 1.33 2.72 -999 375.98
Saria 2003 6 15 166 24.37 38.6 24.66 -999 2.65 1.88 -999 375.98
Saria 2003 6 16 167 24.79 39.02 25.38 -999 1.29 3.26 -999 375.98
Saria 2003 6 17 168 25.44 33.52 21.384 -999 3.98 3.5 -999 375.98
Saria 2003 6 18 169 25.01 34.58 24.192 -999 2.68 3.29 -999 375.98
Saria 2003 6 19 170 24.12 33.39 23.868 -999 3 2.65 -999 375.98
Saria 2003 6 20 171 24.03 36.42 23.004 -999 7.84 1.99 -999 375.98
Saria 2003 6 21 172 23.75 34.65 25.416 -999 8.34 2.75 -999 375.98
Saria 2003 6 22 173 23.48 32.98 14.292 -999 7.55 2.68 -999 375.98
Saria 2003 6 23 174 23.69 33.94 21.168 -999 2.56 2.73 -999 375.98
Saria 2003 6 24 175 23.12 35.04 21.924 -999 4.17 2.1 -999 375.98
Saria 2003 6 25 176 23.14 34.9 23.364 -999 5.32 2.7 -999 375.98
Saria 2003 6 26 177 22.63 35.66 21.672 -999 1.77 3.5 -999 375.98
Saria 2003 6 27 178 22.46 33.23 20.556 -999 3.45 2.65 -999 375.98
Saria 2003 6 28 179 23.39 34.41 23.796 -999 4.39 1.79 -999 375.98
Saria 2003 6 29 180 23.29 35.05 8.532 -999 13.66 1.68 -999 375.98
Saria 2003 6 30 181 23.26 33.15 24.444 -999 11.82 1.88 -999 375.98
Saria 2003 7 1 182 23.29 32.51 24.084 -999 3.28 2.57 -999 375.98
Saria 2003 7 2 183 23.26 29.76 14.436 -999 5.75 2.71 -999 375.98
Saria 2003 7 3 184 22.15 33.07 24.948 -999 7.43 2.57 -999 375.98
Saria 2003 7 4 185 20.84 34.08 20.844 -999 3.43 2.2 -999 375.98
Saria 2003 7 5 186 22.59 33.82 24.588 -999 6.05 2.23 -999 375.98
Saria 2003 7 6 187 22.97 35.25 21.24 -999 5.59 1.58 -999 375.98
Saria 2003 7 7 188 23.04 33.19 22.248 -999 6.76 1.98 -999 375.98
Saria 2003 7 8 189 23.47 32.12 13.644 -999 1.99 2.23 -999 375.98
Saria 2003 7 9 190 23.06 31.31 24.12 -999 5.95 2.32 -999 375.98
Saria 2003 7 10 191 22.4 34.65 14.508 -999 1.29 2.15 -999 375.98
Saria 2003 7 11 192 22.94 34.05 24.372 -999 0.77 2.32 -999 375.98
Saria 2003 7 12 193 23.36 33.9 25.38 -999 1.68 2.51 -999 375.98
Saria 2003 7 13 194 23.48 31.19 19.728 -999 2.85 2.12 -999 375.98
Saria 2003 7 14 195 22.94 32.66 22.536 -999 1.13 1.88 -999 375.98
Saria 2003 7 15 196 22.75 34.05 21.924 -999 1.67 1.55 -999 375.98
Saria 2003 7 16 197 22.55 33.72 23.544 -999 15.68 1.59 -999 375.98
Saria 2003 7 17 198 23.09 28.68 6.984 -999 34.7 2.5 -999 375.98
Saria 2003 7 18 199 22.03 31.03 23.076 -999 3.4 1.96 -999 375.98
Saria 2003 7 19 200 22.06 30.17 22.932 -999 13 2.15 -999 375.98
Saria 2003 7 20 201 22.14 29.8 21.312 -999 3.97 1.98 -999 375.98
Saria 2003 7 21 202 21.51 32.72 22.752 -999 5.4 2.54 -999 375.98
Saria 2003 7 22 203 21.73 32.05 18.864 -999 4.59 1.87 -999 375.98
Saria 2003 7 23 204 22.03 32.92 24.084 -999 4.67 1.66 -999 375.98
Saria 2003 7 24 205 22.64 33.02 18.396 -999 1.1 1.8 -999 375.98
Saria 2003 7 25 206 22.84 32.73 22.86 -999 3.48 1.77 -999 375.98
Saria 2003 7 26 207 22.54 34.93 25.632 -999 2.83 1.14 -999 375.98
Saria 2003 7 27 208 22.83 32.55 23.184 -999 6.53 1.97 -999 375.98
Saria 2003 7 28 209 22.87 33.38 25.02 -999 7.04 1.96 -999 375.98
Saria 2003 7 29 210 23.21 31.23 13.176 -999 3.67 1.9 -999 375.98
Saria 2003 7 30 211 22.23 34.9 25.236 -999 1.3 1.79 -999 375.98
Saria 2003 7 31 212 22.18 34.03 23.328 -999 3.43 1.73 -999 375.98
Saria 2003 8 1 213 22.42 32.14 23.868 -999 19.54 1.66 -999 375.98
Saria 2003 8 2 214 22.44 33.06 23.004 -999 10.4 1.7 -999 375.98
Saria 2003 8 3 215 23.26 31.98 21.312 -999 2.36 2.09 -999 375.98
Saria 2003 8 4 216 22.58 32.71 14.112 -999 10.25 1.41 -999 375.98
Saria 2003 8 5 217 22.03 32.88 23.004 -999 5.14 1.6 -999 375.98
Saria 2003 8 6 218 22.85 28.31 7.776 -999 8.74 1.74 -999 375.98
Saria 2003 8 7 219 23.08 29.4 19.44 -999 4.93 1.99 -999 375.98
Saria 2003 8 8 220 21.84 27.62 20.34 -999 14.65 3.13 -999 375.98
Saria 2003 8 9 221 21.9 30.35 24.012 -999 7.65 2.11 -999 375.98
Saria 2003 8 10 222 22.9 31.01 24.588 -999 6.99 1.26 -999 375.98
Saria 2003 8 11 223 22.17 27.9 6.048 -999 16.87 1.76 -999 375.98
Saria 2003 8 12 224 21.3 30.8 22.644 -999 5.69 1.8 -999 375.98
Saria 2003 8 13 225 21.91 31.19 21.384 -999 4.73 1.64 -999 375.98
Saria 2003 8 14 226 21.85 29.98 21.78 -999 8.33 1.3 -999 375.98
Saria 2003 8 15 227 22.19 32.29 19.368 -999 6.57 1.3 -999 375.98
Saria 2003 8 16 228 23.32 31.83 18.072 -999 6.02 0.95 -999 375.98
Saria 2003 8 17 229 23.19 32.18 20.052 -999 5.64 1.53 -999 375.98
Saria 2003 8 18 230 22.17 31.65 19.548 -999 7.91 1.26 -999 375.98
Saria 2003 8 19 231 22.46 31 23.148 -999 9.18 1.66 -999 375.98
Saria 2003 8 20 232 22.52 31.88 22.5 -999 13.06 1.91 -999 375.98
Saria 2003 8 21 233 21.35 29.72 19.008 -999 11.58 2.58 -999 375.98
Saria 2003 8 22 234 21.79 31.12 20.7 -999 3.74 1.67 -999 375.98
Saria 2003 8 23 235 22.78 31.52 19.944 -999 17.68 0.92 -999 375.98
Saria 2003 8 24 236 22.55 28.68 19.836 -999 4.2 1.84 -999 375.98
Saria 2003 8 25 237 20.87 30.95 22.644 -999 6.03 2.19 -999 375.98
Saria 2003 8 26 238 21.61 31.88 22.824 -999 4.63 1.3 -999 375.98
Saria 2003 8 27 239 21.76 34.01 24.984 -999 3.86 1.59 -999 375.98
Saria 2003 8 28 240 22.3 31.91 18.036 -999 0.55 1.41 -999 375.98
Saria 2003 8 29 241 23.05 31.02 18.9 -999 4.88 0.98 -999 375.98
Saria 2003 8 30 242 22.4 30.3 23.616 -999 3.27 1.07 -999 375.98
Saria 2003 8 31 243 22.75 29.94 22.68 -999 6.94 1.56 -999 375.98
Saria 2003 9 1 244 22.23 28.51 20.772 -999 14.24 2.09 -999 375.98
Saria 2003 9 2 245 22.2 26.87 17.316 -999 36.77 2.73 -999 375.98
Saria 2003 9 3 246 21.85 27.77 9.468 -999 7.04 2.23 -999 375.98
Saria 2003 9 4 247 21.06 30.26 24.84 -999 10.34 2.07 -999 375.98
Saria 2003 9 5 248 20.8 32.82 25.344 -999 9.94 1.38 -999 375.98
Saria 2003 9 6 249 22.57 30.68 11.772 -999 10.21 1.19 -999 375.98
Saria 2003 9 7 250 22.33 30.27 16.596 -999 9.94 2.23 -999 375.98
Saria 2003 9 8 251 22.32 30.57 14.112 -999 0.57 1.59 -999 375.98
Saria 2003 9 9 252 20.83 34.66 24.264 -999 0.62 1.21 -999 375.98
Saria 2003 9 10 253 21.45 33.59 24.12 -999 1.64 1.7 -999 375.98
Saria 2003 9 11 254 21.83 33.23 23.904 -999 0.51 2.19 -999 375.98
Saria 2003 9 12 255 21.95 32.33 23.652 -999 1.94 1.38 -999 375.98
Saria 2003 9 13 256 22.58 28.73 20.016 -999 5.36 1.57 -999 375.98
Saria 2003 9 14 257 21.15 30.87 20.556 -999 1.47 2.1 -999 375.98
Saria 2003 9 15 258 21.71 30.92 19.08 -999 0.99 1.61 -999 375.98
Saria 2003 9 16 259 21.76 31.85 21.96 -999 0.96 1.54 -999 375.98
Saria 2003 9 17 260 21.53 34.4 24.336 -999 0.41 0.96 -999 375.98
Saria 2003 9 18 261 21.54 34.69 23.4 -999 2.48 1.3 -999 375.98
Saria 2003 9 19 262 22.97 29.77 12.528 -999 2.16 1.73 -999 375.98
Saria 2003 9 20 263 21.9 29.84 15.012 -999 6.19 2.37 -999 375.98
Saria 2003 9 21 264 22.78 30.87 18.108 -999 1.06 1.67 -999 375.98
Saria 2003 9 22 265 21.14 34.12 23.94 -999 5.91 1.33 -999 375.98
Saria 2003 9 23 266 22.31 32.54 14.904 -999 1.63 1.41 -999 375.98
Saria 2003 9 24 267 21.24 33.62 22.752 -999 0.92 1.93 -999 375.98
Saria 2003 9 25 268 21.85 34.4 23.76 -999 0.16 1.57 -999 375.98
Saria 2003 9 26 269 22.25 34.41 23.508 -999 0.27 1.88 -999 375.98
Saria 2003 9 27 270 22.51 32.51 23.508 -999 2.59 2.09 -999 375.98
Saria 2003 9 28 271 22.83 31.62 14.58 -999 0.21 1.96 -999 375.98
Saria 2003 9 29 272 21.26 32.25 19.98 -999 1.58 2.12 -999 375.98
Saria 2003 9 30 273 23.3 34.19 18.54 -999 2.98 1.26 -999 375.98
Saria 2003 10 1 274 21.6 35.21 22.968 -999 0.17 1.52 -999 375.98
Saria 2003 10 2 275 21.64 35.44 21.312 -999 2.36 1.55 -999 375.98
Saria 2003 10 3 276 21.7 35.63 23.328 -999 2.48 1.83 -999 375.98
Saria 2003 10 4 277 22.15 34.98 22.68 -999 2.68 1.85 -999 375.98
Saria 2003 10 5 278 22.35 34.03 20.7 -999 2.03 1.56 -999 375.98
Saria 2003 10 6 279 22.51 33.29 22.212 -999 4.38 1.77 -999 375.98
Saria 2003 10 7 280 22.69 34.83 22.572 -999 0.78 2.14 -999 375.98
Saria 2003 10 8 281 23.01 34.62 23.22 -999 1.07 1.26 -999 375.98
Saria 2003 10 9 282 22.23 35.82 22.212 -999 0.18 1.65 -999 375.98
Saria 2003 10 10 283 22.15 36.81 23.904 -999 0.51 1.59 -999 375.98
Saria 2003 10 11 284 22.51 36.98 23.04 -999 0.46 1.24 -999 375.98
Saria 2003 10 12 285 22.56 36.83 24.624 -999 0.02 1.81 -999 375.98
Saria 2003 10 13 286 20.19 36.23 24.228 -999 0.56 1.44 -999 375.98
Saria 2003 10 14 287 23.31 35.25 22.284 -999 5.45 1.95 -999 375.98
Saria 2003 10 15 288 23.48 31.46 21.348 -999 1.62 1.62 -999 375.98
Saria 2003 10 16 289 22.86 29.53 19.728 -999 4.28 1.66 -999 375.98
Saria 2003 10 17 290 21.41 33.88 21.888 -999 0.44 2.09 -999 375.98
Saria 2003 10 18 291 22.11 34.31 22.968 -999 0 2.21 -999 375.98
Saria 2003 10 19 292 21.19 36.22 20.736 -999 0.39 1.86 -999 375.98
Saria 2003 10 20 293 22.12 35.98 21.96 -999 0.36 1.41 -999 375.98
Saria 2003 10 21 294 22.92 35.82 21.996 -999 0.32 1.99 -999 375.98
Saria 2003 10 22 295 22.37 37.04 23.112 -999 0.11 1.76 -999 375.98
Saria 2003 10 23 296 22.07 37.66 23.472 -999 0.74 1.99 -999 375.98
Saria 2003 10 24 297 20.72 36.59 23.472 -999 1.02 1.86 -999 375.98
Saria 2003 10 25 298 22.87 36.47 22.176 -999 2.79 2.32 -999 375.98
Saria 2003 10 26 299 22.72 34.97 19.44 -999 5.28 1.89 -999 375.98
Saria 2003 10 27 300 22.74 34.89 16.776 -999 0.19 1.96 -999 375.98
Saria 2003 10 28 301 21.92 35.29 18.72 -999 0 1.82 -999 375.98
Saria 2003 10 29 302 22.22 37.04 22.14 -999 0 2.35 -999 375.98
Saria 2003 10 30 303 20.76 37.32 21.276 -999 0 2.21 -999 375.98
Saria 2003 10 31 304 22.46 35.98 20.304 -999 0.17 2.28 -999 375.98
Saria 2003 11 1 305 21.89 35.19 20.412 -999 0.8 1.84 -999 375.98
Saria 2003 11 2 306 22.3 36.58 20.808 -999 0 1.72 -999 375.98
Saria 2003 11 3 307 21.44 36.98 20.664 -999 0.01 1.77 -999 375.98
Saria 2003 11 4 308 21.45 36.87 22.896 -999 0 2.09 -999 375.98
Saria 2003 11 5 309 19.51 36.26 21.276 -999 0 1.98 -999 375.98
Saria 2003 11 6 310 19.41 35.49 19.44 -999 0.08 1.78 -999 375.98
Saria 2003 11 7 311 22.69 34.44 17.964 -999 0 1.68 -999 375.98
Saria 2003 11 8 312 22.66 35.34 17.532 -999 0 1.65 -999 375.98
Saria 2003 11 9 313 22.2 36.08 18.72 -999 0 2.12 -999 375.98
Saria 2003 11 10 314 21.33 34.95 18.324 -999 0 1.54 -999 375.98
Saria 2003 11 11 315 21.63 33.85 20.664 -999 0 1.7 -999 375.98
Saria 2003 11 12 316 21.83 35.75 17.64 -999 0 1.46 -999 375.98
Saria 2003 11 13 317 19.81 35.05 20.988 -999 0 1.65 -999 375.98
Saria 2003 11 14 318 15.3 35.23 22.428 -999 0 2.53 -999 375.98
Saria 2003 11 15 319 16 35.47 20.556 -999 0.01 2.62 -999 375.98
Saria 2003 11 16 320 18.23 36.35 20.808 -999 0 2.4 -999 375.98
Saria 2003 11 17 321 20.15 36.67 18.54 -999 0 2.36 -999 375.98
Saria 2003 11 18 322 21.61 36.79 20.448 -999 0 2.06 -999 375.98
Saria 2003 11 19 323 21.9 36.51 18.864 -999 0 2.27 -999 375.98
Saria 2003 11 20 324 18.84 34.15 19.008 -999 0 2.11 -999 375.98
Saria 2003 11 21 325 18.62 36.1 20.088 -999 0 2.51 -999 375.98
Saria 2003 11 22 326 19.63 35.14 18.288 -999 0 2.38 -999 375.98
Saria 2003 11 23 327 16.76 34.4 21.528 -999 0 3.08 -999 375.98
Saria 2003 11 24 328 18.8 35.91 18.108 -999 0 2.38 -999 375.98
Saria 2003 11 25 329 20.79 36.3 20.448 -999 0 1.98 -999 375.98
Saria 2003 11 26 330 17.17 36.19 20.7 -999 0 2.68 -999 375.98
Saria 2003 11 27 331 16.84 35.58 21.564 -999 0 2.67 -999 375.98
Saria 2003 11 28 332 14.93 35.41 21.6 -999 0 2.93 -999 375.98
Saria 2003 11 29 333 14.88 34.91 21.708 -999 0 3.4 -999 375.98
Saria 2003 11 30 334 15.27 35.02 21.672 -999 0 3.31 -999 375.98
Saria 2003 12 1 335 15.3 34.69 22.32 -999 0 2.45 -999 375.98
Saria 2003 12 2 336 15.09 35.09 19.584 -999 0 2.05 -999 375.98
Saria 2003 12 3 337 17.65 33.64 16.56 -999 0 2.32 -999 375.98
Saria 2003 12 4 338 15.91 35.24 20.448 -999 0 2.72 -999 375.98
Saria 2003 12 5 339 16.64 35.51 20.232 -999 0 3.1 -999 375.98
Saria 2003 12 6 340 15.12 34.93 20.952 -999 0 3.08 -999 375.98
Saria 2003 12 7 341 14.87 33.96 18.036 -999 0 3.25 -999 375.98
Saria 2003 12 8 342 15 34.37 21.096 -999 0 3.83 -999 375.98
Saria 2003 12 9 343 14.34 34.05 21.6 -999 0 3.3 -999 375.98
Saria 2003 12 10 344 15.09 35.14 21.168 -999 0 1.98 -999 375.98
Saria 2003 12 11 345 17.8 35.37 21.42 -999 0 1.79 -999 375.98
Saria 2003 12 12 346 15.01 34.8 21.312 -999 0 2.61 -999 375.98
Saria 2003 12 13 347 15.65 34.53 21.24 -999 0 2.88 -999 375.98
Saria 2003 12 14 348 16.34 33.91 13.248 -999 0 3.16 -999 375.98
Saria 2003 12 15 349 15.25 32.48 21.312 -999 0 2.87 -999 375.98
Saria 2003 12 16 350 14.3 33.09 21.276 -999 0 2.7 -999 375.98
Saria 2003 12 17 351 13.41 34.02 21.708 -999 0 2.45 -999 375.98
Saria 2003 12 18 352 14.01 33.65 21.492 -999 0 3.18 -999 375.98
Saria 2003 12 19 353 13.78 32.9 21.816 -999 0 3.7 -999 375.98
Saria 2003 12 20 354 14.84 32.51 21.06 -999 0 3.48 -999 375.98
Saria 2003 12 21 355 14.94 32.4 18.072 -999 0 3.36 -999 375.98
Saria 2003 12 22 356 15.26 33.73 20.772 -999 0 3.09 -999 375.98
Saria 2003 12 23 357 14.54 33.29 20.7 -999 0 3.28 -999 375.98
Saria 2003 12 24 358 13.73 32.73 19.548 -999 0 3.24 -999 375.98
Saria 2003 12 25 359 14.05 32.42 17.604 -999 0 3.52 -999 375.98
Saria 2003 12 26 360 15.47 31.19 21.132 -999 0 3.73 -999 375.98
Saria 2003 12 27 361 12.4 30.46 21.528 -999 0 3.87 -999 375.98
Saria 2003 12 28 362 12.9 30.06 21.348 -999 0 3.95 -999 375.98
Saria 2003 12 29 363 10.79 30.03 21.78 -999 0 3.46 -999 375.98
Saria 2003 12 30 364 13.12 32.23 18.684 -999 0 3.31 -999 375.98
Saria 2003 12 31 365 15.47 33.06 19.08 -999 0 3.27 -999 375.98
