Saria 2013 1 1 1 9.67 27.83 21.096 -999 0 3.38 -999 396.74
Saria 2013 1 2 2 9.55 29.73 22.5 -999 0 2.88 -999 396.74
Saria 2013 1 3 3 9.81 29.9 22.212 -999 0 3.5 -999 396.74
Saria 2013 1 4 4 9.37 28.51 22.536 -999 0 3.84 -999 396.74
Saria 2013 1 5 5 9.69 27.9 22.824 -999 0 3.8 -999 396.74
Saria 2013 1 6 6 8.93 28.3 20.844 -999 0 2.83 -999 396.74
Saria 2013 1 7 7 9.84 30.56 21.312 -999 0 2.73 -999 396.74
Saria 2013 1 8 8 11.99 29.81 19.512 -999 0 3.2 -999 396.74
Saria 2013 1 9 9 12.44 31.37 18.972 -999 0 3.39 -999 396.74
Saria 2013 1 10 10 12.91 31.37 20.808 -999 0 3.39 -999 396.74
Saria 2013 1 11 11 13.32 30.73 19.404 -999 0 3.43 -999 396.74
Saria 2013 1 12 12 12.39 30.65 18.756 -999 0 3.88 -999 396.74
Saria 2013 1 13 13 13.83 31.75 20.88 -999 0 3.9 -999 396.74
Saria 2013 1 14 14 11.69 31.99 22.428 -999 0 2.95 -999 396.74
Saria 2013 1 15 15 12.03 32.85 22.68 -999 0 3.45 -999 396.74
Saria 2013 1 16 16 12.51 32.1 21.708 -999 0 4.12 -999 396.74
Saria 2013 1 17 17 13.26 33.29 21.312 -999 0 3.64 -999 396.74
Saria 2013 1 18 18 13.35 33.61 21.78 -999 0 3.31 -999 396.74
Saria 2013 1 19 19 12.73 35.3 21.636 -999 0 2.35 -999 396.74
Saria 2013 1 20 20 13.65 34.31 22.536 -999 0 2.61 -999 396.74
Saria 2013 1 21 21 12.99 34.2 22.824 -999 0 2.59 -999 396.74
Saria 2013 1 22 22 14.54 36.05 19.908 -999 0 2.37 -999 396.74
Saria 2013 1 23 23 15.69 36.07 22.212 -999 0 2.63 -999 396.74
Saria 2013 1 24 24 17.23 34.96 21.096 -999 0 2.95 -999 396.74
Saria 2013 1 25 25 17.12 36.09 21.312 -999 0 3.37 -999 396.74
Saria 2013 1 26 26 18.05 34 17.496 -999 0 3.85 -999 396.74
Saria 2013 1 27 27 16.63 33.15 19.548 -999 0 3.9 -999 396.74
Saria 2013 1 28 28 17.49 32.91 20.664 -999 0 3.85 -999 396.74
Saria 2013 1 29 29 17.58 32.44 20.556 -999 0 3.41 -999 396.74
Saria 2013 1 30 30 17.77 34.27 21.96 -999 0 4.14 -999 396.74
Saria 2013 1 31 31 16.76 30.65 20.34 -999 0 4.68 -999 396.74
Saria 2013 2 1 32 13.48 28.91 20.808 -999 0 4.49 -999 396.74
Saria 2013 2 2 33 11.38 29.94 20.772 -999 0 3.45 -999 396.74
Saria 2013 2 3 34 10.99 31.56 23.544 -999 0 2.76 -999 396.74
Saria 2013 2 4 35 12.3 32.9 22.212 -999 0 3.42 -999 396.74
Saria 2013 2 5 36 13.61 33.72 20.808 -999 0 3.7 -999 396.74
Saria 2013 2 6 37 16.19 33.19 20.988 -999 0 3.46 -999 396.74
Saria 2013 2 7 38 15.77 34.25 22.32 -999 0 3.56 -999 396.74
Saria 2013 2 8 39 15.03 35.17 21.276 -999 0 3.26 -999 396.74
Saria 2013 2 9 40 15.76 36.37 21.96 -999 0 3.24 -999 396.74
Saria 2013 2 10 41 16.23 36.26 23.328 -999 0 4.06 -999 396.74
Saria 2013 2 11 42 17.71 36.33 23.004 -999 0 4.05 -999 396.74
Saria 2013 2 12 43 18.01 36.17 23.832 -999 0 3.63 -999 396.74
Saria 2013 2 13 44 17.46 35.94 23.472 -999 0 3.66 -999 396.74
Saria 2013 2 14 45 14.29 35.98 24.696 -999 0 3.52 -999 396.74
Saria 2013 2 15 46 14.37 35.94 25.2 -999 0 3.34 -999 396.74
Saria 2013 2 16 47 15.15 37.7 25.2 -999 0 2.99 -999 396.74
Saria 2013 2 17 48 17.34 37.95 23.292 -999 0 2.81 -999 396.74
Saria 2013 2 18 49 17.04 36.44 22.572 -999 0 3.04 -999 396.74
Saria 2013 2 19 50 17.69 37.99 22.428 -999 0 1.64 -999 396.74
Saria 2013 2 20 51 21.97 36.88 21.888 -999 1.86 1.14 -999 396.74
Saria 2013 2 21 52 19.71 35.05 16.632 -999 0 3.2 -999 396.74
Saria 2013 2 22 53 18.16 37.41 22.464 -999 0 3.41 -999 396.74
Saria 2013 2 23 54 18.89 39.19 22.14 -999 0.14 3.16 -999 396.74
Saria 2013 2 24 55 19.32 39.47 23.22 -999 0 2.99 -999 396.74
Saria 2013 2 25 56 19.48 39.63 22.536 -999 0 3.04 -999 396.74
Saria 2013 2 26 57 19.79 39.17 22.284 -999 0.01 2.61 -999 396.74
Saria 2013 2 27 58 23.41 39.04 20.916 -999 0.73 1.56 -999 396.74
Saria 2013 2 28 59 25.08 39.59 21.636 -999 2.44 1.67 -999 396.74
Saria 2013 3 1 60 25.81 38.15 20.268 -999 0.9 1.88 -999 396.74
Saria 2013 3 2 61 20.4 40.3 23.976 -999 0 2.51 -999 396.74
Saria 2013 3 3 62 23.08 40.05 23.076 -999 0 1.45 -999 396.74
Saria 2013 3 4 63 21.27 39.14 20.484 -999 0 2.59 -999 396.74
Saria 2013 3 5 64 26.42 37.55 22.464 -999 0 2.92 -999 396.74
Saria 2013 3 6 65 24.72 41.37 23.76 -999 0 2.22 -999 396.74
Saria 2013 3 7 66 23.28 41.51 25.992 -999 0 4.34 -999 396.74
Saria 2013 3 8 67 20.77 41.05 24.948 -999 0 3.17 -999 396.74
Saria 2013 3 9 68 20.41 40.88 25.02 -999 0 2.74 -999 396.74
Saria 2013 3 10 69 21.57 39.39 22.248 -999 0.01 2.19 -999 396.74
Saria 2013 3 11 70 25.95 39.88 20.34 -999 0.01 2.2 -999 396.74
Saria 2013 3 12 71 27.75 38.84 19.98 -999 1.93 2.51 -999 396.74
Saria 2013 3 13 72 26.61 39.38 21.996 -999 2.01 2.27 -999 396.74
Saria 2013 3 14 73 22.81 40.01 25.236 -999 0.12 2.61 -999 396.74
Saria 2013 3 15 74 18.91 40.17 25.56 -999 0 2.24 -999 396.74
Saria 2013 3 16 75 20.71 38.01 20.808 -999 0 2.51 -999 396.74
Saria 2013 3 17 76 22.4 40.28 25.776 -999 0 1.74 -999 396.74
Saria 2013 3 18 77 24.37 38 19.872 -999 1.25 2.43 -999 396.74
Saria 2013 3 19 78 24.48 39.52 17.748 -999 0.46 2.52 -999 396.74
Saria 2013 3 20 79 23.33 42.08 22.212 -999 0.01 3.14 -999 396.74
Saria 2013 3 21 80 22.96 41.73 23.076 -999 0 2.89 -999 396.74
Saria 2013 3 22 81 21.77 40.86 23.256 -999 0.14 1.34 -999 396.74
Saria 2013 3 23 82 24.9 41.22 25.74 -999 0.03 3.08 -999 396.74
Saria 2013 3 24 83 21.83 40.74 22.716 -999 0.12 1.28 -999 396.74
Saria 2013 3 25 84 25.37 38.26 24.48 -999 0.03 2.27 -999 396.74
Saria 2013 3 26 85 24.37 38.57 19.656 -999 0.24 2.13 -999 396.74
Saria 2013 3 27 86 25.98 39.88 24.408 -999 0.01 2.91 -999 396.74
Saria 2013 3 28 87 26.8 34.89 23.796 -999 2.15 3.41 -999 396.74
Saria 2013 3 29 88 24.51 40.43 25.992 -999 0.27 3.18 -999 396.74
Saria 2013 3 30 89 20.36 40.8 27.216 -999 0 1.78 -999 396.74
Saria 2013 3 31 90 19.64 39.94 26.64 -999 0 1.73 -999 396.74
Saria 2013 4 1 91 21.71 40.59 26.028 -999 0.1 1.71 -999 396.74
Saria 2013 4 2 92 22.23 41.03 25.812 -999 0.12 2.27 -999 396.74
Saria 2013 4 3 93 25.06 40.53 20.808 -999 1.16 2.92 -999 396.74
Saria 2013 4 4 94 26.93 39.19 12.6 -999 0.87 3.18 -999 396.74
Saria 2013 4 5 95 26.29 41.03 20.772 -999 0.13 2.52 -999 396.74
Saria 2013 4 6 96 22.49 40.46 18.9 -999 0 2.25 -999 396.74
Saria 2013 4 7 97 22.54 41.02 24.336 -999 0 2.84 -999 396.74
Saria 2013 4 8 98 21.65 41.58 26.1 -999 0 2.53 -999 396.74
Saria 2013 4 9 99 25.37 41.17 25.272 -999 1.21 3.22 -999 396.74
Saria 2013 4 10 100 27.55 39.23 21.132 -999 0.01 3.72 -999 396.74
Saria 2013 4 11 101 26.71 40.85 23.58 -999 0.32 2.06 -999 396.74
Saria 2013 4 12 102 28.25 41.18 23.472 -999 0.29 2.43 -999 396.74
Saria 2013 4 13 103 28.9 38.31 17.388 -999 1.3 2.91 -999 396.74
Saria 2013 4 14 104 26.37 40.27 23.4 -999 0 2.14 -999 396.74
Saria 2013 4 15 105 26.48 42.12 24.336 -999 0.04 2.03 -999 396.74
Saria 2013 4 16 106 25.62 40.54 21.636 -999 1.95 3.82 -999 396.74
Saria 2013 4 17 107 27.32 37.19 22.032 -999 2.28 3.48 -999 396.74
Saria 2013 4 18 108 26.05 36.95 21.42 -999 5.32 3.07 -999 396.74
Saria 2013 4 19 109 25.26 33.24 17.892 -999 7.95 3.6 -999 396.74
Saria 2013 4 20 110 24.22 36.97 25.704 -999 4.57 3.06 -999 396.74
Saria 2013 4 21 111 24.64 37.78 24.984 -999 4.89 2.59 -999 396.74
Saria 2013 4 22 112 24.88 33.92 19.836 -999 5.44 3.17 -999 396.74
Saria 2013 4 23 113 23.55 35.36 25.632 -999 10.29 3.82 -999 396.74
Saria 2013 4 24 114 24.63 37.52 24.3 -999 3.33 3.45 -999 396.74
Saria 2013 4 25 115 25.66 35.65 22.428 -999 5.12 2.98 -999 396.74
Saria 2013 4 26 116 24.94 39.44 21.708 -999 0.56 2.38 -999 396.74
Saria 2013 4 27 117 25.29 38.63 22.86 -999 0.58 2.72 -999 396.74
Saria 2013 4 28 118 23.58 39.76 26.208 -999 0.03 2.2 -999 396.74
Saria 2013 4 29 119 21.71 39.45 25.668 -999 0 1.88 -999 396.74
Saria 2013 4 30 120 25.33 39.8 25.488 -999 0.26 3.56 -999 396.74
Saria 2013 5 1 121 26.94 38.12 21.888 -999 2.87 3.55 -999 396.74
Saria 2013 5 2 122 25.34 38.5 23.292 -999 2.37 2.6 -999 396.74
Saria 2013 5 3 123 25.89 39.12 26.1 -999 3.21 2.12 -999 396.74
Saria 2013 5 4 124 25.53 37.01 20.52 -999 4.03 2.22 -999 396.74
Saria 2013 5 5 125 26.02 34.83 24.804 -999 1.08 3.13 -999 396.74
Saria 2013 5 6 126 24.78 40.12 25.92 -999 0.51 2.98 -999 396.74
Saria 2013 5 7 127 25.73 38.51 24.012 -999 0.48 2.45 -999 396.74
Saria 2013 5 8 128 26.05 39.07 24.624 -999 1.44 3.58 -999 396.74
Saria 2013 5 9 129 25.41 38.8 22.392 -999 0.5 3.46 -999 396.74
Saria 2013 5 10 130 25.01 39.18 26.28 -999 0.75 4.07 -999 396.74
Saria 2013 5 11 131 26.3 38.86 25.884 -999 0.22 4.2 -999 396.74
Saria 2013 5 12 132 25.06 39.62 26.028 -999 0.32 3.55 -999 396.74
Saria 2013 5 13 133 26.19 40.08 24.912 -999 0.3 3.8 -999 396.74
Saria 2013 5 14 134 25.73 39.19 24.876 -999 0.1 3.88 -999 396.74
Saria 2013 5 15 135 25.99 37.99 22.824 -999 0.96 4.31 -999 396.74
Saria 2013 5 16 136 25.45 39.22 24.624 -999 0.16 3.28 -999 396.74
Saria 2013 5 17 137 26.49 38.82 23.256 -999 0.89 2.32 -999 396.74
Saria 2013 5 18 138 27.23 38.87 21.564 -999 0.76 3.01 -999 396.74
Saria 2013 5 19 139 26.13 39.06 22.536 -999 0.71 3.68 -999 396.74
Saria 2013 5 20 140 26.18 40.25 24.732 -999 1.01 3.12 -999 396.74
Saria 2013 5 21 141 26.94 37.71 23.688 -999 0.35 3.4 -999 396.74
Saria 2013 5 22 142 27.15 38.44 23.58 -999 0.64 3.21 -999 396.74
Saria 2013 5 23 143 26.67 38.94 20.88 -999 0.19 3.6 -999 396.74
Saria 2013 5 24 144 26.81 38.61 25.812 -999 0.12 2.42 -999 396.74
Saria 2013 5 25 145 26.25 41.4 21.816 -999 0.09 2.57 -999 396.74
Saria 2013 5 26 146 27.21 36.13 20.844 -999 5.61 3.98 -999 396.74
Saria 2013 5 27 147 25.3 32 17.928 -999 7.32 2.66 -999 396.74
Saria 2013 5 28 148 23.94 33.9 17.604 -999 6.61 1.94 -999 396.74
Saria 2013 5 29 149 24.33 35.67 18.9 -999 7.2 3.1 -999 396.74
Saria 2013 5 30 150 24.69 34.99 20.952 -999 8.9 3.25 -999 396.74
Saria 2013 5 31 151 24.65 35.69 21.564 -999 5.33 1.78 -999 396.74
Saria 2013 6 1 152 24.94 36.3 23.724 -999 5.6 2.63 -999 396.74
Saria 2013 6 2 153 25.01 35.39 21.276 -999 0 3.33 -999 396.74
Saria 2013 6 3 154 24.49 38.62 25.164 -999 0.87 3.09 -999 396.74
Saria 2013 6 4 155 23.68 36.61 24.3 -999 2.74 4.36 -999 396.74
Saria 2013 6 5 156 24.37 38.6 16.812 -999 0.51 2.99 -999 396.74
Saria 2013 6 6 157 25.62 35.62 22.428 -999 1.13 3.16 -999 396.74
Saria 2013 6 7 158 25 35.4 23.868 -999 3.21 3.18 -999 396.74
Saria 2013 6 8 159 24.88 37.26 22.356 -999 1.09 2.2 -999 396.74
Saria 2013 6 9 160 25.18 35.83 17.604 -999 0.45 3.13 -999 396.74
Saria 2013 6 10 161 25.54 33.48 21.24 -999 0.86 2.7 -999 396.74
Saria 2013 6 11 162 24.11 38.89 25.2 -999 2.26 2.61 -999 396.74
Saria 2013 6 12 163 24.72 39.25 23.688 -999 1.61 2.66 -999 396.74
Saria 2013 6 13 164 25.76 39.26 23.976 -999 0.7 3.63 -999 396.74
Saria 2013 6 14 165 26.34 36.14 19.116 -999 3.07 3.54 -999 396.74
Saria 2013 6 15 166 25.23 33.33 19.872 -999 1.51 1.97 -999 396.74
Saria 2013 6 16 167 24.38 38.23 24.264 -999 2.37 2.91 -999 396.74
Saria 2013 6 17 168 25.17 37.01 24.084 -999 4.91 2.44 -999 396.74
Saria 2013 6 18 169 25.59 34.65 23.04 -999 0.7 2.39 -999 396.74
Saria 2013 6 19 170 25.03 39.04 25.56 -999 3.22 2.58 -999 396.74
Saria 2013 6 20 171 24.62 36.83 22.14 -999 7.17 4.24 -999 396.74
Saria 2013 6 21 172 25.29 33.51 24.552 -999 0.35 3.16 -999 396.74
Saria 2013 6 22 173 24.34 37.06 25.596 -999 1.89 2.36 -999 396.74
Saria 2013 6 23 174 25.75 39.02 25.848 -999 2.18 2.68 -999 396.74
Saria 2013 6 24 175 25.3 37.35 22.032 -999 2.87 3.39 -999 396.74
Saria 2013 6 25 176 24.97 35.19 22.716 -999 3.67 2.74 -999 396.74
Saria 2013 6 26 177 24.36 33.08 16.668 -999 4.48 1.97 -999 396.74
Saria 2013 6 27 178 23.74 30.28 8.352 -999 11.23 2.04 -999 396.74
Saria 2013 6 28 179 22.78 33.65 22.5 -999 7.56 2.33 -999 396.74
Saria 2013 6 29 180 22.52 33.61 24.192 -999 5.81 2.48 -999 396.74
Saria 2013 6 30 181 23.02 34.08 20.196 -999 8.27 2.57 -999 396.74
Saria 2013 7 1 182 22.36 31.42 20.34 -999 11.28 2.91 -999 396.74
Saria 2013 7 2 183 22.26 32.32 10.26 -999 4.11 1.67 -999 396.74
Saria 2013 7 3 184 22.35 37.03 24.588 -999 1.59 1.7 -999 396.74
Saria 2013 7 4 185 23.33 36.08 24.048 -999 13.11 2.56 -999 396.74
Saria 2013 7 5 186 23.44 32.41 12.924 -999 0.65 2.21 -999 396.74
Saria 2013 7 6 187 23.01 32.88 23.904 -999 3.22 1.8 -999 396.74
Saria 2013 7 7 188 22.41 33.42 23.58 -999 8.86 2.59 -999 396.74
Saria 2013 7 8 189 22.49 31.38 21.816 -999 5.68 2.2 -999 396.74
Saria 2013 7 9 190 22.1 29.93 22.716 -999 19.93 2.08 -999 396.74
Saria 2013 7 10 191 21.62 31.73 24.3 -999 7.39 1.94 -999 396.74
Saria 2013 7 11 192 21.76 32.93 22.032 -999 13.63 1.86 -999 396.74
Saria 2013 7 12 193 22.33 33.49 21.528 -999 3.37 2.02 -999 396.74
Saria 2013 7 13 194 22.54 30.12 21.924 -999 5.83 1.87 -999 396.74
Saria 2013 7 14 195 22.26 31.55 17.82 -999 5.23 2.34 -999 396.74
Saria 2013 7 15 196 22.29 31.99 25.38 -999 11.71 2.45 -999 396.74
Saria 2013 7 16 197 21.82 33.01 23.4 -999 7.04 2.23 -999 396.74
Saria 2013 7 17 198 22.3 32.64 24.264 -999 7.65 2.56 -999 396.74
Saria 2013 7 18 199 22.86 31.27 17.64 -999 10.24 2.2 -999 396.74
Saria 2013 7 19 200 22.07 32.26 21.096 -999 6.31 2 -999 396.74
Saria 2013 7 20 201 22.55 32.15 22.608 -999 13.3 1.8 -999 396.74
Saria 2013 7 21 202 22.23 30.38 14.4 -999 4.64 1.91 -999 396.74
Saria 2013 7 22 203 21.4 34.06 24.516 -999 8.25 2.02 -999 396.74
Saria 2013 7 23 204 21.77 32.27 24.228 -999 20.41 1.83 -999 396.74
Saria 2013 7 24 205 23.14 27.84 13.428 -999 2.78 2.46 -999 396.74
Saria 2013 7 25 206 22.31 32.17 20.232 -999 3.31 2.29 -999 396.74
Saria 2013 7 26 207 22.16 33.16 24.12 -999 9.06 2.13 -999 396.74
Saria 2013 7 27 208 22 31.02 21.528 -999 7.68 2.63 -999 396.74
Saria 2013 7 28 209 22.66 30.31 23.112 -999 5.43 2.58 -999 396.74
Saria 2013 7 29 210 23.19 28.26 13.896 -999 7.86 2.25 -999 396.74
Saria 2013 7 30 211 22.23 29.19 20.628 -999 5.67 2.2 -999 396.74
Saria 2013 7 31 212 21.45 30.45 24.372 -999 11.35 1.95 -999 396.74
Saria 2013 8 1 213 22.4 30.26 18.648 -999 8.19 2.49 -999 396.74
Saria 2013 8 2 214 21.24 32.09 18.792 -999 3.29 2.04 -999 396.74
Saria 2013 8 3 215 22.51 31.33 21.636 -999 7.32 1.73 -999 396.74
Saria 2013 8 4 216 20.65 33.48 25.092 -999 7.51 1.86 -999 396.74
Saria 2013 8 5 217 22.58 32.69 20.628 -999 21.89 2.01 -999 396.74
Saria 2013 8 6 218 22.62 31.35 17.964 -999 6.96 2.38 -999 396.74
Saria 2013 8 7 219 22.79 27.05 10.98 -999 21.34 2.48 -999 396.74
Saria 2013 8 8 220 21.57 30.81 10.908 -999 2.64 2.07 -999 396.74
Saria 2013 8 9 221 22.23 29.7 19.26 -999 7.54 2.15 -999 396.74
Saria 2013 8 10 222 22.05 29.01 24.156 -999 20.02 1.76 -999 396.74
Saria 2013 8 11 223 23.03 31.8 22.356 -999 15.33 1.19 -999 396.74
Saria 2013 8 12 224 22.65 28.23 12.564 -999 10.06 1.95 -999 396.74
Saria 2013 8 13 225 21.81 28.68 16.596 -999 4.7 2.09 -999 396.74
Saria 2013 8 14 226 21.03 30.32 22.536 -999 5.82 2.16 -999 396.74
Saria 2013 8 15 227 22.57 27.4 11.484 -999 8.93 2.31 -999 396.74
Saria 2013 8 16 228 22.5 29.29 21.204 -999 2.97 1.73 -999 396.74
Saria 2013 8 17 229 22.12 29.26 19.008 -999 18.69 2.41 -999 396.74
Saria 2013 8 18 230 22.05 27.61 17.568 -999 17.88 1.84 -999 396.74
Saria 2013 8 19 231 21.31 29.12 14.616 -999 7.4 1.59 -999 396.74
Saria 2013 8 20 232 21.89 32.24 20.556 -999 3.35 1.28 -999 396.74
Saria 2013 8 21 233 21.91 28.17 11.736 -999 15.28 2.11 -999 396.74
Saria 2013 8 22 234 21.98 29.13 24.12 -999 12.75 2.04 -999 396.74
Saria 2013 8 23 235 22.04 30.23 16.02 -999 2.41 1.83 -999 396.74
Saria 2013 8 24 236 22.12 32.32 22.824 -999 7.64 1.45 -999 396.74
Saria 2013 8 25 237 22.91 29.76 12.96 -999 9.32 1.69 -999 396.74
Saria 2013 8 26 238 23.01 31.26 12.672 -999 4.41 0.84 -999 396.74
Saria 2013 8 27 239 22.62 28.97 19.692 -999 8.57 1.15 -999 396.74
Saria 2013 8 28 240 22.69 28.45 20.808 -999 3.36 1.87 -999 396.74
Saria 2013 8 29 241 21.87 30.58 13.536 -999 6.12 1.82 -999 396.74
Saria 2013 8 30 242 21.93 30.73 20.628 -999 2.18 1.15 -999 396.74
Saria 2013 8 31 243 20.98 32.36 23.976 -999 7.55 1.62 -999 396.74
Saria 2013 9 1 244 22.05 29.45 19.296 -999 6.08 1.43 -999 396.74
Saria 2013 9 2 245 21.77 31.13 22.824 -999 5.47 2.05 -999 396.74
Saria 2013 9 3 246 21.87 31.86 18.18 -999 9.17 1.15 -999 396.74
Saria 2013 9 4 247 21.8 30.98 21.852 -999 9.54 1.56 -999 396.74
Saria 2013 9 5 248 22.24 30.98 19.476 -999 10.68 1.34 -999 396.74
Saria 2013 9 6 249 22.46 28.27 11.232 -999 7 1.03 -999 396.74
Saria 2013 9 7 250 21.08 30.5 16.812 -999 8.67 1.34 -999 396.74
Saria 2013 9 8 251 21.69 32.77 23.832 -999 7.48 0.88 -999 396.74
Saria 2013 9 9 252 21.94 32.45 18.252 -999 7.35 2.1 -999 396.74
Saria 2013 9 10 253 22.23 31.92 20.34 -999 1.48 1.57 -999 396.74
Saria 2013 9 11 254 21.05 31.49 21.024 -999 3.97 1.5 -999 396.74
Saria 2013 9 12 255 20.81 31.11 20.304 -999 8.47 1.9 -999 396.74
Saria 2013 9 13 256 22.39 28.09 16.308 -999 4.92 2.12 -999 396.74
Saria 2013 9 14 257 20.98 30.57 16.2 -999 4.15 1.3 -999 396.74
Saria 2013 9 15 258 22.13 32.84 23.544 -999 2.64 1.52 -999 396.74
Saria 2013 9 16 259 21.73 30.77 23.904 -999 2.57 1.65 -999 396.74
Saria 2013 9 17 260 21.55 32.02 23.4 -999 3.35 1.07 -999 396.74
Saria 2013 9 18 261 22.79 31.85 24.3 -999 1.02 1.66 -999 396.74
Saria 2013 9 19 262 22.68 32.96 24.552 -999 1.55 1.98 -999 396.74
Saria 2013 9 20 263 22.62 33.01 24.12 -999 2 2.2 -999 396.74
Saria 2013 9 21 264 22.9 29.4 21.168 -999 3.12 1.48 -999 396.74
Saria 2013 9 22 265 20.83 34.44 24.732 -999 1.52 1.84 -999 396.74
Saria 2013 9 23 266 21.26 34.98 18.504 -999 4.18 1.94 -999 396.74
Saria 2013 9 24 267 22.95 31.21 22.86 -999 3.39 1.85 -999 396.74
Saria 2013 9 25 268 21.53 28.28 17.388 -999 1.86 2.66 -999 396.74
Saria 2013 9 26 269 20.46 33.42 22.356 -999 1.42 1.3 -999 396.74
Saria 2013 9 27 270 21.47 34.87 18.504 -999 2.09 1.59 -999 396.74
Saria 2013 9 28 271 22.27 33.61 24.516 -999 6.52 1.84 -999 396.74
Saria 2013 9 29 272 22.49 32.84 24.3 -999 5.47 1.32 -999 396.74
Saria 2013 9 30 273 22.48 30.92 22.284 -999 10.38 1.73 -999 396.74
Saria 2013 10 1 274 22.44 32.91 24.192 -999 1.71 1.26 -999 396.74
Saria 2013 10 2 275 21.67 34.29 24.696 -999 19.32 1.28 -999 396.74
Saria 2013 10 3 276 22.72 31.44 23.868 -999 5.3 1.68 -999 396.74
Saria 2013 10 4 277 22.75 29.05 22.644 -999 0.75 1.49 -999 396.74
Saria 2013 10 5 278 21.07 33.24 23.04 -999 1.09 1.55 -999 396.74
Saria 2013 10 6 279 21.4 35.02 24.948 -999 1.56 1.75 -999 396.74
Saria 2013 10 7 280 21.49 34.54 24.444 -999 2.29 1.82 -999 396.74
Saria 2013 10 8 281 21.52 33.04 14.652 -999 2.04 1.3 -999 396.74
Saria 2013 10 9 282 21.17 32.13 21.384 -999 4.87 2.14 -999 396.74
Saria 2013 10 10 283 21.76 31.22 18.036 -999 6.72 1.79 -999 396.74
Saria 2013 10 11 284 21.33 33.73 21.672 -999 4.67 1.27 -999 396.74
Saria 2013 10 12 285 22.88 35.02 23.076 -999 0.32 1.73 -999 396.74
Saria 2013 10 13 286 20.26 35.56 23.364 -999 0.14 1.62 -999 396.74
Saria 2013 10 14 287 21.09 35.98 23.328 -999 0.32 1.6 -999 396.74
Saria 2013 10 15 288 21.11 33.41 22.284 -999 0.11 2.62 -999 396.74
Saria 2013 10 16 289 21.12 32.99 22.176 -999 0.39 2.66 -999 396.74
Saria 2013 10 17 290 21.73 34.66 19.98 -999 0.29 1.46 -999 396.74
Saria 2013 10 18 291 21.55 34.86 21.24 -999 0.05 1.34 -999 396.74
Saria 2013 10 19 292 21.75 35.45 22.104 -999 0.06 0.99 -999 396.74
Saria 2013 10 20 293 20.79 34.42 19.944 -999 0.05 1.7 -999 396.74
Saria 2013 10 21 294 21.29 35.08 22.428 -999 0.02 1.1 -999 396.74
Saria 2013 10 22 295 19.66 35.63 22.572 -999 0.01 1.73 -999 396.74
Saria 2013 10 23 296 19.35 34.97 22.86 -999 0 1.89 -999 396.74
Saria 2013 10 24 297 19.16 35.58 23.04 -999 0 1.5 -999 396.74
Saria 2013 10 25 298 18.29 35.26 22.536 -999 0 1.66 -999 396.74
Saria 2013 10 26 299 19.93 34.93 21.6 -999 0 1.77 -999 396.74
Saria 2013 10 27 300 19.71 34.84 22.932 -999 0 1.97 -999 396.74
Saria 2013 10 28 301 19.92 35.09 23.22 -999 0.03 1.48 -999 396.74
Saria 2013 10 29 302 17.61 35.38 23.544 -999 0 1.54 -999 396.74
Saria 2013 10 30 303 19.34 34.28 19.368 -999 0.11 1.45 -999 396.74
Saria 2013 10 31 304 20.59 33.11 17.748 -999 0.16 1.45 -999 396.74
Saria 2013 11 1 305 23.08 35.02 21.132 -999 0.04 1.66 -999 396.74
Saria 2013 11 2 306 19.95 34.88 19.944 -999 0 2.12 -999 396.74
Saria 2013 11 3 307 15.87 34.31 17.568 -999 0 2.73 -999 396.74
Saria 2013 11 4 308 15.79 33.61 22.896 -999 0 3.21 -999 396.74
Saria 2013 11 5 309 14.6 32.87 22.14 -999 0 2.8 -999 396.74
Saria 2013 11 6 310 13.46 33.31 21.996 -999 0 2.16 -999 396.74
Saria 2013 11 7 311 15.05 34.26 22.86 -999 0 2.23 -999 396.74
Saria 2013 11 8 312 17.81 35.26 21.6 -999 0 2.19 -999 396.74
Saria 2013 11 9 313 17.57 33.29 20.088 -999 0 2.18 -999 396.74
Saria 2013 11 10 314 19.75 35.4 21.744 -999 0 2.05 -999 396.74
Saria 2013 11 11 315 16.3 35.06 21.78 -999 0 2.7 -999 396.74
Saria 2013 11 12 316 16.95 35.03 20.808 -999 0 1.59 -999 396.74
Saria 2013 11 13 317 21.5 34.9 21.6 -999 0 0.68 -999 396.74
Saria 2013 11 14 318 19.63 35.01 20.844 -999 0 1.35 -999 396.74
Saria 2013 11 15 319 18.15 35 21.024 -999 0 1.54 -999 396.74
Saria 2013 11 16 320 21.7 35.06 20.808 -999 0 0.96 -999 396.74
Saria 2013 11 17 321 23.78 35.42 15.804 -999 0.11 1.07 -999 396.74
Saria 2013 11 18 322 23.48 36.09 20.448 -999 0.12 1.52 -999 396.74
Saria 2013 11 19 323 19.97 31.69 16.272 -999 0.13 1.29 -999 396.74
Saria 2013 11 20 324 19.65 33.66 14.832 -999 0.07 1.83 -999 396.74
Saria 2013 11 21 325 17.25 34.6 18.828 -999 0.03 2.54 -999 396.74
Saria 2013 11 22 326 17.37 33.51 21.492 -999 0 1.83 -999 396.74
Saria 2013 11 23 327 16.47 35.44 20.952 -999 0 1.4 -999 396.74
Saria 2013 11 24 328 18.8 34.26 18.792 -999 0 1.06 -999 396.74
Saria 2013 11 25 329 16.11 33.65 21.348 -999 0 2.08 -999 396.74
Saria 2013 11 26 330 19.17 34.71 20.232 -999 0 1.2 -999 396.74
Saria 2013 11 27 331 21.03 34.99 19.62 -999 0 2.13 -999 396.74
Saria 2013 11 28 332 20.66 35.15 19.8 -999 0 2.69 -999 396.74
Saria 2013 11 29 333 18.19 35.94 21.312 -999 0 3.83 -999 396.74
Saria 2013 11 30 334 16.81 34.61 21.24 -999 0 3.19 -999 396.74
Saria 2013 12 1 335 15.05 34.3 21.708 -999 0 2.45 -999 396.74
Saria 2013 12 2 336 15.5 34.48 21.78 -999 0 2.87 -999 396.74
Saria 2013 12 3 337 16.55 35.15 21.348 -999 0 3.23 -999 396.74
Saria 2013 12 4 338 17.63 34.21 19.62 -999 0 4.23 -999 396.74
Saria 2013 12 5 339 15.78 32.94 21.852 -999 0 3.95 -999 396.74
Saria 2013 12 6 340 14 30.22 20.772 -999 0 3.76 -999 396.74
Saria 2013 12 7 341 11.38 29.71 21.24 -999 0 2.95 -999 396.74
Saria 2013 12 8 342 10.98 30.44 21.132 -999 0 3.17 -999 396.74
Saria 2013 12 9 343 11.75 30.77 21.996 -999 0 2.95 -999 396.74
Saria 2013 12 10 344 12.77 30.79 20.952 -999 0 2.84 -999 396.74
Saria 2013 12 11 345 13.8 32.99 20.484 -999 0 2.74 -999 396.74
Saria 2013 12 12 346 14.75 31.74 21.276 -999 0 2.12 -999 396.74
Saria 2013 12 13 347 14.28 33.41 19.62 -999 0 2.78 -999 396.74
Saria 2013 12 14 348 17.33 31.95 16.776 -999 0 3.93 -999 396.74
Saria 2013 12 15 349 16.76 24.12 9.18 -999 0 3.55 -999 396.74
Saria 2013 12 16 350 13.58 28.45 15.192 -999 0 3.12 -999 396.74
Saria 2013 12 17 351 14.41 28.4 16.632 -999 0 3.48 -999 396.74
Saria 2013 12 18 352 11.9 26.2 17.964 -999 0 3.57 -999 396.74
Saria 2013 12 19 353 12.35 29.62 18.756 -999 0 3.36 -999 396.74
Saria 2013 12 20 354 11.05 30.38 19.044 -999 0 3.08 -999 396.74
Saria 2013 12 21 355 12.48 30.9 18.072 -999 0 2.81 -999 396.74
Saria 2013 12 22 356 12.58 30.76 18.108 -999 0 3.75 -999 396.74
Saria 2013 12 23 357 13.47 28.74 18.684 -999 0 3.78 -999 396.74
Saria 2013 12 24 358 12.83 32.4 20.52 -999 0 3.36 -999 396.74
Saria 2013 12 25 359 13.61 33.68 20.268 -999 0 3.4 -999 396.74
Saria 2013 12 26 360 15.17 35.13 20.7 -999 0 3.58 -999 396.74
Saria 2013 12 27 361 15.06 34.89 21.096 -999 0 2.79 -999 396.74
Saria 2013 12 28 362 15.72 35.75 21.096 -999 0 2.55 -999 396.74
Saria 2013 12 29 363 15.57 35.73 20.952 -999 0 2.18 -999 396.74
Saria 2013 12 30 364 15.45 36.05 20.196 -999 0 2.31 -999 396.74
Saria 2013 12 31 365 15.65 35.02 18.864 -999 0 3.04 -999 396.74
