Saria 2006 1 1 1 15.02 34.81 20.88 -999 0 2.98 -999 382.09
Saria 2006 1 2 2 16.15 35.48 21.168 -999 0 3.09 -999 382.09
Saria 2006 1 3 3 16.62 36.03 22.032 -999 0 3.04 -999 382.09
Saria 2006 1 4 4 16.5 35.36 21.96 -999 0 2.53 -999 382.09
Saria 2006 1 5 5 15.72 35.75 21.816 -999 0 2.32 -999 382.09
Saria 2006 1 6 6 15.52 35.94 19.188 -999 0 2.38 -999 382.09
Saria 2006 1 7 7 16.52 35.38 20.628 -999 0 2.73 -999 382.09
Saria 2006 1 8 8 15.71 33.85 19.224 -999 0 2.77 -999 382.09
Saria 2006 1 9 9 16.64 33.48 17.64 -999 0 3.2 -999 382.09
Saria 2006 1 10 10 17.33 36.13 20.16 -999 0 3.41 -999 382.09
Saria 2006 1 11 11 17.06 35.91 21.816 -999 0 3.52 -999 382.09
Saria 2006 1 12 12 17.16 36.05 22.068 -999 0 3.38 -999 382.09
Saria 2006 1 13 13 17.83 36.26 21.024 -999 0 3.59 -999 382.09
Saria 2006 1 14 14 16.94 35.55 20.304 -999 0 3.51 -999 382.09
Saria 2006 1 15 15 17.85 35.87 21.816 -999 0 3.66 -999 382.09
Saria 2006 1 16 16 17.33 35.84 21.636 -999 0 3.53 -999 382.09
Saria 2006 1 17 17 18.12 36.87 21.348 -999 0 2.37 -999 382.09
Saria 2006 1 18 18 18.85 35.51 16.74 -999 0 2.84 -999 382.09
Saria 2006 1 19 19 18.52 32.49 21.204 -999 0 4.7 -999 382.09
Saria 2006 1 20 20 17.73 34.95 21.24 -999 0 4.36 -999 382.09
Saria 2006 1 21 21 18.01 35.73 22.284 -999 0 4.75 -999 382.09
Saria 2006 1 22 22 18.16 37.15 22.68 -999 0 4.27 -999 382.09
Saria 2006 1 23 23 18.2 37.36 23.256 -999 0 4.38 -999 382.09
Saria 2006 1 24 24 17.5 37.5 23.508 -999 0 3.51 -999 382.09
Saria 2006 1 25 25 17.79 37.03 21.996 -999 0 3.9 -999 382.09
Saria 2006 1 26 26 18.7 36.78 23.544 -999 0 3.66 -999 382.09
Saria 2006 1 27 27 20.1 37.2 21.456 -999 0 3.14 -999 382.09
Saria 2006 1 28 28 19.54 36.68 16.956 -999 0 2.83 -999 382.09
Saria 2006 1 29 29 24.62 34.98 14.364 -999 0.16 3.34 -999 382.09
Saria 2006 1 30 30 23.41 36.9 19.872 -999 0.36 3.48 -999 382.09
Saria 2006 1 31 31 20.23 35.47 21.42 -999 0 3.73 -999 382.09
Saria 2006 2 1 32 18.6 36.64 22.824 -999 0 3.6 -999 382.09
Saria 2006 2 2 33 17.39 36.77 23.688 -999 0 3.3 -999 382.09
Saria 2006 2 3 34 17.09 37.15 20.268 -999 0 3.41 -999 382.09
Saria 2006 2 4 35 18.09 37.33 23.904 -999 0 3.8 -999 382.09
Saria 2006 2 5 36 18.28 37.71 23.976 -999 0 3.8 -999 382.09
Saria 2006 2 6 37 18.61 37.71 24.192 -999 0 4.07 -999 382.09
Saria 2006 2 7 38 19.1 38.23 23.004 -999 0 3.7 -999 382.09
Saria 2006 2 8 39 19.41 38.37 24.48 -999 0 3.86 -999 382.09
Saria 2006 2 9 40 20.25 38.3 20.088 -999 0 3.66 -999 382.09
Saria 2006 2 10 41 20.69 36.62 16.596 -999 0.56 3.7 -999 382.09
Saria 2006 2 11 42 19.05 37.76 18.72 -999 0 3.37 -999 382.09
Saria 2006 2 12 43 18.68 39.31 18.648 -999 0 2.73 -999 382.09
Saria 2006 2 13 44 19.37 37.32 19.836 -999 0 2.23 -999 382.09
Saria 2006 2 14 45 18.21 38.24 20.88 -999 0.28 2.33 -999 382.09
Saria 2006 2 15 46 20.64 35.69 18.216 -999 0.18 1.48 -999 382.09
Saria 2006 2 16 47 22.26 35.3 19.98 -999 0.14 3.74 -999 382.09
Saria 2006 2 17 48 21.84 36.19 12.636 -999 0 2.37 -999 382.09
Saria 2006 2 18 49 19.88 34.64 21.06 -999 0 3.72 -999 382.09
Saria 2006 2 19 50 22.35 36.05 22.824 -999 0 3.53 -999 382.09
Saria 2006 2 20 51 19.86 37.03 24.12 -999 0 3.2 -999 382.09
Saria 2006 2 21 52 19.57 37.89 23.724 -999 0 2.39 -999 382.09
Saria 2006 2 22 53 20.39 38.61 24.732 -999 0 3.12 -999 382.09
Saria 2006 2 23 54 20.3 37.81 25.632 -999 0 4.18 -999 382.09
Saria 2006 2 24 55 20.9 38.57 24.84 -999 0 3.57 -999 382.09
Saria 2006 2 25 56 18.84 38.74 25.38 -999 0 3 -999 382.09
Saria 2006 2 26 57 19.12 38.48 25.38 -999 0 3.39 -999 382.09
Saria 2006 2 27 58 19.56 39.3 25.776 -999 0 3.09 -999 382.09
Saria 2006 2 28 59 19.93 40.43 24.984 -999 0 2.78 -999 382.09
Saria 2006 3 1 60 22.02 39.26 19.296 -999 0 1.95 -999 382.09
Saria 2006 3 2 61 24.41 38.35 20.448 -999 0 2.49 -999 382.09
Saria 2006 3 3 62 23.19 38.9 23.508 -999 0 4 -999 382.09
Saria 2006 3 4 63 21.66 41.03 24.084 -999 0 4.38 -999 382.09
Saria 2006 3 5 64 21.05 40.72 24.732 -999 0 3.81 -999 382.09
Saria 2006 3 6 65 21.63 41.8 25.92 -999 0 4.05 -999 382.09
Saria 2006 3 7 66 22.12 40.44 25.812 -999 0 4.93 -999 382.09
Saria 2006 3 8 67 20.8 38.11 19.26 -999 0 4.25 -999 382.09
Saria 2006 3 9 68 21.17 36.4 14.652 -999 0 3.47 -999 382.09
Saria 2006 3 10 69 21.87 37.2 13.644 -999 0 3.46 -999 382.09
Saria 2006 3 11 70 20.12 36.98 15.912 -999 0 3.73 -999 382.09
Saria 2006 3 12 71 19.83 37.06 21.024 -999 0 2.77 -999 382.09
Saria 2006 3 13 72 19.7 38.8 23.508 -999 0 2.18 -999 382.09
Saria 2006 3 14 73 17.73 38.98 25.056 -999 0 2.91 -999 382.09
Saria 2006 3 15 74 20.8 39.44 25.596 -999 0 3.53 -999 382.09
Saria 2006 3 16 75 21.2 39.23 25.632 -999 0 3.51 -999 382.09
Saria 2006 3 17 76 20.83 40.37 24.948 -999 0 2.87 -999 382.09
Saria 2006 3 18 77 19.56 40.85 25.596 -999 0 2.37 -999 382.09
Saria 2006 3 19 78 20.01 40.96 24.444 -999 0 2.13 -999 382.09
Saria 2006 3 20 79 22.01 40.9 24.948 -999 0 2.08 -999 382.09
Saria 2006 3 21 80 23.46 41.24 22.356 -999 0 2.41 -999 382.09
Saria 2006 3 22 81 22.24 41.65 23.328 -999 0 3.45 -999 382.09
Saria 2006 3 23 82 23.44 42.14 22.428 -999 0 2.64 -999 382.09
Saria 2006 3 24 83 24.44 41.86 25.056 -999 0 4.39 -999 382.09
Saria 2006 3 25 84 21.52 41.98 26.604 -999 0 2.98 -999 382.09
Saria 2006 3 26 85 21.22 42.38 26.784 -999 0 2.35 -999 382.09
Saria 2006 3 27 86 26.69 39.48 23.652 -999 0.29 3.46 -999 382.09
Saria 2006 3 28 87 27.08 37.9 23.58 -999 0.22 2.05 -999 382.09
Saria 2006 3 29 88 22.39 39.39 24.336 -999 0 2.68 -999 382.09
Saria 2006 3 30 89 22.28 38.51 22.752 -999 0 3.63 -999 382.09
Saria 2006 3 31 90 23.67 37.49 9.432 -999 0 3.62 -999 382.09
Saria 2006 4 1 91 24.84 36.85 13.716 -999 0 3.02 -999 382.09
Saria 2006 4 2 92 22.94 39.16 20.232 -999 0 3.41 -999 382.09
Saria 2006 4 3 93 24.44 40.51 17.532 -999 0 3.53 -999 382.09
Saria 2006 4 4 94 23.57 40.73 21.744 -999 0 1.94 -999 382.09
Saria 2006 4 5 95 24.94 40.24 21.528 -999 0.66 2.2 -999 382.09
Saria 2006 4 6 96 27.31 40.33 23.112 -999 0 1.91 -999 382.09
Saria 2006 4 7 97 24.54 41.55 23.616 -999 0 3.17 -999 382.09
Saria 2006 4 8 98 23.98 41.65 22.788 -999 0.01 3.15 -999 382.09
Saria 2006 4 9 99 21.86 41.97 24.084 -999 0 3.34 -999 382.09
Saria 2006 4 10 100 20.39 41.91 27.036 -999 0 4.19 -999 382.09
Saria 2006 4 11 101 19.26 41.91 26.46 -999 0 3.43 -999 382.09
Saria 2006 4 12 102 19.88 42.9 26.172 -999 0 3.78 -999 382.09
Saria 2006 4 13 103 21.04 42.45 23.94 -999 0 3 -999 382.09
Saria 2006 4 14 104 23.27 42.96 24.948 -999 0.01 3.18 -999 382.09
Saria 2006 4 15 105 26.18 42.26 23.256 -999 0 2.37 -999 382.09
Saria 2006 4 16 106 27.26 42.04 21.096 -999 0.11 2.84 -999 382.09
Saria 2006 4 17 107 24.19 42.28 22.428 -999 0.68 2.5 -999 382.09
Saria 2006 4 18 108 26.01 41.33 21.06 -999 0.33 2.56 -999 382.09
Saria 2006 4 19 109 28.45 40.92 22.86 -999 0.78 2.9 -999 382.09
Saria 2006 4 20 110 28.38 40.24 18.072 -999 0.07 2.98 -999 382.09
Saria 2006 4 21 111 29.18 40.67 23.112 -999 2.57 2.97 -999 382.09
Saria 2006 4 22 112 27.24 38.82 23.256 -999 5.12 3.66 -999 382.09
Saria 2006 4 23 113 26.12 35.62 17.568 -999 13.15 3.87 -999 382.09
Saria 2006 4 24 114 25.22 35.74 13.32 -999 0.11 1.89 -999 382.09
Saria 2006 4 25 115 25.41 36.94 14.832 -999 4.39 1.25 -999 382.09
Saria 2006 4 26 116 25.11 31.77 15.012 -999 0.47 2.36 -999 382.09
Saria 2006 4 27 117 23.79 38.73 18.396 -999 0.05 2.48 -999 382.09
Saria 2006 4 28 118 24.76 39.83 25.38 -999 0.02 1.89 -999 382.09
Saria 2006 4 29 119 24.97 40.32 25.416 -999 0 1.16 -999 382.09
Saria 2006 4 30 120 24.58 41.15 26.784 -999 0.18 1.81 -999 382.09
Saria 2006 5 1 121 24.82 41.04 22.788 -999 0.28 1.45 -999 382.09
Saria 2006 5 2 122 25.53 41.65 24.48 -999 0.73 2.17 -999 382.09
Saria 2006 5 3 123 26.57 42.26 22.32 -999 0.02 2.45 -999 382.09
Saria 2006 5 4 124 25.9 41.69 26.244 -999 0.72 2.78 -999 382.09
Saria 2006 5 5 125 28.03 41.68 20.052 -999 0.2 2.42 -999 382.09
Saria 2006 5 6 126 26.23 42.22 25.344 -999 0 1.75 -999 382.09
Saria 2006 5 7 127 26.9 42.1 24.732 -999 0.01 1.82 -999 382.09
Saria 2006 5 8 128 27.23 41.94 19.728 -999 0.01 2.89 -999 382.09
Saria 2006 5 9 129 27.76 40.89 21.528 -999 0.01 3.34 -999 382.09
Saria 2006 5 10 130 26.91 41.51 25.776 -999 0 3.01 -999 382.09
Saria 2006 5 11 131 24.08 41.33 23.364 -999 0.61 2.85 -999 382.09
Saria 2006 5 12 132 24.9 40.84 25.848 -999 0.27 3.2 -999 382.09
Saria 2006 5 13 133 27.2 41.56 21.492 -999 0.2 3.07 -999 382.09
Saria 2006 5 14 134 28.15 38.19 22.716 -999 0.26 4.02 -999 382.09
Saria 2006 5 15 135 26.94 40.5 22.788 -999 1.28 3.33 -999 382.09
Saria 2006 5 16 136 27.11 39.7 19.98 -999 1.1 3.91 -999 382.09
Saria 2006 5 17 137 26.48 39.95 24.912 -999 0.07 3.8 -999 382.09
Saria 2006 5 18 138 26.18 36.65 21.528 -999 1.36 3.72 -999 382.09
Saria 2006 5 19 139 26.06 36.43 13.068 -999 6.18 3.22 -999 382.09
Saria 2006 5 20 140 24.94 34.01 11.592 -999 3.85 2.48 -999 382.09
Saria 2006 5 21 141 24.13 32.9 18.324 -999 0.3 3.12 -999 382.09
Saria 2006 5 22 142 24.26 34.97 14.544 -999 0.36 2.8 -999 382.09
Saria 2006 5 23 143 24.41 36.9 23.544 -999 0.35 3.11 -999 382.09
Saria 2006 5 24 144 25.16 38.28 21.096 -999 0.38 3.64 -999 382.09
Saria 2006 5 25 145 26.68 40.02 21.564 -999 0.05 3.38 -999 382.09
Saria 2006 5 26 146 26.53 35.69 15.84 -999 2.89 3.63 -999 382.09
Saria 2006 5 27 147 24.41 37.57 23.472 -999 1.3 2.66 -999 382.09
Saria 2006 5 28 148 25.47 38.15 22.428 -999 4.9 3.01 -999 382.09
Saria 2006 5 29 149 25.65 37.3 22.968 -999 1.9 3.41 -999 382.09
Saria 2006 5 30 150 25.76 38.15 24.588 -999 1.06 2.84 -999 382.09
Saria 2006 5 31 151 26.01 38.07 24.984 -999 0.08 2.51 -999 382.09
Saria 2006 6 1 152 26.33 39.27 25.2 -999 1.54 2.46 -999 382.09
Saria 2006 6 2 153 26.31 41.01 19.908 -999 0.28 2.84 -999 382.09
Saria 2006 6 3 154 27.15 41.13 21.852 -999 0 4.02 -999 382.09
Saria 2006 6 4 155 25.51 41.32 22.248 -999 0.65 3.55 -999 382.09
Saria 2006 6 5 156 26.48 36.27 19.98 -999 11.65 3.43 -999 382.09
Saria 2006 6 6 157 24.88 38.35 26.208 -999 2.83 3.1 -999 382.09
Saria 2006 6 7 158 24.87 39.36 18.18 -999 5.42 2.58 -999 382.09
Saria 2006 6 8 159 24.87 34.93 23.4 -999 5.6 3.8 -999 382.09
Saria 2006 6 9 160 24.36 37.73 17.388 -999 2.14 2.88 -999 382.09
Saria 2006 6 10 161 24.13 37.65 18.756 -999 0.42 1.87 -999 382.09
Saria 2006 6 11 162 24.83 37.39 20.196 -999 6.24 2.78 -999 382.09
Saria 2006 6 12 163 25.12 35.43 18.468 -999 1.8 3.56 -999 382.09
Saria 2006 6 13 164 24.82 35.9 20.412 -999 2.34 2.27 -999 382.09
Saria 2006 6 14 165 25.71 34.56 20.304 -999 1.48 2.84 -999 382.09
Saria 2006 6 15 166 24.12 36.74 19.8 -999 0.46 3.62 -999 382.09
Saria 2006 6 16 167 25.02 34.97 22.5 -999 3.97 3.09 -999 382.09
Saria 2006 6 17 168 23.81 33.57 21.816 -999 5.32 3.23 -999 382.09
Saria 2006 6 18 169 23.58 34.65 17.064 -999 0.2 2.66 -999 382.09
Saria 2006 6 19 170 23.92 37.73 21.888 -999 0.85 3.6 -999 382.09
Saria 2006 6 20 171 23.65 36.5 24.48 -999 2.04 3.22 -999 382.09
Saria 2006 6 21 172 23.85 35.4 21.996 -999 9.88 1.78 -999 382.09
Saria 2006 6 22 173 23.71 37.48 20.772 -999 2.03 1.81 -999 382.09
Saria 2006 6 23 174 23.97 35.84 24.444 -999 3.66 2.63 -999 382.09
Saria 2006 6 24 175 23.37 36.83 25.092 -999 0.72 2.48 -999 382.09
Saria 2006 6 25 176 23.91 38.87 25.38 -999 1.5 2.09 -999 382.09
Saria 2006 6 26 177 24.56 38.61 16.236 -999 0.81 3.12 -999 382.09
Saria 2006 6 27 178 24.99 38.19 25.056 -999 0.99 3.41 -999 382.09
Saria 2006 6 28 179 25.07 38.54 23.292 -999 3.67 2.37 -999 382.09
Saria 2006 6 29 180 25.57 37.19 23.472 -999 12.36 3.03 -999 382.09
Saria 2006 6 30 181 24.85 36.69 21.024 -999 5.31 3.68 -999 382.09
Saria 2006 7 1 182 24.27 36.76 20.484 -999 0.47 3.33 -999 382.09
Saria 2006 7 2 183 23.76 36.55 20.016 -999 5.3 2.12 -999 382.09
Saria 2006 7 3 184 23.65 36.13 22.68 -999 9.93 2.45 -999 382.09
Saria 2006 7 4 185 24.1 36.84 21.708 -999 1.4 3.27 -999 382.09
Saria 2006 7 5 186 25.05 34.16 12.996 -999 2.85 3.61 -999 382.09
Saria 2006 7 6 187 24.05 35.34 21.456 -999 1.23 3.45 -999 382.09
Saria 2006 7 7 188 23.91 33.48 22.176 -999 4.63 2.59 -999 382.09
Saria 2006 7 8 189 24.55 34.37 23.94 -999 4.39 2.8 -999 382.09
Saria 2006 7 9 190 24.45 33.11 19.908 -999 4.91 2.15 -999 382.09
Saria 2006 7 10 191 23.97 34.12 23.58 -999 3.62 1.59 -999 382.09
Saria 2006 7 11 192 23.67 37.78 25.632 -999 2.87 2.32 -999 382.09
Saria 2006 7 12 193 23.73 37.33 24.12 -999 4.45 2.65 -999 382.09
Saria 2006 7 13 194 24.02 36.76 24.732 -999 1.58 2.45 -999 382.09
Saria 2006 7 14 195 24.44 34.03 20.88 -999 5.03 2.41 -999 382.09
Saria 2006 7 15 196 23.76 30.83 10.944 -999 12.09 2.23 -999 382.09
Saria 2006 7 16 197 22.37 36.09 25.38 -999 0.76 2.14 -999 382.09
Saria 2006 7 17 198 23.81 33.57 22.968 -999 8.52 2.65 -999 382.09
Saria 2006 7 18 199 23.28 34.09 23.724 -999 0.9 2.62 -999 382.09
Saria 2006 7 19 200 23.01 33.31 16.308 -999 6.88 2.09 -999 382.09
Saria 2006 7 20 201 22.99 32.55 21.456 -999 6.38 2.23 -999 382.09
Saria 2006 7 21 202 22.28 32.37 17.892 -999 9.69 2.24 -999 382.09
Saria 2006 7 22 203 22.96 31.08 21.96 -999 14.36 1.95 -999 382.09
Saria 2006 7 23 204 22.73 31.52 21.06 -999 1.15 1.73 -999 382.09
Saria 2006 7 24 205 22.37 30.51 24.588 -999 4.32 1.62 -999 382.09
Saria 2006 7 25 206 21.65 33.71 19.26 -999 6.16 1.88 -999 382.09
Saria 2006 7 26 207 22.27 30.19 22.032 -999 8.21 1.73 -999 382.09
Saria 2006 7 27 208 22.25 33.47 24.84 -999 5.35 1.52 -999 382.09
Saria 2006 7 28 209 22.33 33.47 22.248 -999 4 1.3 -999 382.09
Saria 2006 7 29 210 22.86 35.08 25.164 -999 1.8 2.02 -999 382.09
Saria 2006 7 30 211 22.65 34.37 23.652 -999 6.66 2.16 -999 382.09
Saria 2006 7 31 212 23.3 30.69 20.124 -999 7.74 2.11 -999 382.09
Saria 2006 8 1 213 22.43 33.55 24.12 -999 4.29 1.91 -999 382.09
Saria 2006 8 2 214 23.1 33.73 23.94 -999 6.81 2.2 -999 382.09
Saria 2006 8 3 215 22.78 32.53 21.672 -999 3.91 2.72 -999 382.09
Saria 2006 8 4 216 22.9 30.73 12.096 -999 2.99 2.16 -999 382.09
Saria 2006 8 5 217 22.67 30.76 21.852 -999 3.66 2.37 -999 382.09
Saria 2006 8 6 218 21.98 32.77 17.64 -999 4.8 1.62 -999 382.09
Saria 2006 8 7 219 23.03 31.87 22.392 -999 5.84 2.1 -999 382.09
Saria 2006 8 8 220 22.61 32.68 12.312 -999 4.89 2.17 -999 382.09
Saria 2006 8 9 221 23 31.72 15.264 -999 4.98 1.95 -999 382.09
Saria 2006 8 10 222 22.85 32.69 20.556 -999 3.67 1.71 -999 382.09
Saria 2006 8 11 223 23 31.33 10.116 -999 8.74 1.42 -999 382.09
Saria 2006 8 12 224 21.28 30.52 18 -999 6.33 1.5 -999 382.09
Saria 2006 8 13 225 22.12 31.53 23.796 -999 7.44 2.1 -999 382.09
Saria 2006 8 14 226 22.67 32.12 22.716 -999 6.1 1.71 -999 382.09
Saria 2006 8 15 227 22.27 33.42 23.472 -999 0.68 1.64 -999 382.09
Saria 2006 8 16 228 23.02 30.08 6.156 -999 15.94 2.45 -999 382.09
Saria 2006 8 17 229 22.33 33 23.112 -999 3.14 1.83 -999 382.09
Saria 2006 8 18 230 22.64 30.78 22.86 -999 9.91 1.57 -999 382.09
Saria 2006 8 19 231 22.71 32.18 17.352 -999 3.79 1.49 -999 382.09
Saria 2006 8 20 232 21.36 33.78 24.696 -999 2.65 1.86 -999 382.09
Saria 2006 8 21 233 22.62 34.33 23.94 -999 1.59 2 -999 382.09
Saria 2006 8 22 234 22.62 33.82 19.62 -999 2.06 2.16 -999 382.09
Saria 2006 8 23 235 23.43 28.72 18.648 -999 24.38 1.67 -999 382.09
Saria 2006 8 24 236 22.02 29.44 20.412 -999 2.47 1.88 -999 382.09
Saria 2006 8 25 237 22.94 32.4 24.804 -999 0.5 1.34 -999 382.09
Saria 2006 8 26 238 22.14 34.05 23.148 -999 4.19 1.16 -999 382.09
Saria 2006 8 27 239 23.23 30.74 19.152 -999 4.46 1.44 -999 382.09
Saria 2006 8 28 240 22.07 34.27 10.044 -999 2.54 1.79 -999 382.09
Saria 2006 8 29 241 22.19 33.23 23.364 -999 1.34 1.08 -999 382.09
Saria 2006 8 30 242 22.88 26.98 14.904 -999 7.04 1.95 -999 382.09
Saria 2006 8 31 243 22.26 31.37 21.24 -999 5.3 1.51 -999 382.09
Saria 2006 9 1 244 22.69 30.15 16.488 -999 20.79 1.41 -999 382.09
Saria 2006 9 2 245 21.94 29.73 25.344 -999 7.72 1.21 -999 382.09
Saria 2006 9 3 246 21.22 34.97 24.696 -999 4.41 1.77 -999 382.09
Saria 2006 9 4 247 22.65 30.66 21.924 -999 5.39 2.07 -999 382.09
Saria 2006 9 5 248 22.25 29.37 21.06 -999 8.33 1.98 -999 382.09
Saria 2006 9 6 249 21.75 33.5 22.356 -999 1.37 1.27 -999 382.09
Saria 2006 9 7 250 21.35 32.4 23.04 -999 4.91 2.2 -999 382.09
Saria 2006 9 8 251 23.08 30.01 16.812 -999 11.03 2.86 -999 382.09
Saria 2006 9 9 252 22.53 28.64 14.976 -999 13.8 1.29 -999 382.09
Saria 2006 9 10 253 22.03 28.77 18.504 -999 7.49 2.2 -999 382.09
Saria 2006 9 11 254 20.72 30.26 21.456 -999 7.84 1.73 -999 382.09
Saria 2006 9 12 255 21.65 29.3 21.168 -999 6.43 1.59 -999 382.09
Saria 2006 9 13 256 21.68 31 19.008 -999 2.49 1.84 -999 382.09
Saria 2006 9 14 257 21.84 31.18 20.52 -999 2.41 2.27 -999 382.09
Saria 2006 9 15 258 22 32.05 24.336 -999 2.74 1.71 -999 382.09
Saria 2006 9 16 259 22.91 31.69 20.484 -999 1.28 1.83 -999 382.09
Saria 2006 9 17 260 22.74 31.3 18.216 -999 2.71 1.6 -999 382.09
Saria 2006 9 18 261 22.29 30.89 24.768 -999 3.96 1.59 -999 382.09
Saria 2006 9 19 262 22.54 31.08 19.26 -999 1.31 1.62 -999 382.09
Saria 2006 9 20 263 21.9 34.04 21.672 -999 3.6 1.59 -999 382.09
Saria 2006 9 21 264 21.38 33.94 17.1 -999 1.49 1.61 -999 382.09
Saria 2006 9 22 265 22.59 31.78 24.66 -999 2.24 1.49 -999 382.09
Saria 2006 9 23 266 22.23 33.7 11.916 -999 1.78 1.96 -999 382.09
Saria 2006 9 24 267 22 32.07 16.74 -999 4.08 1.73 -999 382.09
Saria 2006 9 25 268 21.8 32.77 20.844 -999 2.98 1.68 -999 382.09
Saria 2006 9 26 269 21.3 35.76 24.408 -999 3.78 1.9 -999 382.09
Saria 2006 9 27 270 22.15 34.73 24.984 -999 3.38 2.26 -999 382.09
Saria 2006 9 28 271 22.44 31.99 22.716 -999 2.29 2.07 -999 382.09
Saria 2006 9 29 272 22.06 33.86 24.948 -999 3.33 2.25 -999 382.09
Saria 2006 9 30 273 22.15 31.96 22.176 -999 4.45 2.53 -999 382.09
Saria 2006 10 1 274 22.39 32.12 19.728 -999 0.53 1.34 -999 382.09
Saria 2006 10 2 275 22.48 31.83 18.756 -999 8.43 1.62 -999 382.09
Saria 2006 10 3 276 22.84 31.27 22.536 -999 2.3 2.1 -999 382.09
Saria 2006 10 4 277 22.06 34.24 23.868 -999 0.8 1.12 -999 382.09
Saria 2006 10 5 278 21.99 35 22.968 -999 1.9 1.68 -999 382.09
Saria 2006 10 6 279 22.95 33.76 22.14 -999 1.14 1.4 -999 382.09
Saria 2006 10 7 280 23.06 33.4 23.148 -999 2.91 1.73 -999 382.09
Saria 2006 10 8 281 23.15 32.75 17.388 -999 7.29 1.65 -999 382.09
Saria 2006 10 9 282 23.07 34.01 18.144 -999 4.51 1.59 -999 382.09
Saria 2006 10 10 283 22.94 33.87 23.4 -999 1.96 1.38 -999 382.09
Saria 2006 10 11 284 22.3 36.51 23.112 -999 1.71 1.6 -999 382.09
Saria 2006 10 12 285 22.79 31.95 17.064 -999 0.57 1.59 -999 382.09
Saria 2006 10 13 286 22.23 32.53 11.052 -999 2.38 1.79 -999 382.09
Saria 2006 10 14 287 22.76 35.92 22.752 -999 1.44 1.51 -999 382.09
Saria 2006 10 15 288 22.37 36.19 23.652 -999 0.03 1.8 -999 382.09
Saria 2006 10 16 289 21.98 37.15 23.4 -999 0.78 2.02 -999 382.09
Saria 2006 10 17 290 23.18 36.32 22.608 -999 3.45 1.72 -999 382.09
Saria 2006 10 18 291 22.79 37.45 22.644 -999 1.2 1.48 -999 382.09
Saria 2006 10 19 292 24.05 36.42 18.936 -999 1.98 1.62 -999 382.09
Saria 2006 10 20 293 22.89 33.23 16.344 -999 0.37 1.64 -999 382.09
Saria 2006 10 21 294 22.05 35.69 22.788 -999 0.81 1.62 -999 382.09
Saria 2006 10 22 295 23.15 36.13 20.952 -999 2.87 1.7 -999 382.09
Saria 2006 10 23 296 22.85 36.9 23.256 -999 0.07 1.74 -999 382.09
Saria 2006 10 24 297 23.37 33.77 23.148 -999 0.14 2.48 -999 382.09
Saria 2006 10 25 298 22.3 36.59 23.004 -999 0.18 1.8 -999 382.09
Saria 2006 10 26 299 23.01 36.23 22.716 -999 0.12 2.18 -999 382.09
Saria 2006 10 27 300 23.03 34.89 20.232 -999 0.08 2.05 -999 382.09
Saria 2006 10 28 301 22.5 36.7 20.952 -999 0.01 1.82 -999 382.09
Saria 2006 10 29 302 22.94 37.47 20.844 -999 0 1.77 -999 382.09
Saria 2006 10 30 303 21.47 37.26 22.032 -999 0 2.04 -999 382.09
Saria 2006 10 31 304 19.51 37.06 23.544 -999 0 1.98 -999 382.09
Saria 2006 11 1 305 19.8 36.72 22.356 -999 0 1.82 -999 382.09
Saria 2006 11 2 306 20.65 36.74 21.312 -999 0 1.94 -999 382.09
Saria 2006 11 3 307 18.44 37.17 22.896 -999 0 2.13 -999 382.09
Saria 2006 11 4 308 20.02 36.96 23.256 -999 0 1.87 -999 382.09
Saria 2006 11 5 309 17.92 36.68 23.58 -999 0 2.52 -999 382.09
Saria 2006 11 6 310 16.23 36.62 23.76 -999 0 2.51 -999 382.09
Saria 2006 11 7 311 16.13 36.65 23.364 -999 0 2.24 -999 382.09
Saria 2006 11 8 312 18.04 36.4 21.744 -999 0 2.27 -999 382.09
Saria 2006 11 9 313 19.01 35.78 20.448 -999 0 3.05 -999 382.09
Saria 2006 11 10 314 18.24 35.98 22.176 -999 0 3.43 -999 382.09
Saria 2006 11 11 315 18.62 35.41 21.24 -999 0 3.54 -999 382.09
Saria 2006 11 12 316 17.98 35.39 21.96 -999 0 3.05 -999 382.09
Saria 2006 11 13 317 17.73 35.03 22.572 -999 0 2.86 -999 382.09
Saria 2006 11 14 318 17.17 35.78 22.356 -999 0 2.7 -999 382.09
Saria 2006 11 15 319 19.35 34.62 21.816 -999 0 3.38 -999 382.09
Saria 2006 11 16 320 17.06 35.65 22.716 -999 0 3.44 -999 382.09
Saria 2006 11 17 321 17.05 35.45 19.98 -999 0 3.35 -999 382.09
Saria 2006 11 18 322 17.41 35.45 20.088 -999 0 2.81 -999 382.09
Saria 2006 11 19 323 18.24 34.38 20.412 -999 0 3.41 -999 382.09
Saria 2006 11 20 324 15.57 34.05 20.808 -999 0 3.34 -999 382.09
Saria 2006 11 21 325 14.75 33.87 21.996 -999 0 2.88 -999 382.09
Saria 2006 11 22 326 13.01 33.25 22.284 -999 0 2.66 -999 382.09
Saria 2006 11 23 327 12.92 33.7 21.744 -999 0 2.59 -999 382.09
Saria 2006 11 24 328 13.28 34.34 21.744 -999 0 2.74 -999 382.09
Saria 2006 11 25 329 13.62 34.82 21.528 -999 0 2.94 -999 382.09
Saria 2006 11 26 330 14.1 34.25 22.392 -999 0 3.23 -999 382.09
Saria 2006 11 27 331 14.41 33.58 21.456 -999 0 3.16 -999 382.09
Saria 2006 11 28 332 14.28 34.37 18.216 -999 0 3.41 -999 382.09
Saria 2006 11 29 333 14.52 33.92 21.96 -999 0 3.32 -999 382.09
Saria 2006 11 30 334 13.35 33.53 20.484 -999 0 3.02 -999 382.09
Saria 2006 12 1 335 13.31 33.47 20.196 -999 0 2.43 -999 382.09
Saria 2006 12 2 336 14 33.15 20.808 -999 0 3.19 -999 382.09
Saria 2006 12 3 337 15.12 32.03 14.544 -999 0 3.62 -999 382.09
Saria 2006 12 4 338 16.8 28.34 15.696 -999 0 3.65 -999 382.09
Saria 2006 12 5 339 14.36 32.04 17.964 -999 0 3.45 -999 382.09
Saria 2006 12 6 340 13.85 30.87 19.476 -999 0 3.02 -999 382.09
Saria 2006 12 7 341 14.09 32.15 21.024 -999 0 3.26 -999 382.09
Saria 2006 12 8 342 12.84 31.55 20.88 -999 0 3.52 -999 382.09
Saria 2006 12 9 343 11.8 32.67 20.916 -999 0 3.09 -999 382.09
Saria 2006 12 10 344 13.11 34.1 21.06 -999 0 2.78 -999 382.09
Saria 2006 12 11 345 15.83 35.23 20.412 -999 0 2.91 -999 382.09
Saria 2006 12 12 346 16.5 35.02 16.308 -999 0 2.61 -999 382.09
Saria 2006 12 13 347 17.13 32.12 14.832 -999 0 2.87 -999 382.09
Saria 2006 12 14 348 17.25 32.19 14.292 -999 0 2.58 -999 382.09
Saria 2006 12 15 349 16.78 34 19.044 -999 0 3.04 -999 382.09
Saria 2006 12 16 350 15.01 35.65 20.34 -999 0 3.49 -999 382.09
Saria 2006 12 17 351 15.97 33.94 19.476 -999 0 3.77 -999 382.09
Saria 2006 12 18 352 14.68 33.52 19.728 -999 0 3.21 -999 382.09
Saria 2006 12 19 353 13.87 33.86 20.592 -999 0 2.7 -999 382.09
Saria 2006 12 20 354 15.41 34.23 21.132 -999 0 3.23 -999 382.09
Saria 2006 12 21 355 14.8 34.87 21.132 -999 0 3.42 -999 382.09
Saria 2006 12 22 356 15.38 34.12 21.924 -999 0 3.68 -999 382.09
Saria 2006 12 23 357 14.87 34.37 22.464 -999 0 3.15 -999 382.09
Saria 2006 12 24 358 13.61 33.8 21.42 -999 0 3.59 -999 382.09
Saria 2006 12 25 359 12.44 33.47 22.608 -999 0 3.12 -999 382.09
Saria 2006 12 26 360 12.33 32.62 22.176 -999 0 3.05 -999 382.09
Saria 2006 12 27 361 11.76 32.57 22.32 -999 0 2.94 -999 382.09
Saria 2006 12 28 362 14.05 31.15 22.176 -999 0 3.4 -999 382.09
Saria 2006 12 29 363 13.42 31.46 16.812 -999 0 3.21 -999 382.09
Saria 2006 12 30 364 13.11 29.75 15.588 -999 0 2.98 -999 382.09
Saria 2006 12 31 365 13.17 28.46 15.192 -999 0 3.59 -999 382.09
