Saria 2015 1 1 1 10.48 29.71 22.428 -999 0 3.53 -999 401.01
Saria 2015 1 2 2 12.05 30.15 19.368 -999 0 3.74 -999 401.01
Saria 2015 1 3 3 14.36 31.2 20.844 -999 0 4.23 -999 401.01
Saria 2015 1 4 4 13.24 30.02 19.332 -999 0 3.98 -999 401.01
Saria 2015 1 5 5 12.88 29.95 20.52 -999 0 3.88 -999 401.01
Saria 2015 1 6 6 12.01 29.98 20.988 -999 0 3.73 -999 401.01
Saria 2015 1 7 7 11.88 30.5 21.816 -999 0 3.64 -999 401.01
Saria 2015 1 8 8 12.2 31.04 19.98 -999 0 3.79 -999 401.01
Saria 2015 1 9 9 13.65 29.89 14.22 -999 0 4.23 -999 401.01
Saria 2015 1 10 10 12.73 27.51 14.832 -999 0 4.35 -999 401.01
Saria 2015 1 11 11 10.87 29.13 15.192 -999 0 4.09 -999 401.01
Saria 2015 1 12 12 12.45 28.81 14.832 -999 0 3.99 -999 401.01
Saria 2015 1 13 13 10.78 27.06 16.776 -999 0 3.99 -999 401.01
Saria 2015 1 14 14 10.44 30.65 19.584 -999 0 3.5 -999 401.01
Saria 2015 1 15 15 12.15 31.23 19.692 -999 0 3.65 -999 401.01
Saria 2015 1 16 16 14.15 31.97 19.152 -999 0 3.31 -999 401.01
Saria 2015 1 17 17 14.34 33.45 19.008 -999 0 2.95 -999 401.01
Saria 2015 1 18 18 13.25 33.28 20.088 -999 0 3.1 -999 401.01
Saria 2015 1 19 19 13.9 33.38 21.78 -999 0 3.24 -999 401.01
Saria 2015 1 20 20 14.26 34.73 20.448 -999 0 2.45 -999 401.01
Saria 2015 1 21 21 14.43 35.44 20.808 -999 0 2.55 -999 401.01
Saria 2015 1 22 22 16.68 32.85 18.756 -999 0 3.14 -999 401.01
Saria 2015 1 23 23 17.9 34 21.744 -999 0 3.49 -999 401.01
Saria 2015 1 24 24 15.76 35.65 21.276 -999 0 3.12 -999 401.01
Saria 2015 1 25 25 16.33 35.84 21.816 -999 0 2.93 -999 401.01
Saria 2015 1 26 26 15.94 35.52 22.464 -999 0 3.58 -999 401.01
Saria 2015 1 27 27 15.47 34.62 23.328 -999 0 4.01 -999 401.01
Saria 2015 1 28 28 14.26 33.69 23.868 -999 0 4.3 -999 401.01
Saria 2015 1 29 29 14.05 34.19 23.58 -999 0 3.63 -999 401.01
Saria 2015 1 30 30 14.37 34.89 23.472 -999 0 2.92 -999 401.01
Saria 2015 1 31 31 15.01 36.84 23.148 -999 0 2.51 -999 401.01
Saria 2015 2 1 32 15.89 37.59 22.176 -999 0 2.55 -999 401.01
Saria 2015 2 2 33 16.3 37.67 24.012 -999 0 2.91 -999 401.01
Saria 2015 2 3 34 17.38 38.9 24.048 -999 0 2.75 -999 401.01
Saria 2015 2 4 35 17.87 39.6 24.156 -999 0 2.84 -999 401.01
Saria 2015 2 5 36 18.06 38.17 23.112 -999 0 3.3 -999 401.01
Saria 2015 2 6 37 18.52 38.76 23.148 -999 0 3.78 -999 401.01
Saria 2015 2 7 38 19.3 39.7 24.948 -999 0 3.66 -999 401.01
Saria 2015 2 8 39 19.54 40.36 24.66 -999 0 3.82 -999 401.01
Saria 2015 2 9 40 19.96 39.95 22.644 -999 0 3.4 -999 401.01
Saria 2015 2 10 41 18.93 39.83 22.248 -999 0 2.99 -999 401.01
Saria 2015 2 11 42 20.8 40.13 19.44 -999 0 3.24 -999 401.01
Saria 2015 2 12 43 19.63 37.06 17.82 -999 0 3.19 -999 401.01
Saria 2015 2 13 44 23.33 37.95 16.884 -999 0 2.29 -999 401.01
Saria 2015 2 14 45 20.73 37.9 21.6 -999 0 2.79 -999 401.01
Saria 2015 2 15 46 20.97 38.69 22.536 -999 0 2.2 -999 401.01
Saria 2015 2 16 47 20.58 36.3 21.024 -999 0 3.59 -999 401.01
Saria 2015 2 17 48 18.29 36.98 22.608 -999 0 3.05 -999 401.01
Saria 2015 2 18 49 18.18 38.13 24.516 -999 0 2.08 -999 401.01
Saria 2015 2 19 50 18.83 38 22.356 -999 4.47 2.63 -999 401.01
Saria 2015 2 20 51 24 33.58 12.816 -999 0.87 1.13 -999 401.01
Saria 2015 2 21 52 22.31 30.76 10.296 -999 0.02 1.46 -999 401.01
Saria 2015 2 22 53 20.44 33.56 15.588 -999 0 3.29 -999 401.01
Saria 2015 2 23 54 17.01 33.94 23.904 -999 0 3.66 -999 401.01
Saria 2015 2 24 55 17.14 34.71 24.084 -999 0 4.1 -999 401.01
Saria 2015 2 25 56 16.75 36.48 25.92 -999 0 3.58 -999 401.01
Saria 2015 2 26 57 16.64 34.7 25.56 -999 0 4.52 -999 401.01
Saria 2015 2 27 58 16.01 33.63 23.472 -999 0 4.68 -999 401.01
Saria 2015 2 28 59 14.85 35.4 24.048 -999 0 3.82 -999 401.01
Saria 2015 3 1 60 16.88 34.66 24.768 -999 0 4.59 -999 401.01
Saria 2015 3 2 61 17.05 35.64 26.928 -999 0 4.25 -999 401.01
Saria 2015 3 3 62 16.37 36.69 26.316 -999 0 3.83 -999 401.01
Saria 2015 3 4 63 18.94 37.13 24.048 -999 0 4.22 -999 401.01
Saria 2015 3 5 64 20.9 37.98 21.456 -999 0 3.71 -999 401.01
Saria 2015 3 6 65 20.52 38.58 21.024 -999 0 3.95 -999 401.01
Saria 2015 3 7 66 19.6 39.19 24.444 -999 0 3.35 -999 401.01
Saria 2015 3 8 67 19.3 39.02 26.172 -999 0 3.4 -999 401.01
Saria 2015 3 9 68 19.32 39.97 25.74 -999 0 3.25 -999 401.01
Saria 2015 3 10 69 20.67 40.26 26.352 -999 0 3.59 -999 401.01
Saria 2015 3 11 70 20.57 40.64 22.86 -999 0 4.02 -999 401.01
Saria 2015 3 12 71 21.74 37.75 19.152 -999 0 3.46 -999 401.01
Saria 2015 3 13 72 21.24 39.62 22.788 -999 0.03 3.98 -999 401.01
Saria 2015 3 14 73 19.65 39.84 20.52 -999 0 2.54 -999 401.01
Saria 2015 3 15 74 22.21 39.63 10.656 -999 0 2.35 -999 401.01
Saria 2015 3 16 75 23.83 39.11 20.052 -999 0 2.07 -999 401.01
Saria 2015 3 17 76 22.82 39.82 15.372 -999 0 3.26 -999 401.01
Saria 2015 3 18 77 27.7 37.01 12.276 -999 0 3.35 -999 401.01
Saria 2015 3 19 78 26.22 34.61 11.664 -999 0 3.23 -999 401.01
Saria 2015 3 20 79 23.22 37.56 19.8 -999 0 4.2 -999 401.01
Saria 2015 3 21 80 24.31 40.16 18.648 -999 0.72 2.02 -999 401.01
Saria 2015 3 22 81 26.13 35.44 15.84 -999 7.47 3 -999 401.01
Saria 2015 3 23 82 26.23 36.12 18.036 -999 3.93 3.07 -999 401.01
Saria 2015 3 24 83 25.01 38.39 22.104 -999 0.01 2.62 -999 401.01
Saria 2015 3 25 84 21.27 37.82 19.224 -999 0 2.38 -999 401.01
Saria 2015 3 26 85 21.93 37.48 24.768 -999 0.29 1.82 -999 401.01
Saria 2015 3 27 86 20.22 38.72 24.156 -999 0 3.41 -999 401.01
Saria 2015 3 28 87 20.51 37.83 25.524 -999 0 4.38 -999 401.01
Saria 2015 3 29 88 17.83 37.26 27.108 -999 0 3.7 -999 401.01
Saria 2015 3 30 89 16.82 37.8 27.684 -999 0 2.88 -999 401.01
Saria 2015 3 31 90 17.23 38.45 27.54 -999 0 3.44 -999 401.01
Saria 2015 4 1 91 20.94 38.13 23.256 -999 0.05 3.63 -999 401.01
Saria 2015 4 2 92 25 38.65 22.788 -999 0 3.14 -999 401.01
Saria 2015 4 3 93 21.95 40.08 26.532 -999 0 3.7 -999 401.01
Saria 2015 4 4 94 20.83 40.38 25.704 -999 0 2.94 -999 401.01
Saria 2015 4 5 95 24.26 40.78 25.704 -999 0 1.27 -999 401.01
Saria 2015 4 6 96 25.07 39.42 21.384 -999 0 2.44 -999 401.01
Saria 2015 4 7 97 25.8 40.55 23.292 -999 0 1.62 -999 401.01
Saria 2015 4 8 98 24.74 40.98 19.188 -999 0 2.77 -999 401.01
Saria 2015 4 9 99 23.88 41.77 24.192 -999 0 3.29 -999 401.01
Saria 2015 4 10 100 21.71 41.64 23.328 -999 0 3.01 -999 401.01
Saria 2015 4 11 101 23.83 41.73 23.58 -999 0 2.38 -999 401.01
Saria 2015 4 12 102 28.33 38.83 16.848 -999 0.18 2.99 -999 401.01
Saria 2015 4 13 103 25.55 38.44 14.724 -999 0.05 3.35 -999 401.01
Saria 2015 4 14 104 22.3 39.28 18.972 -999 0 4.12 -999 401.01
Saria 2015 4 15 105 19.27 39.55 24.372 -999 0 4.02 -999 401.01
Saria 2015 4 16 106 18.48 39.69 26.028 -999 0 3.75 -999 401.01
Saria 2015 4 17 107 18.69 39.28 20.196 -999 0 3.48 -999 401.01
Saria 2015 4 18 108 19.76 39.35 21.204 -999 0 3.3 -999 401.01
Saria 2015 4 19 109 21.57 40.18 19.152 -999 0 3.11 -999 401.01
Saria 2015 4 20 110 23.27 40.73 18.252 -999 0 2.86 -999 401.01
Saria 2015 4 21 111 23.12 41.04 21.384 -999 0 2.87 -999 401.01
Saria 2015 4 22 112 22.72 41.57 24.012 -999 0 2.51 -999 401.01
Saria 2015 4 23 113 20.63 42.15 26.172 -999 0 2.59 -999 401.01
Saria 2015 4 24 114 22.19 42.37 21.996 -999 0 2.92 -999 401.01
Saria 2015 4 25 115 25.09 41.41 20.772 -999 0 2.43 -999 401.01
Saria 2015 4 26 116 25.98 39.92 20.628 -999 0 2.27 -999 401.01
Saria 2015 4 27 117 27.04 35.77 15.588 -999 0.01 2.41 -999 401.01
Saria 2015 4 28 118 26.62 41.49 23.4 -999 0 3.05 -999 401.01
Saria 2015 4 29 119 21.59 41.79 25.956 -999 0 3.39 -999 401.01
Saria 2015 4 30 120 22.4 42.4 24.336 -999 0 3.02 -999 401.01
Saria 2015 5 1 121 24.08 41.98 24.624 -999 0 2.63 -999 401.01
Saria 2015 5 2 122 27.4 42.32 23.508 -999 0 2.8 -999 401.01
Saria 2015 5 3 123 29.47 42.21 22.248 -999 0.01 2.8 -999 401.01
Saria 2015 5 4 124 29.4 41.3 17.712 -999 0.14 3.62 -999 401.01
Saria 2015 5 5 125 27.9 40.52 20.016 -999 0.01 3.2 -999 401.01
Saria 2015 5 6 126 27.96 40.94 21.024 -999 1.15 2.91 -999 401.01
Saria 2015 5 7 127 26.49 40.8 22.968 -999 7.14 2.67 -999 401.01
Saria 2015 5 8 128 28.04 41.47 23.4 -999 0.03 3.2 -999 401.01
Saria 2015 5 9 129 28.03 39.59 24.696 -999 5.8 4.47 -999 401.01
Saria 2015 5 10 130 25.86 39.54 23.724 -999 1.15 3.43 -999 401.01
Saria 2015 5 11 131 27.26 36.4 19.152 -999 0.09 3.05 -999 401.01
Saria 2015 5 12 132 25.85 40.99 22.788 -999 0 2.76 -999 401.01
Saria 2015 5 13 133 27.53 41.3 22.752 -999 0 2.75 -999 401.01
Saria 2015 5 14 134 25.62 42.71 25.092 -999 0 2.69 -999 401.01
Saria 2015 5 15 135 26.67 39.9 23.22 -999 1.32 4.33 -999 401.01
Saria 2015 5 16 136 25.94 39.75 23.4 -999 0.02 3.15 -999 401.01
Saria 2015 5 17 137 26.56 41.62 19.332 -999 0 2.45 -999 401.01
Saria 2015 5 18 138 29.48 41.08 19.98 -999 3.86 3.75 -999 401.01
Saria 2015 5 19 139 25.59 32.89 19.512 -999 5.37 3.35 -999 401.01
Saria 2015 5 20 140 25.46 39.55 22.896 -999 0.08 2.73 -999 401.01
Saria 2015 5 21 141 26.85 39.73 24.588 -999 0.75 2.1 -999 401.01
Saria 2015 5 22 142 27.97 41.86 20.412 -999 0.21 2.67 -999 401.01
Saria 2015 5 23 143 28.37 38.8 23.544 -999 2.14 4.52 -999 401.01
Saria 2015 5 24 144 26.9 35.33 21.24 -999 0.75 4.16 -999 401.01
Saria 2015 5 25 145 25.99 40.53 24.516 -999 0.02 2.59 -999 401.01
Saria 2015 5 26 146 27.19 41.62 24.588 -999 0 1.82 -999 401.01
Saria 2015 5 27 147 27.56 40.82 21.816 -999 0.01 3.12 -999 401.01
Saria 2015 5 28 148 28.15 39.16 22.032 -999 0.1 3.96 -999 401.01
Saria 2015 5 29 149 26.32 35.63 21.312 -999 8.55 2.88 -999 401.01
Saria 2015 5 30 150 26.47 40.79 22.104 -999 0 2.67 -999 401.01
Saria 2015 5 31 151 27.77 41.66 23.436 -999 0.14 3.66 -999 401.01
Saria 2015 6 1 152 28.15 37.22 21.42 -999 0.56 4.12 -999 401.01
Saria 2015 6 2 153 26.54 32.23 22.5 -999 24.57 3.07 -999 401.01
Saria 2015 6 3 154 24.9 29.42 8.1 -999 36.61 2.55 -999 401.01
Saria 2015 6 4 155 22.9 36.5 25.092 -999 0.5 2.08 -999 401.01
Saria 2015 6 5 156 23.81 38.1 21.6 -999 0.16 2.66 -999 401.01
Saria 2015 6 6 157 24.63 37.76 22.932 -999 0.22 3.16 -999 401.01
Saria 2015 6 7 158 25.65 37.26 22.284 -999 0.49 3.41 -999 401.01
Saria 2015 6 8 159 25 33.48 22.536 -999 10.97 3.25 -999 401.01
Saria 2015 6 9 160 25.15 34.94 17.064 -999 4.46 2.31 -999 401.01
Saria 2015 6 10 161 24.26 34.78 23.148 -999 7.56 2.45 -999 401.01
Saria 2015 6 11 162 23.83 34.28 19.26 -999 3.96 2.12 -999 401.01
Saria 2015 6 12 163 24.13 39.39 20.484 -999 0.07 2.56 -999 401.01
Saria 2015 6 13 164 25.43 38.6 21.528 -999 0.07 3.23 -999 401.01
Saria 2015 6 14 165 25.85 38.19 21.78 -999 2.27 3.28 -999 401.01
Saria 2015 6 15 166 25.33 35.06 23.976 -999 2.06 2.65 -999 401.01
Saria 2015 6 16 167 24.81 36.82 9.468 -999 3.97 2.63 -999 401.01
Saria 2015 6 17 168 25.01 39.25 24.084 -999 0.66 2 -999 401.01
Saria 2015 6 18 169 25.56 39.99 22.392 -999 0.01 2.66 -999 401.01
Saria 2015 6 19 170 27.15 35.76 20.844 -999 0.47 3.25 -999 401.01
Saria 2015 6 20 171 24.71 37.62 24.804 -999 6.64 1.95 -999 401.01
Saria 2015 6 21 172 25.36 39.44 24.156 -999 0.4 2.84 -999 401.01
Saria 2015 6 22 173 25.76 39.84 24.696 -999 0.1 3.36 -999 401.01
Saria 2015 6 23 174 25.6 39.08 24.768 -999 1.73 3.6 -999 401.01
Saria 2015 6 24 175 25.5 35.51 7.2 -999 7.79 2.75 -999 401.01
Saria 2015 6 25 176 25.29 36.95 20.448 -999 0.4 2.8 -999 401.01
Saria 2015 6 26 177 26.12 36.7 17.676 -999 2.7 2.88 -999 401.01
Saria 2015 6 27 178 25.27 32.05 21.996 -999 6.12 2.91 -999 401.01
Saria 2015 6 28 179 24.07 38.44 20.736 -999 0.47 1.97 -999 401.01
Saria 2015 6 29 180 25.14 38.62 23.256 -999 0.22 2.35 -999 401.01
Saria 2015 6 30 181 25.04 36.88 19.368 -999 3.86 1.6 -999 401.01
Saria 2015 7 1 182 24.56 38.93 19.08 -999 0.8 1.84 -999 401.01
Saria 2015 7 2 183 25.65 39.23 21.708 -999 0.28 2.48 -999 401.01
Saria 2015 7 3 184 26.87 36.83 23.904 -999 0.35 3.64 -999 401.01
Saria 2015 7 4 185 24.87 36.14 24.588 -999 0.06 2.45 -999 401.01
Saria 2015 7 5 186 25.34 37.71 23.472 -999 1.68 2.73 -999 401.01
Saria 2015 7 6 187 25.21 34.68 23.652 -999 3.49 1.7 -999 401.01
Saria 2015 7 7 188 24.53 34.47 22.392 -999 9.43 2.21 -999 401.01
Saria 2015 7 8 189 24.12 33.46 23.94 -999 18.51 1.23 -999 401.01
Saria 2015 7 9 190 24.4 32.85 20.304 -999 7.32 1.24 -999 401.01
Saria 2015 7 10 191 24.02 33.08 22.068 -999 1.79 1.52 -999 401.01
Saria 2015 7 11 192 23.7 34.52 23.256 -999 17.25 1.96 -999 401.01
Saria 2015 7 12 193 23.48 34.41 15.552 -999 18.73 2.22 -999 401.01
Saria 2015 7 13 194 23.37 34.01 19.8 -999 6.32 1.3 -999 401.01
Saria 2015 7 14 195 23.12 35.87 23.976 -999 1.37 2.32 -999 401.01
Saria 2015 7 15 196 23.76 33.05 15.372 -999 146.18 2.91 -999 401.01
Saria 2015 7 16 197 21.67 32.99 23.4 -999 8.14 2.58 -999 401.01
Saria 2015 7 17 198 22.73 32.73 21.204 -999 7.18 1.39 -999 401.01
Saria 2015 7 18 199 23.52 33.19 16.704 -999 3.98 1.88 -999 401.01
Saria 2015 7 19 200 23.61 35.04 24.012 -999 0.81 2.77 -999 401.01
Saria 2015 7 20 201 23.87 28.13 5.58 -999 11.45 3.04 -999 401.01
Saria 2015 7 21 202 23.2 30.4 16.38 -999 18.58 2.41 -999 401.01
Saria 2015 7 22 203 22.25 32.08 22.176 -999 1.77 2.21 -999 401.01
Saria 2015 7 23 204 22.27 33.45 22.968 -999 1.29 1.93 -999 401.01
Saria 2015 7 24 205 23.49 32.47 19.872 -999 5.79 2.17 -999 401.01
Saria 2015 7 25 206 23.19 33.6 22.932 -999 2.15 2.09 -999 401.01
Saria 2015 7 26 207 22.89 31.53 14.724 -999 1.61 1.56 -999 401.01
Saria 2015 7 27 208 22.93 32.94 22.212 -999 2.79 1.91 -999 401.01
Saria 2015 7 28 209 23.12 29.22 19.908 -999 38.19 1.75 -999 401.01
Saria 2015 7 29 210 21.65 30.94 23.544 -999 3.84 2.59 -999 401.01
Saria 2015 7 30 211 22.17 31.34 18.684 -999 10.95 2.06 -999 401.01
Saria 2015 7 31 212 22.86 30.83 22.644 -999 7.6 2.26 -999 401.01
Saria 2015 8 1 213 21.65 32.96 23.22 -999 5.6 1.87 -999 401.01
Saria 2015 8 2 214 23.31 30.4 9.468 -999 40.33 1.54 -999 401.01
Saria 2015 8 3 215 23.11 30.18 25.02 -999 5.77 1.55 -999 401.01
Saria 2015 8 4 216 22.43 28.73 21.744 -999 1.99 2.12 -999 401.01
Saria 2015 8 5 217 23.08 27.43 7.704 -999 15.86 1.77 -999 401.01
Saria 2015 8 6 218 21.96 31.37 19.656 -999 20.31 1.49 -999 401.01
Saria 2015 8 7 219 22.85 28.92 19.44 -999 7.7 1.75 -999 401.01
Saria 2015 8 8 220 22.81 27.74 14.94 -999 10.58 2.41 -999 401.01
Saria 2015 8 9 221 21.75 32.28 22.284 -999 12.18 1.1 -999 401.01
Saria 2015 8 10 222 23.13 27.88 9.396 -999 20.58 1.81 -999 401.01
Saria 2015 8 11 223 22.7 26.23 17.28 -999 16.03 2.05 -999 401.01
Saria 2015 8 12 224 21.66 30.95 15.984 -999 6.67 1.8 -999 401.01
Saria 2015 8 13 225 23 31.01 18.216 -999 3.49 1.33 -999 401.01
Saria 2015 8 14 226 23.57 30.86 17.928 -999 4.14 0.98 -999 401.01
Saria 2015 8 15 227 23.56 30.33 17.856 -999 4.94 1.16 -999 401.01
Saria 2015 8 16 228 22.47 29.9 22.752 -999 3.43 2.05 -999 401.01
Saria 2015 8 17 229 23.01 29.39 22.14 -999 6.58 1.77 -999 401.01
Saria 2015 8 18 230 22.91 30.44 17.028 -999 10.12 1.73 -999 401.01
Saria 2015 8 19 231 22.33 30.55 21.744 -999 2.37 1.55 -999 401.01
Saria 2015 8 20 232 22.98 29.59 12.6 -999 8.23 0.99 -999 401.01
Saria 2015 8 21 233 22.49 30.15 20.376 -999 17.62 1.76 -999 401.01
Saria 2015 8 22 234 22.55 28.87 13.68 -999 9.55 2.02 -999 401.01
Saria 2015 8 23 235 21.88 30.85 23.112 -999 3.32 1.73 -999 401.01
Saria 2015 8 24 236 22.53 30.55 23.04 -999 17.2 2.41 -999 401.01
Saria 2015 8 25 237 22.87 29.37 19.224 -999 9.3 1.92 -999 401.01
Saria 2015 8 26 238 22.69 28.94 17.316 -999 17.76 1.97 -999 401.01
Saria 2015 8 27 239 22.1 31.01 9.108 -999 6.82 1.58 -999 401.01
Saria 2015 8 28 240 22.26 32.57 23.976 -999 12.98 1.62 -999 401.01
Saria 2015 8 29 241 22.87 28.12 14.22 -999 8.74 1.66 -999 401.01
Saria 2015 8 30 242 21.96 29.14 18.972 -999 11.49 1.4 -999 401.01
Saria 2015 8 31 243 22.92 28.83 17.388 -999 7.69 2.23 -999 401.01
Saria 2015 9 1 244 22.06 29.63 16.164 -999 4.88 1.53 -999 401.01
Saria 2015 9 2 245 22.62 31.26 18.18 -999 0.63 1.49 -999 401.01
Saria 2015 9 3 246 22.27 31.91 20.088 -999 9.16 1.54 -999 401.01
Saria 2015 9 4 247 22.19 29.73 20.556 -999 22.77 1.85 -999 401.01
Saria 2015 9 5 248 22.24 31.71 14.148 -999 3.68 1.63 -999 401.01
Saria 2015 9 6 249 23.93 32.17 18.288 -999 13.82 1.18 -999 401.01
Saria 2015 9 7 250 22.23 31.8 24.228 -999 1.68 1.86 -999 401.01
Saria 2015 9 8 251 22.89 28.87 11.952 -999 2.8 1.59 -999 401.01
Saria 2015 9 9 252 22.9 31.68 22.68 -999 2.2 1.62 -999 401.01
Saria 2015 9 10 253 22.04 31.57 20.124 -999 4.41 1.16 -999 401.01
Saria 2015 9 11 254 22.49 33.07 23.904 -999 2.47 1.45 -999 401.01
Saria 2015 9 12 255 23.17 33.08 17.316 -999 6.29 1.47 -999 401.01
Saria 2015 9 13 256 23.23 30.52 22.572 -999 5.5 1.95 -999 401.01
Saria 2015 9 14 257 22.88 28.81 14.004 -999 2.95 1.67 -999 401.01
Saria 2015 9 15 258 22.55 29.73 19.944 -999 3.5 1.71 -999 401.01
Saria 2015 9 16 259 22.62 31.12 20.7 -999 7.78 2.17 -999 401.01
Saria 2015 9 17 260 22.59 29.9 20.988 -999 17.68 2.01 -999 401.01
Saria 2015 9 18 261 22.37 30.59 16.488 -999 13.87 1.37 -999 401.01
Saria 2015 9 19 262 21.32 31.26 19.08 -999 7.5 1.26 -999 401.01
Saria 2015 9 20 263 22.8 29.86 20.772 -999 6.71 1.43 -999 401.01
Saria 2015 9 21 264 23.72 29 20.808 -999 6.66 1.2 -999 401.01
Saria 2015 9 22 265 22.52 32.39 22.428 -999 4.17 1.22 -999 401.01
Saria 2015 9 23 266 22.91 30.94 22.464 -999 3.17 1.26 -999 401.01
Saria 2015 9 24 267 22.81 33.43 23.076 -999 0.86 1.28 -999 401.01
Saria 2015 9 25 268 23.91 30.86 18.468 -999 0.86 1.44 -999 401.01
Saria 2015 9 26 269 23.16 30.98 23.94 -999 2.82 1.6 -999 401.01
Saria 2015 9 27 270 23.03 31.33 23.004 -999 3.28 1.37 -999 401.01
Saria 2015 9 28 271 22.55 30.32 23.832 -999 1.45 1.21 -999 401.01
Saria 2015 9 29 272 22.71 31.73 23.184 -999 4.68 1.33 -999 401.01
Saria 2015 9 30 273 22.07 33.9 19.368 -999 12.21 1.57 -999 401.01
Saria 2015 10 1 274 22.92 33.42 23.472 -999 1.28 1.7 -999 401.01
Saria 2015 10 2 275 22.91 34.04 21.744 -999 0.91 1.49 -999 401.01
Saria 2015 10 3 276 23.85 32.26 18.828 -999 4.79 1.53 -999 401.01
Saria 2015 10 4 277 22.97 30.78 20.988 -999 4.8 1.66 -999 401.01
Saria 2015 10 5 278 22.72 30.76 17.316 -999 6.66 2.06 -999 401.01
Saria 2015 10 6 279 21.47 32.57 20.196 -999 5.09 1.73 -999 401.01
Saria 2015 10 7 280 22.24 32.25 21.204 -999 0.37 1.84 -999 401.01
Saria 2015 10 8 281 23.03 30.86 21.456 -999 2.47 2.17 -999 401.01
Saria 2015 10 9 282 22.63 32.8 22.608 -999 0.54 2.1 -999 401.01
Saria 2015 10 10 283 22.9 30.87 21.24 -999 0.66 1.75 -999 401.01
Saria 2015 10 11 284 22.28 32.61 23.04 -999 4.32 1.72 -999 401.01
Saria 2015 10 12 285 22.93 32.97 22.788 -999 5.85 1.2 -999 401.01
Saria 2015 10 13 286 23.36 32.59 21.888 -999 1.94 1.38 -999 401.01
Saria 2015 10 14 287 22.83 34.15 23.22 -999 0.04 1.94 -999 401.01
Saria 2015 10 15 288 22.81 35.02 24.192 -999 0.09 1.59 -999 401.01
Saria 2015 10 16 289 22.33 35.26 23.112 -999 0.37 1.46 -999 401.01
Saria 2015 10 17 290 22.66 35.51 23.328 -999 0.71 1.48 -999 401.01
Saria 2015 10 18 291 22.88 33.85 13.104 -999 10.44 1.73 -999 401.01
Saria 2015 10 19 292 22.19 35.12 22.536 -999 7.83 1.37 -999 401.01
Saria 2015 10 20 293 22.22 34.49 21.708 -999 0.04 1.62 -999 401.01
Saria 2015 10 21 294 22.92 32.96 20.124 -999 0.01 1.87 -999 401.01
Saria 2015 10 22 295 23.4 33.24 19.476 -999 0.23 1.85 -999 401.01
Saria 2015 10 23 296 23.33 34.73 23.22 -999 0.17 1.23 -999 401.01
Saria 2015 10 24 297 22.49 34.83 23.652 -999 0 1.55 -999 401.01
Saria 2015 10 25 298 22.15 34.8 22.68 -999 0.03 1.93 -999 401.01
Saria 2015 10 26 299 22.46 33.48 22.68 -999 0.85 2.17 -999 401.01
Saria 2015 10 27 300 22.8 31.9 22.356 -999 2.19 1.8 -999 401.01
Saria 2015 10 28 301 23.63 29.25 18.792 -999 1.37 1.86 -999 401.01
Saria 2015 10 29 302 22.48 32.98 21.204 -999 0.02 1.57 -999 401.01
Saria 2015 10 30 303 21.58 34.16 21.492 -999 0 1.55 -999 401.01
Saria 2015 10 31 304 21.73 34.22 20.844 -999 0.01 1.7 -999 401.01
Saria 2015 11 1 305 21.05 33.29 19.476 -999 6.13 1.75 -999 401.01
Saria 2015 11 2 306 21.82 32.94 19.44 -999 0.55 1.82 -999 401.01
Saria 2015 11 3 307 19.76 33.12 20.7 -999 0 2.55 -999 401.01
Saria 2015 11 4 308 16.97 32.51 22.5 -999 0 2.9 -999 401.01
Saria 2015 11 5 309 15.92 33.02 21.816 -999 0 2.54 -999 401.01
Saria 2015 11 6 310 14.44 31.68 20.628 -999 0 2.34 -999 401.01
Saria 2015 11 7 311 14.64 31.69 20.16 -999 0 2.64 -999 401.01
Saria 2015 11 8 312 17.22 32.19 17.892 -999 0 2.02 -999 401.01
Saria 2015 11 9 313 18.45 32.87 18.864 -999 0 1.95 -999 401.01
Saria 2015 11 10 314 19.01 33.73 20.628 -999 0 2.52 -999 401.01
Saria 2015 11 11 315 18.17 33.48 19.62 -999 0 2.6 -999 401.01
Saria 2015 11 12 316 17.68 33.03 20.088 -999 0 3.02 -999 401.01
Saria 2015 11 13 317 16.03 32.16 20.808 -999 0 3.16 -999 401.01
Saria 2015 11 14 318 14.86 32.2 22.068 -999 0 3.11 -999 401.01
Saria 2015 11 15 319 13.77 32.4 21.996 -999 0 2.59 -999 401.01
Saria 2015 11 16 320 14.19 32.54 21.852 -999 0 2.76 -999 401.01
Saria 2015 11 17 321 15.57 32.98 20.592 -999 0 2.8 -999 401.01
Saria 2015 11 18 322 14.97 32.33 19.908 -999 0 3.02 -999 401.01
Saria 2015 11 19 323 14.21 32.66 20.268 -999 0 2.95 -999 401.01
Saria 2015 11 20 324 14.73 32 18.792 -999 0 3.16 -999 401.01
Saria 2015 11 21 325 15.33 29.83 15.156 -999 0 3.21 -999 401.01
Saria 2015 11 22 326 14.54 32.7 21.276 -999 0 1.95 -999 401.01
Saria 2015 11 23 327 16.62 32.39 21.492 -999 0 1.45 -999 401.01
Saria 2015 11 24 328 17.58 33.51 20.556 -999 0 2.41 -999 401.01
Saria 2015 11 25 329 16.44 32.95 21.672 -999 0 2.84 -999 401.01
Saria 2015 11 26 330 15.67 33.96 20.808 -999 0 2.48 -999 401.01
Saria 2015 11 27 331 15.12 33.8 21.816 -999 0 2.4 -999 401.01
Saria 2015 11 28 332 14.45 32.97 21.204 -999 0 2.71 -999 401.01
Saria 2015 11 29 333 13.9 33.19 21.996 -999 0 2.88 -999 401.01
Saria 2015 11 30 334 12.98 33.04 20.592 -999 0 2.83 -999 401.01
Saria 2015 12 1 335 12.84 32.47 21.276 -999 0 3.6 -999 401.01
Saria 2015 12 2 336 13.04 29.35 18.972 -999 0 3.68 -999 401.01
Saria 2015 12 3 337 13.68 27.8 13.248 -999 0 3.36 -999 401.01
Saria 2015 12 4 338 12.02 28.05 15.156 -999 0 3.62 -999 401.01
Saria 2015 12 5 339 11.01 28.01 17.784 -999 0 3.47 -999 401.01
Saria 2015 12 6 340 11.19 28.29 17.64 -999 0 3.14 -999 401.01
Saria 2015 12 7 341 12.13 26.76 15.552 -999 0 3.25 -999 401.01
Saria 2015 12 8 342 13.22 28.93 17.82 -999 0 3.27 -999 401.01
Saria 2015 12 9 343 11.95 28.84 20.124 -999 0 3.1 -999 401.01
Saria 2015 12 10 344 11.1 29.1 19.872 -999 0 3.09 -999 401.01
Saria 2015 12 11 345 12.3 29.01 15.552 -999 0 3.32 -999 401.01
Saria 2015 12 12 346 11.49 29.15 18.828 -999 0 3.35 -999 401.01
Saria 2015 12 13 347 10.69 28.71 19.116 -999 0 3.51 -999 401.01
Saria 2015 12 14 348 9.71 28.31 17.892 -999 0 3.49 -999 401.01
Saria 2015 12 15 349 10.87 27.55 16.956 -999 0 3.48 -999 401.01
Saria 2015 12 16 350 11.62 29.81 20.988 -999 0 3.61 -999 401.01
Saria 2015 12 17 351 10.89 28.92 21.096 -999 0 3.53 -999 401.01
Saria 2015 12 18 352 10.3 27.68 21.96 -999 0 3.85 -999 401.01
Saria 2015 12 19 353 9.35 27.39 19.764 -999 0 3.69 -999 401.01
Saria 2015 12 20 354 9.9 27.8 20.844 -999 0 3.81 -999 401.01
Saria 2015 12 21 355 11.01 28.05 17.208 -999 0 3.52 -999 401.01
Saria 2015 12 22 356 13.15 26.17 14.184 -999 0 3.43 -999 401.01
Saria 2015 12 23 357 13.73 28.58 17.496 -999 0 3.65 -999 401.01
Saria 2015 12 24 358 13.01 27.99 16.524 -999 0 3.89 -999 401.01
Saria 2015 12 25 359 11.87 26.81 15.768 -999 0 4.27 -999 401.01
Saria 2015 12 26 360 10.53 27.41 18.828 -999 0 3.73 -999 401.01
Saria 2015 12 27 361 9.26 28.36 19.476 -999 0 3.83 -999 401.01
Saria 2015 12 28 362 9.87 29.21 18.288 -999 0 3.43 -999 401.01
Saria 2015 12 29 363 11.11 28.13 17.244 -999 0 3.49 -999 401.01
Saria 2015 12 30 364 11.82 29.48 19.692 -999 0 3.28 -999 401.01
Saria 2015 12 31 365 11.57 29.8 15.84 -999 0 3.46 -999 401.01
