Saria 2016 1 1 1 13.18 29.56 20.304 -999 0 3.77 -999 404.41
Saria 2016 1 2 2 11.65 28.87 17.28 -999 0 3.84 -999 404.41
Saria 2016 1 3 3 11.8 28.43 16.92 -999 0 3.92 -999 404.41
Saria 2016 1 4 4 13.03 26.83 15.012 -999 0 3.62 -999 404.41
Saria 2016 1 5 5 12.7 23.03 12.528 -999 0 2.8 -999 404.41
Saria 2016 1 6 6 12.66 25.64 12.276 -999 0 3.79 -999 404.41
Saria 2016 1 7 7 13.25 28.44 10.44 -999 0 3.66 -999 404.41
Saria 2016 1 8 8 15.24 27.69 16.812 -999 0.03 3.01 -999 404.41
Saria 2016 1 9 9 15.99 29.32 18.18 -999 0 2.99 -999 404.41
Saria 2016 1 10 10 15.28 31.87 14.148 -999 0 3.84 -999 404.41
Saria 2016 1 11 11 14.32 34.15 20.556 -999 0 3.79 -999 404.41
Saria 2016 1 12 12 14.58 33.73 22.248 -999 0 4.04 -999 404.41
Saria 2016 1 13 13 13.23 32.65 21.996 -999 0 3.83 -999 404.41
Saria 2016 1 14 14 11.93 31.72 20.52 -999 0 3.44 -999 404.41
Saria 2016 1 15 15 12.2 32.23 20.772 -999 0 3.39 -999 404.41
Saria 2016 1 16 16 12.76 30.63 20.592 -999 0 3.51 -999 404.41
Saria 2016 1 17 17 13.74 32.9 20.412 -999 0 3.59 -999 404.41
Saria 2016 1 18 18 13.05 33.48 19.512 -999 0 3.34 -999 404.41
Saria 2016 1 19 19 12.87 32.88 16.092 -999 0 3.24 -999 404.41
Saria 2016 1 20 20 13.38 33.51 21.096 -999 0 3.78 -999 404.41
Saria 2016 1 21 21 13.67 32.3 18.684 -999 0 4.03 -999 404.41
Saria 2016 1 22 22 14.65 32.93 18.504 -999 0 4.08 -999 404.41
Saria 2016 1 23 23 14.08 31.01 15.768 -999 0 3.86 -999 404.41
Saria 2016 1 24 24 16.05 30.33 17.532 -999 0 4.91 -999 404.41
Saria 2016 1 25 25 13.22 30.52 19.152 -999 0 3.88 -999 404.41
Saria 2016 1 26 26 14.44 29.91 14.76 -999 0 4.12 -999 404.41
Saria 2016 1 27 27 14.71 30.47 19.476 -999 0 4.25 -999 404.41
Saria 2016 1 28 28 14.51 29.04 16.02 -999 0 4.16 -999 404.41
Saria 2016 1 29 29 12.47 28.5 18.432 -999 0 3.91 -999 404.41
Saria 2016 1 30 30 12.58 29.94 18.9 -999 0 3.69 -999 404.41
Saria 2016 1 31 31 12.83 29.99 19.404 -999 0 3.5 -999 404.41
Saria 2016 2 1 32 11.64 31.06 20.484 -999 0 3.41 -999 404.41
Saria 2016 2 2 33 11.97 30.69 22.14 -999 0 3.27 -999 404.41
Saria 2016 2 3 34 11.46 32.15 20.7 -999 0 3.25 -999 404.41
Saria 2016 2 4 35 13.73 31.49 14.976 -999 0 3.38 -999 404.41
Saria 2016 2 5 36 14.19 32.9 18.18 -999 0 3.09 -999 404.41
Saria 2016 2 6 37 15.16 33.42 20.772 -999 0 3.8 -999 404.41
Saria 2016 2 7 38 13.87 32.16 20.34 -999 0 4.36 -999 404.41
Saria 2016 2 8 39 13.45 32.89 23.076 -999 0 3.99 -999 404.41
Saria 2016 2 9 40 12.87 32.37 21.168 -999 0 3.84 -999 404.41
Saria 2016 2 10 41 12.55 32.51 23.868 -999 0 4.07 -999 404.41
Saria 2016 2 11 42 12.68 32.01 23.688 -999 0 3.55 -999 404.41
Saria 2016 2 12 43 13.02 32.76 20.16 -999 0 3.56 -999 404.41
Saria 2016 2 13 44 12.3 32.93 22.356 -999 0 3.42 -999 404.41
Saria 2016 2 14 45 12.06 34.11 22.428 -999 0 2.88 -999 404.41
Saria 2016 2 15 46 15.42 29.82 16.344 -999 0 2.26 -999 404.41
Saria 2016 2 16 47 18.99 30.58 7.2 -999 0 1.55 -999 404.41
Saria 2016 2 17 48 17.37 32.97 20.088 -999 0 2.59 -999 404.41
Saria 2016 2 18 49 16.36 36.2 23.436 -999 0 3.78 -999 404.41
Saria 2016 2 19 50 16.43 37.4 24.336 -999 0 2.6 -999 404.41
Saria 2016 2 20 51 18.21 37.81 22.14 -999 0 3.71 -999 404.41
Saria 2016 2 21 52 17.3 36.87 16.38 -999 0 4.05 -999 404.41
Saria 2016 2 22 53 18.25 37.48 16.92 -999 0 4.05 -999 404.41
Saria 2016 2 23 54 17.74 36.44 17.856 -999 0 3.73 -999 404.41
Saria 2016 2 24 55 17.44 37.32 18.036 -999 0 3.88 -999 404.41
Saria 2016 2 25 56 16.33 36.62 21.672 -999 0 2.95 -999 404.41
Saria 2016 2 26 57 15.23 37.38 22.5 -999 0 2.51 -999 404.41
Saria 2016 2 27 58 15.62 38.29 24.372 -999 0 2.24 -999 404.41
Saria 2016 2 28 59 15.31 38.27 24.624 -999 0 2.11 -999 404.41
Saria 2016 2 29 60 17.3 37.56 22.824 -999 0 3.22 -999 404.41
Saria 2016 3 1 61 18.68 38.88 20.052 -999 0 3.3 -999 404.41
Saria 2016 3 2 62 21.08 38.81 24.408 -999 0 3.97 -999 404.41
Saria 2016 3 3 63 18.35 39.38 25.128 -999 0 3.02 -999 404.41
Saria 2016 3 4 64 18.17 39.21 24.516 -999 0 2.51 -999 404.41
Saria 2016 3 5 65 18.39 39.38 24.012 -999 0 3.18 -999 404.41
Saria 2016 3 6 66 18.31 37.06 25.38 -999 0 2.94 -999 404.41
Saria 2016 3 7 67 18.31 39.34 25.272 -999 0 3.57 -999 404.41
Saria 2016 3 8 68 21.05 39.45 24.084 -999 0 3.08 -999 404.41
Saria 2016 3 9 69 21.7 40.21 23.58 -999 0 3.6 -999 404.41
Saria 2016 3 10 70 22.67 39.75 22.932 -999 0 3.54 -999 404.41
Saria 2016 3 11 71 21.93 38.7 23.724 -999 2.24 2.04 -999 404.41
Saria 2016 3 12 72 26.3 38.73 22.572 -999 1.08 4.23 -999 404.41
Saria 2016 3 13 73 26.67 39.21 24.228 -999 0.26 2.53 -999 404.41
Saria 2016 3 14 74 25.58 39.08 17.532 -999 0.26 2.79 -999 404.41
Saria 2016 3 15 75 24.55 39.38 24.408 -999 0.1 2.52 -999 404.41
Saria 2016 3 16 76 22.1 39.26 25.02 -999 0 2.8 -999 404.41
Saria 2016 3 17 77 20.38 39.27 25.92 -999 0 2.6 -999 404.41
Saria 2016 3 18 78 19.83 39.34 23.94 -999 0 2.29 -999 404.41
Saria 2016 3 19 79 22.34 39.22 24.948 -999 0.07 1.45 -999 404.41
Saria 2016 3 20 80 25.82 39.23 24.336 -999 1.46 2.88 -999 404.41
Saria 2016 3 21 81 25.34 41.18 22.428 -999 0 1.78 -999 404.41
Saria 2016 3 22 82 25.24 41.83 24.444 -999 0 2.33 -999 404.41
Saria 2016 3 23 83 24.4 40.48 24.984 -999 0 3.17 -999 404.41
Saria 2016 3 24 84 22.16 39.7 21.492 -999 0 2.47 -999 404.41
Saria 2016 3 25 85 22.79 37.72 20.556 -999 0 3.69 -999 404.41
Saria 2016 3 26 86 21.33 37.73 26.1 -999 0 3 -999 404.41
Saria 2016 3 27 87 21.14 39.25 25.848 -999 0 2.71 -999 404.41
Saria 2016 3 28 88 20.37 40.91 26.532 -999 0 2.55 -999 404.41
Saria 2016 3 29 89 20.99 41.66 25.236 -999 0 2.31 -999 404.41
Saria 2016 3 30 90 22.2 42.23 23.076 -999 0 2.34 -999 404.41
Saria 2016 3 31 91 26.13 41.42 21.564 -999 0.61 3.56 -999 404.41
Saria 2016 4 1 92 28 41.01 24.084 -999 0.06 3.31 -999 404.41
Saria 2016 4 2 93 25.35 40.77 19.152 -999 0 2.11 -999 404.41
Saria 2016 4 3 94 26.05 41.55 22.32 -999 0 2.16 -999 404.41
Saria 2016 4 4 95 25.44 42.59 24.876 -999 0 1.49 -999 404.41
Saria 2016 4 5 96 27.11 41.82 18.432 -999 0 3.01 -999 404.41
Saria 2016 4 6 97 24.56 41.99 24.588 -999 0 2.3 -999 404.41
Saria 2016 4 7 98 24.52 41.76 21.96 -999 0.58 2.09 -999 404.41
Saria 2016 4 8 99 26.36 33.32 19.44 -999 42.12 2.45 -999 404.41
Saria 2016 4 9 100 25.12 35.84 10.728 -999 4.62 2.24 -999 404.41
Saria 2016 4 10 101 24.6 31.89 21.492 -999 1.23 2.26 -999 404.41
Saria 2016 4 11 102 25.85 38.12 21.672 -999 0.02 1.49 -999 404.41
Saria 2016 4 12 103 24.92 41.94 25.812 -999 0 2.76 -999 404.41
Saria 2016 4 13 104 24.8 42.19 26.028 -999 0 3.13 -999 404.41
Saria 2016 4 14 105 23.37 42.44 26.424 -999 0 2.44 -999 404.41
Saria 2016 4 15 106 24.41 40.94 22.68 -999 0 1.75 -999 404.41
Saria 2016 4 16 107 27.15 40.94 24.732 -999 0 2.66 -999 404.41
Saria 2016 4 17 108 24.54 41.56 24.624 -999 0 2.12 -999 404.41
Saria 2016 4 18 109 23.89 41.15 26.532 -999 0 1.81 -999 404.41
Saria 2016 4 19 110 24.28 41.01 27.36 -999 0 1.86 -999 404.41
Saria 2016 4 20 111 23.73 41.94 25.596 -999 0.01 1.87 -999 404.41
Saria 2016 4 21 112 27.28 41.19 23.976 -999 0 3.05 -999 404.41
Saria 2016 4 22 113 26.64 41.47 22.968 -999 0 2.4 -999 404.41
Saria 2016 4 23 114 26.77 42.22 26.244 -999 0 2.55 -999 404.41
Saria 2016 4 24 115 26.5 41.59 26.352 -999 0 1.95 -999 404.41
Saria 2016 4 25 116 28.99 41.26 24.264 -999 0.03 2.9 -999 404.41
Saria 2016 4 26 117 28.23 41.62 22.608 -999 3.45 3.38 -999 404.41
Saria 2016 4 27 118 26.91 37.31 18.864 -999 11.4 3.9 -999 404.41
Saria 2016 4 28 119 25.61 40.4 19.512 -999 0.68 2.88 -999 404.41
Saria 2016 4 29 120 26.71 41.45 24.84 -999 0.03 2.85 -999 404.41
Saria 2016 4 30 121 27.64 42.06 24.444 -999 0 3.09 -999 404.41
Saria 2016 5 1 122 27.62 42.4 25.128 -999 0 2.94 -999 404.41
Saria 2016 5 2 123 27.56 42.02 25.308 -999 0 2.16 -999 404.41
Saria 2016 5 3 124 29.46 42.17 24.768 -999 0 3.11 -999 404.41
Saria 2016 5 4 125 29.58 41.15 23.832 -999 0.11 4.05 -999 404.41
Saria 2016 5 5 126 29.19 41.01 24.012 -999 0.16 3.35 -999 404.41
Saria 2016 5 6 127 28.82 41.59 21.528 -999 0.01 2.62 -999 404.41
Saria 2016 5 7 128 28.56 38.96 11.88 -999 1.88 3.16 -999 404.41
Saria 2016 5 8 129 26.25 41.05 23.904 -999 0.1 2.64 -999 404.41
Saria 2016 5 9 130 27.67 41.15 24.624 -999 0.14 3.08 -999 404.41
Saria 2016 5 10 131 28.05 40.71 22.068 -999 0.03 2.76 -999 404.41
Saria 2016 5 11 132 28.55 40.23 16.2 -999 0.19 2.56 -999 404.41
Saria 2016 5 12 133 28.19 39.68 20.412 -999 0.76 3.8 -999 404.41
Saria 2016 5 13 134 27.76 39.86 18.72 -999 0.94 4.11 -999 404.41
Saria 2016 5 14 135 25.93 30.17 14.76 -999 12.74 3.46 -999 404.41
Saria 2016 5 15 136 24.7 39.01 24.48 -999 0.16 2.72 -999 404.41
Saria 2016 5 16 137 26.34 40.31 25.236 -999 0.01 3.22 -999 404.41
Saria 2016 5 17 138 26.31 38.82 24.588 -999 0.04 3.27 -999 404.41
Saria 2016 5 18 139 26.86 38.34 24.12 -999 0.09 3.9 -999 404.41
Saria 2016 5 19 140 26.47 38.51 25.668 -999 0.77 2.79 -999 404.41
Saria 2016 5 20 141 26.64 37.05 14.4 -999 2.87 2.78 -999 404.41
Saria 2016 5 21 142 24.63 40.9 23.868 -999 0 2.41 -999 404.41
Saria 2016 5 22 143 25.43 42.37 24.588 -999 0 3.01 -999 404.41
Saria 2016 5 23 144 25.21 38.62 22.464 -999 0.02 3.33 -999 404.41
Saria 2016 5 24 145 25.9 33.82 22.104 -999 3.44 3.08 -999 404.41
Saria 2016 5 25 146 24.53 31.59 23.22 -999 3.6 2.89 -999 404.41
Saria 2016 5 26 147 24.3 38.81 24.012 -999 0.94 2.07 -999 404.41
Saria 2016 5 27 148 25.85 41.39 18.828 -999 0 2.39 -999 404.41
Saria 2016 5 28 149 26.95 38.12 17.388 -999 4.73 4.36 -999 404.41
Saria 2016 5 29 150 25.83 37.61 19.98 -999 4.83 3.41 -999 404.41
Saria 2016 5 30 151 24.49 38.66 23.508 -999 0.04 3.62 -999 404.41
Saria 2016 5 31 152 24.34 39.26 25.884 -999 2.8 3.3 -999 404.41
Saria 2016 6 1 153 25.08 40.32 26.136 -999 0 3.11 -999 404.41
Saria 2016 6 2 154 26.06 40.69 26.352 -999 0.13 3.42 -999 404.41
Saria 2016 6 3 155 26.55 39.98 25.488 -999 2.54 3.2 -999 404.41
Saria 2016 6 4 156 24.62 38.12 24.012 -999 43.11 2.33 -999 404.41
Saria 2016 6 5 157 25.71 39.43 14.76 -999 0 2.23 -999 404.41
Saria 2016 6 6 158 26.38 39.9 16.236 -999 0 2.49 -999 404.41
Saria 2016 6 7 159 26.87 40.04 23.832 -999 0.1 3.04 -999 404.41
Saria 2016 6 8 160 26.48 41.05 25.056 -999 0.01 3.16 -999 404.41
Saria 2016 6 9 161 26.75 37.71 9.216 -999 2.17 2.86 -999 404.41
Saria 2016 6 10 162 24.68 31.43 11.7 -999 24.42 3.61 -999 404.41
Saria 2016 6 11 163 23.82 33.69 22.392 -999 1.57 2.21 -999 404.41
Saria 2016 6 12 164 24.25 37.19 19.44 -999 1.93 2.3 -999 404.41
Saria 2016 6 13 165 25.07 34.65 21.708 -999 5.67 3.34 -999 404.41
Saria 2016 6 14 166 24.51 34.51 21.132 -999 9.12 3.95 -999 404.41
Saria 2016 6 15 167 24.77 34.01 14.148 -999 6.38 2.8 -999 404.41
Saria 2016 6 16 168 24.12 31.16 19.908 -999 4.94 2.95 -999 404.41
Saria 2016 6 17 169 23 32.35 16.848 -999 0.52 2.17 -999 404.41
Saria 2016 6 18 170 22.81 35.77 24.12 -999 0.53 2.22 -999 404.41
Saria 2016 6 19 171 24.29 39.61 20.34 -999 0.04 4.08 -999 404.41
Saria 2016 6 20 172 24.79 36.07 18.936 -999 0.2 5.82 -999 404.41
Saria 2016 6 21 173 24.01 32.34 17.784 -999 11.24 4.14 -999 404.41
Saria 2016 6 22 174 22.23 33.05 22.572 -999 10.17 2.78 -999 404.41
Saria 2016 6 23 175 22.09 35.44 22.716 -999 4.07 2.05 -999 404.41
Saria 2016 6 24 176 23.66 33.9 19.44 -999 1.77 1.71 -999 404.41
Saria 2016 6 25 177 23.92 29.31 20.124 -999 9.56 2.19 -999 404.41
Saria 2016 6 26 178 23 34.02 24.084 -999 4.18 1.7 -999 404.41
Saria 2016 6 27 179 23.47 32.64 24.408 -999 9.52 1.95 -999 404.41
Saria 2016 6 28 180 23.18 34.05 18.396 -999 4.59 2.18 -999 404.41
Saria 2016 6 29 181 22.85 32.67 20.268 -999 2.06 1.96 -999 404.41
Saria 2016 6 30 182 23.41 32.23 22.5 -999 1.21 2.42 -999 404.41
Saria 2016 7 1 183 23.73 32.69 22.824 -999 3.82 2.43 -999 404.41
Saria 2016 7 2 184 23.3 34.29 22.788 -999 3.88 2.24 -999 404.41
Saria 2016 7 3 185 23.8 32 19.944 -999 2.17 1.78 -999 404.41
Saria 2016 7 4 186 23.05 31.21 22.392 -999 23.51 2.86 -999 404.41
Saria 2016 7 5 187 22.76 31.85 21.096 -999 8.88 3.07 -999 404.41
Saria 2016 7 6 188 23.37 31.05 15.912 -999 4.66 2.7 -999 404.41
Saria 2016 7 7 189 22.75 35.93 23.472 -999 1.31 2.03 -999 404.41
Saria 2016 7 8 190 23.37 34.8 23.544 -999 2.74 3 -999 404.41
Saria 2016 7 9 191 24.59 32.69 18.396 -999 3.16 3.64 -999 404.41
Saria 2016 7 10 192 23.93 33.07 21.06 -999 3.17 3.81 -999 404.41
Saria 2016 7 11 193 23.29 28.64 14.364 -999 23.88 2.94 -999 404.41
Saria 2016 7 12 194 22.38 30.52 19.8 -999 13.88 2.17 -999 404.41
Saria 2016 7 13 195 22.3 32.72 24.336 -999 5.64 2.31 -999 404.41
Saria 2016 7 14 196 22.39 33.83 22.464 -999 0.32 2.12 -999 404.41
Saria 2016 7 15 197 22.1 35.21 23.904 -999 0.11 2.39 -999 404.41
Saria 2016 7 16 198 22.82 33.83 20.304 -999 11.99 3.27 -999 404.41
Saria 2016 7 17 199 23.01 28.76 12.672 -999 18.36 2.53 -999 404.41
Saria 2016 7 18 200 22.59 29.55 15.192 -999 28.26 2.35 -999 404.41
Saria 2016 7 19 201 22.41 30.36 18.216 -999 17.57 1.38 -999 404.41
Saria 2016 7 20 202 22.89 28.8 4.608 -999 20.02 1.43 -999 404.41
Saria 2016 7 21 203 21.94 27.11 19.26 -999 24.59 3.13 -999 404.41
Saria 2016 7 22 204 20.18 31.21 20.016 -999 4.59 2.55 -999 404.41
Saria 2016 7 23 205 21.9 30.12 16.992 -999 4.85 1.45 -999 404.41
Saria 2016 7 24 206 22.19 27.18 15.444 -999 18.01 1.71 -999 404.41
Saria 2016 7 25 207 21.28 31.05 19.08 -999 10.26 1.23 -999 404.41
Saria 2016 7 26 208 22.51 30.05 22.896 -999 4.26 1.37 -999 404.41
Saria 2016 7 27 209 22.48 30.72 24.12 -999 9.01 2.15 -999 404.41
Saria 2016 7 28 210 22.17 29.85 21.78 -999 13.36 1.74 -999 404.41
Saria 2016 7 29 211 22.13 31.89 20.016 -999 8.15 1.53 -999 404.41
Saria 2016 7 30 212 22.17 31.44 20.844 -999 3.05 1.53 -999 404.41
Saria 2016 7 31 213 23.08 30.9 22.464 -999 2.46 2.41 -999 404.41
Saria 2016 8 1 214 22.23 32 23.832 -999 1.64 1.97 -999 404.41
Saria 2016 8 2 215 22.85 31.12 23.22 -999 3.37 2.59 -999 404.41
Saria 2016 8 3 216 22.47 28.64 10.368 -999 6.54 1.72 -999 404.41
Saria 2016 8 4 217 21.41 31.69 23.076 -999 15.13 1.46 -999 404.41
Saria 2016 8 5 218 21.73 32.33 24.66 -999 2.35 1.93 -999 404.41
Saria 2016 8 6 219 23.37 31.64 16.272 -999 4.49 3.08 -999 404.41
Saria 2016 8 7 220 23.33 30.51 22.068 -999 5.08 2.69 -999 404.41
Saria 2016 8 8 221 21.79 31.8 22.932 -999 4.13 1.8 -999 404.41
Saria 2016 8 9 222 22.61 29.02 9.36 -999 11.6 2 -999 404.41
Saria 2016 8 10 223 22.51 28.55 17.64 -999 23.94 1.98 -999 404.41
Saria 2016 8 11 224 21.58 29.7 15.696 -999 12.26 1.14 -999 404.41
Saria 2016 8 12 225 23.78 33.32 8.676 -999 5.44 1.09 -999 404.41
Saria 2016 8 13 226 22.8 31.61 16.272 -999 2.57 1.73 -999 404.41
Saria 2016 8 14 227 22.13 31.57 21.996 -999 2.65 1.99 -999 404.41
Saria 2016 8 15 228 22.73 29.33 13.536 -999 19.23 1.62 -999 404.41
Saria 2016 8 16 229 22.2 30.64 17.712 -999 8.19 1.16 -999 404.41
Saria 2016 8 17 230 22.44 30.98 16.02 -999 13.52 1.73 -999 404.41
Saria 2016 8 18 231 22.38 28.12 11.124 -999 12.78 1.97 -999 404.41
Saria 2016 8 19 232 20.37 32.63 22.536 -999 4.48 1.5 -999 404.41
Saria 2016 8 20 233 21.87 33.62 24.264 -999 1.03 1.27 -999 404.41
Saria 2016 8 21 234 23.29 30.14 22.896 -999 7.45 2.18 -999 404.41
Saria 2016 8 22 235 23.4 32.69 18.828 -999 0.5 1.86 -999 404.41
Saria 2016 8 23 236 23.21 30.71 19.224 -999 13.43 1.64 -999 404.41
Saria 2016 8 24 237 21.87 30.46 22.284 -999 3.68 1.44 -999 404.41
Saria 2016 8 25 238 21.74 31.71 23.184 -999 3.05 1.64 -999 404.41
Saria 2016 8 26 239 22.11 31.07 21.24 -999 9.26 2.02 -999 404.41
Saria 2016 8 27 240 22.66 28.09 9.756 -999 11.06 1.78 -999 404.41
Saria 2016 8 28 241 21.69 27.19 11.988 -999 20.94 1.91 -999 404.41
Saria 2016 8 29 242 21.87 28.87 21.852 -999 12.45 1.65 -999 404.41
Saria 2016 8 30 243 22.88 32.38 22.716 -999 10.24 0.63 -999 404.41
Saria 2016 8 31 244 23.02 29.54 15.408 -999 7.52 1.4 -999 404.41
Saria 2016 9 1 245 21.97 30.77 24.12 -999 6.43 1.2 -999 404.41
Saria 2016 9 2 246 20.75 31.94 13.932 -999 4.03 1.55 -999 404.41
Saria 2016 9 3 247 22.41 32.22 23.076 -999 1.02 1.42 -999 404.41
Saria 2016 9 4 248 21.94 32.77 23.328 -999 7.54 1.7 -999 404.41
Saria 2016 9 5 249 22.49 32.46 23.04 -999 3.99 1.95 -999 404.41
Saria 2016 9 6 250 22.35 32.35 20.736 -999 0.32 1.49 -999 404.41
Saria 2016 9 7 251 23.23 34.25 24.984 -999 0.41 1.49 -999 404.41
Saria 2016 9 8 252 22.55 32.47 20.772 -999 5.32 1.34 -999 404.41
Saria 2016 9 9 253 23.49 30.45 21.852 -999 15.41 1.58 -999 404.41
Saria 2016 9 10 254 22.8 28.71 18 -999 2.25 1.07 -999 404.41
Saria 2016 9 11 255 22.12 29.45 22.428 -999 0.33 1.26 -999 404.41
Saria 2016 9 12 256 21.6 32.92 25.38 -999 0.44 1.16 -999 404.41
Saria 2016 9 13 257 22.41 31.56 6.192 -999 4.84 1.97 -999 404.41
Saria 2016 9 14 258 21.69 30.79 23.436 -999 8.45 1.55 -999 404.41
Saria 2016 9 15 259 22.35 28.17 16.92 -999 8.22 1.9 -999 404.41
Saria 2016 9 16 260 21.27 31.67 23.112 -999 7.14 1.76 -999 404.41
Saria 2016 9 17 261 21.96 32.79 24.588 -999 1.96 1.38 -999 404.41
Saria 2016 9 18 262 22.63 28.24 21.348 -999 4.9 1.84 -999 404.41
Saria 2016 9 19 263 20.96 32.21 24.516 -999 0.7 1.5 -999 404.41
Saria 2016 9 20 264 22.2 30.63 12.42 -999 6.92 1.28 -999 404.41
Saria 2016 9 21 265 22.31 31.37 20.124 -999 2.65 1.66 -999 404.41
Saria 2016 9 22 266 22.58 31.73 19.944 -999 2.8 1.3 -999 404.41
Saria 2016 9 23 267 22.66 29.45 15.372 -999 17.09 1.29 -999 404.41
Saria 2016 9 24 268 22.74 33.23 16.74 -999 3.05 1.09 -999 404.41
Saria 2016 9 25 269 22.46 31.4 18.576 -999 0.12 1.71 -999 404.41
Saria 2016 9 26 270 21.97 30.98 7.416 -999 0.53 2.35 -999 404.41
Saria 2016 9 27 271 21.13 33.94 24.228 -999 0.21 1.18 -999 404.41
Saria 2016 9 28 272 21.12 34.57 24.48 -999 0.05 1.64 -999 404.41
Saria 2016 9 29 273 21.71 34.23 24.66 -999 0.17 1.88 -999 404.41
Saria 2016 9 30 274 22.41 34.4 21.708 -999 12.72 1.48 -999 404.41
Saria 2016 10 1 275 22.66 35.07 22.572 -999 0.32 1.48 -999 404.41
Saria 2016 10 2 276 22.59 34.17 22.716 -999 1.2 1.78 -999 404.41
Saria 2016 10 3 277 21.83 34.48 20.412 -999 0.2 1.77 -999 404.41
Saria 2016 10 4 278 22.33 34.7 22.14 -999 0.19 1.63 -999 404.41
Saria 2016 10 5 279 22.4 34.37 22.248 -999 0.56 1.55 -999 404.41
Saria 2016 10 6 280 22.08 34.73 22.752 -999 1.95 1.51 -999 404.41
Saria 2016 10 7 281 21.59 35.9 22.824 -999 0 1.92 -999 404.41
Saria 2016 10 8 282 23.32 33.26 16.74 -999 0.54 2.23 -999 404.41
Saria 2016 10 9 283 23.45 32.73 19.98 -999 0.78 2 -999 404.41
Saria 2016 10 10 284 22.17 34.42 23.22 -999 0 1.44 -999 404.41
Saria 2016 10 11 285 22 35.46 22.68 -999 0 1.45 -999 404.41
Saria 2016 10 12 286 22.69 35.71 22.14 -999 0.37 1.89 -999 404.41
Saria 2016 10 13 287 22.71 35.5 22.644 -999 0.05 1.63 -999 404.41
Saria 2016 10 14 288 22.98 33.83 19.476 -999 2.81 1.8 -999 404.41
Saria 2016 10 15 289 25.13 35.54 23.292 -999 4.34 1.06 -999 404.41
Saria 2016 10 16 290 22.45 35.57 24.084 -999 0.11 1.68 -999 404.41
Saria 2016 10 17 291 22.13 36.44 24.228 -999 0 1.88 -999 404.41
Saria 2016 10 18 292 22.37 34.99 23.148 -999 0 1.71 -999 404.41
Saria 2016 10 19 293 23.24 33.26 21.816 -999 0.64 1.63 -999 404.41
Saria 2016 10 20 294 22.5 34.3 20.7 -999 0.01 1.69 -999 404.41
Saria 2016 10 21 295 23.31 35 18.828 -999 0 1.48 -999 404.41
Saria 2016 10 22 296 22.62 33.34 19.728 -999 6.44 1.29 -999 404.41
Saria 2016 10 23 297 21.99 35.23 21.816 -999 0 1.99 -999 404.41
Saria 2016 10 24 298 20.1 35.72 23.22 -999 0 1.95 -999 404.41
Saria 2016 10 25 299 18.31 35.44 23.472 -999 0 2.12 -999 404.41
Saria 2016 10 26 300 18.25 34.81 21.888 -999 0 2.12 -999 404.41
Saria 2016 10 27 301 18.94 34.73 20.916 -999 0 2.09 -999 404.41
Saria 2016 10 28 302 18.51 33.25 16.488 -999 0 2.15 -999 404.41
Saria 2016 10 29 303 19.42 34.06 19.332 -999 0.01 1.59 -999 404.41
Saria 2016 10 30 304 20.08 34.08 19.476 -999 0 1.41 -999 404.41
Saria 2016 10 31 305 21.83 33.57 16.74 -999 0.25 1.3 -999 404.41
Saria 2016 11 1 306 21.98 34.94 20.376 -999 0 1.95 -999 404.41
Saria 2016 11 2 307 21.99 35.09 21.132 -999 0 1.27 -999 404.41
Saria 2016 11 3 308 23.48 36.12 20.124 -999 0 1.73 -999 404.41
Saria 2016 11 4 309 22.65 31.35 17.712 -999 0.04 1.91 -999 404.41
Saria 2016 11 5 310 18.94 31.51 15.156 -999 0 2.34 -999 404.41
Saria 2016 11 6 311 16.55 33.41 18.9 -999 0 2.3 -999 404.41
Saria 2016 11 7 312 19.19 33.76 19.62 -999 0 2.07 -999 404.41
Saria 2016 11 8 313 17.7 32.71 19.512 -999 0 2.24 -999 404.41
Saria 2016 11 9 314 14.58 33.89 20.808 -999 0 2.76 -999 404.41
Saria 2016 11 10 315 14.15 34.1 22.356 -999 0 2.63 -999 404.41
Saria 2016 11 11 316 17.24 34.48 22.284 -999 0 1.84 -999 404.41
Saria 2016 11 12 317 16.03 34.08 20.052 -999 0 2.27 -999 404.41
Saria 2016 11 13 318 18.25 34.03 20.916 -999 0 1.9 -999 404.41
Saria 2016 11 14 319 19.12 34.41 19.944 -999 0 2.91 -999 404.41
Saria 2016 11 15 320 15.73 34 17.46 -999 0 2.63 -999 404.41
Saria 2016 11 16 321 17.23 34.5 21.168 -999 0 2.8 -999 404.41
Saria 2016 11 17 322 15.58 34.99 21.816 -999 0 2.48 -999 404.41
Saria 2016 11 18 323 16.84 35.55 20.736 -999 0 2.29 -999 404.41
Saria 2016 11 19 324 18.54 35.75 19.512 -999 0 2.28 -999 404.41
Saria 2016 11 20 325 17.75 35.47 17.892 -999 0 2.58 -999 404.41
Saria 2016 11 21 326 17.19 34.46 20.952 -999 0 3.19 -999 404.41
Saria 2016 11 22 327 16.46 35.12 20.736 -999 0 2.29 -999 404.41
Saria 2016 11 23 328 18.62 35.72 21.06 -999 0 2.11 -999 404.41
Saria 2016 11 24 329 21.92 36.58 20.376 -999 0 2.08 -999 404.41
Saria 2016 11 25 330 18.06 33.26 19.152 -999 0 3.09 -999 404.41
Saria 2016 11 26 331 18.46 35.4 18.612 -999 0 2.41 -999 404.41
Saria 2016 11 27 332 20.51 36.27 19.584 -999 0 2.08 -999 404.41
Saria 2016 11 28 333 20.38 36.14 15.66 -999 0 2.03 -999 404.41
Saria 2016 11 29 334 21.34 35.46 19.62 -999 0 2.19 -999 404.41
Saria 2016 11 30 335 20.81 36.6 17.352 -999 0 2.8 -999 404.41
Saria 2016 12 1 336 17.34 36.03 21.744 -999 0 3.6 -999 404.41
Saria 2016 12 2 337 16.85 36.12 21.744 -999 0 3.3 -999 404.41
Saria 2016 12 3 338 17.14 34.8 21.672 -999 0 3.6 -999 404.41
Saria 2016 12 4 339 15.26 34.32 21.384 -999 0 2.55 -999 404.41
Saria 2016 12 5 340 17.06 34.87 20.376 -999 0 2.52 -999 404.41
Saria 2016 12 6 341 18.03 35.03 19.872 -999 0 2.69 -999 404.41
Saria 2016 12 7 342 17.23 35.1 21.132 -999 0 2.8 -999 404.41
Saria 2016 12 8 343 16.79 34.83 21.168 -999 0 3.16 -999 404.41
Saria 2016 12 9 344 15.79 34.25 18.036 -999 0 3.38 -999 404.41
Saria 2016 12 10 345 17 31.94 16.884 -999 0 3.61 -999 404.41
Saria 2016 12 11 346 15.79 33.14 18.36 -999 0 3.09 -999 404.41
Saria 2016 12 12 347 16.23 33.61 15.804 -999 0 2.72 -999 404.41
Saria 2016 12 13 348 19.08 28.29 8.712 -999 0 2.94 -999 404.41
Saria 2016 12 14 349 16.37 26.93 17.244 -999 0 3 -999 404.41
Saria 2016 12 15 350 14.61 33.11 20.16 -999 0 3.14 -999 404.41
Saria 2016 12 16 351 15.14 32.34 17.964 -999 0 3.12 -999 404.41
Saria 2016 12 17 352 15.24 33.42 19.008 -999 0 2.73 -999 404.41
Saria 2016 12 18 353 16.65 34.68 11.304 -999 0 2.53 -999 404.41
Saria 2016 12 19 354 18.2 34.13 20.016 -999 0 3.02 -999 404.41
Saria 2016 12 20 355 15.58 34.51 20.268 -999 0 3.24 -999 404.41
Saria 2016 12 21 356 14.28 34.07 19.656 -999 0 3.31 -999 404.41
Saria 2016 12 22 357 14.04 33.58 18 -999 0 3.13 -999 404.41
Saria 2016 12 23 358 13.96 34.17 21.42 -999 0 3.54 -999 404.41
Saria 2016 12 24 359 14.77 33.82 21.888 -999 0 3.87 -999 404.41
Saria 2016 12 25 360 14.42 32.26 18.612 -999 0 3.68 -999 404.41
Saria 2016 12 26 361 14.83 31.12 18.252 -999 0 4.07 -999 404.41
Saria 2016 12 27 362 13.68 30.6 19.476 -999 0 3.84 -999 404.41
Saria 2016 12 28 363 13.06 31.23 18.864 -999 0 3.27 -999 404.41
Saria 2016 12 29 364 15.58 32.26 18.612 -999 0 3.43 -999 404.41
Saria 2016 12 30 365 15.73 32.83 20.592 -999 0 3.32 -999 404.41
Saria 2016 12 31 366 14.93 32.04 21.492 -999 0 3.55 -999 404.41
