Saria 2002 1 1 1 17.73 35.32 19.512 -999 0 3.6 -999 373.45
Saria 2002 1 2 2 16.51 33.5 18.612 -999 0 3.54 -999 373.45
Saria 2002 1 3 3 16.51 32.32 18.36 -999 0 3.38 -999 373.45
Saria 2002 1 4 4 16.1 33.26 20.16 -999 0 3.14 -999 373.45
Saria 2002 1 5 5 16.43 33.44 17.244 -999 0 3.27 -999 373.45
Saria 2002 1 6 6 17.34 34.44 17.532 -999 0 2.77 -999 373.45
Saria 2002 1 7 7 17.08 31.5 17.424 -999 0 2.98 -999 373.45
Saria 2002 1 8 8 19.41 30.57 16.524 -999 0 3.24 -999 373.45
Saria 2002 1 9 9 19 32.54 12.924 -999 0 4.23 -999 373.45
Saria 2002 1 10 10 16.75 33.05 20.196 -999 0 4.66 -999 373.45
Saria 2002 1 11 11 17.05 30.06 16.236 -999 0 4.47 -999 373.45
Saria 2002 1 12 12 16.84 28.84 18 -999 0 4.28 -999 373.45
Saria 2002 1 13 13 16.33 29.41 14.652 -999 0 3.77 -999 373.45
Saria 2002 1 14 14 14.67 30.06 16.488 -999 0 3.68 -999 373.45
Saria 2002 1 15 15 14.42 31.54 19.116 -999 0 3.42 -999 373.45
Saria 2002 1 16 16 15.07 32.91 21.348 -999 0 3.69 -999 373.45
Saria 2002 1 17 17 15.56 33.89 19.836 -999 0 3.1 -999 373.45
Saria 2002 1 18 18 16.06 33.81 20.124 -999 0 3.39 -999 373.45
Saria 2002 1 19 19 16.89 34.49 21.636 -999 0 3.8 -999 373.45
Saria 2002 1 20 20 16.6 34.65 21.924 -999 0 4.56 -999 373.45
Saria 2002 1 21 21 16.58 35.19 21.852 -999 0 4.58 -999 373.45
Saria 2002 1 22 22 16.61 35.48 19.944 -999 0 3.93 -999 373.45
Saria 2002 1 23 23 17.83 34.65 20.484 -999 0 3.92 -999 373.45
Saria 2002 1 24 24 17.85 34.78 20.448 -999 0 3.66 -999 373.45
Saria 2002 1 25 25 17.19 34.29 19.8 -999 0 3.95 -999 373.45
Saria 2002 1 26 26 16.55 33.59 18.972 -999 0 4.37 -999 373.45
Saria 2002 1 27 27 15.99 33.37 22.788 -999 0 4.69 -999 373.45
Saria 2002 1 28 28 15.37 32.62 20.52 -999 0 4.53 -999 373.45
Saria 2002 1 29 29 15.42 33.37 18.396 -999 0 4.23 -999 373.45
Saria 2002 1 30 30 17.69 33.71 17.1 -999 0 3.98 -999 373.45
Saria 2002 1 31 31 16.93 29.7 16.452 -999 0 4.02 -999 373.45
Saria 2002 2 1 32 16.58 32.87 21.888 -999 0 4.22 -999 373.45
Saria 2002 2 2 33 16.02 33.99 20.268 -999 0 3.52 -999 373.45
Saria 2002 2 3 34 16.63 34.98 19.728 -999 0 3.57 -999 373.45
Saria 2002 2 4 35 17.16 36.09 21.816 -999 0 3.54 -999 373.45
Saria 2002 2 5 36 17.19 35.31 21.564 -999 0 3.77 -999 373.45
Saria 2002 2 6 37 15.58 34.27 22.392 -999 0 3.59 -999 373.45
Saria 2002 2 7 38 16.09 35.51 22.392 -999 0 3.38 -999 373.45
Saria 2002 2 8 39 17.5 35.81 23.58 -999 0 3.7 -999 373.45
Saria 2002 2 9 40 15.6 33.96 23.76 -999 0 3.76 -999 373.45
Saria 2002 2 10 41 15.35 33.44 18.144 -999 0 3.66 -999 373.45
Saria 2002 2 11 42 16.76 32.58 19.62 -999 0 4.02 -999 373.45
Saria 2002 2 12 43 15.41 33.76 21.384 -999 0 3.43 -999 373.45
Saria 2002 2 13 44 16.19 34.87 20.592 -999 0 3.27 -999 373.45
Saria 2002 2 14 45 16.48 35.97 21.42 -999 0 2.9 -999 373.45
Saria 2002 2 15 46 16.74 36.38 21.42 -999 0 3.45 -999 373.45
Saria 2002 2 16 47 17.41 37.36 21.636 -999 0 3.09 -999 373.45
Saria 2002 2 17 48 17.37 38.15 21.888 -999 0 2.81 -999 373.45
Saria 2002 2 18 49 18.06 38.87 20.844 -999 0 2.89 -999 373.45
Saria 2002 2 19 50 19.11 39.86 23.364 -999 0 3.51 -999 373.45
Saria 2002 2 20 51 19.51 39.28 22.68 -999 0 3.84 -999 373.45
Saria 2002 2 21 52 18.67 39.02 23.508 -999 0 3.3 -999 373.45
Saria 2002 2 22 53 18.8 39.53 25.344 -999 0 3.39 -999 373.45
Saria 2002 2 23 54 19.67 39.3 24.444 -999 0 3.88 -999 373.45
Saria 2002 2 24 55 20.37 39.61 24.012 -999 0 4.09 -999 373.45
Saria 2002 2 25 56 20.51 38.07 23.436 -999 0 4.72 -999 373.45
Saria 2002 2 26 57 18.73 36.3 21.924 -999 0 3.87 -999 373.45
Saria 2002 2 27 58 17.28 36.9 25.2 -999 0 3.55 -999 373.45
Saria 2002 2 28 59 17.6 37.5 20.736 -999 0 1.77 -999 373.45
Saria 2002 3 1 60 17.76 36.63 23.868 -999 0 1.91 -999 373.45
Saria 2002 3 2 61 19.19 39.67 21.852 -999 0 2.67 -999 373.45
Saria 2002 3 3 62 22.76 39.21 19.908 -999 0 3.24 -999 373.45
Saria 2002 3 4 63 21.76 40.05 21.024 -999 0 3.62 -999 373.45
Saria 2002 3 5 64 20.66 40.8 25.596 -999 0 2.85 -999 373.45
Saria 2002 3 6 65 20.73 40.35 23.4 -999 0.01 1.7 -999 373.45
Saria 2002 3 7 66 21.18 40.43 24.66 -999 0 2.56 -999 373.45
Saria 2002 3 8 67 20.86 40.49 24.3 -999 0 2.62 -999 373.45
Saria 2002 3 9 68 19.33 39.49 24.84 -999 0 2.52 -999 373.45
Saria 2002 3 10 69 18.86 38.18 25.236 -999 0 2.64 -999 373.45
Saria 2002 3 11 70 20.36 39.1 25.2 -999 0 2.53 -999 373.45
Saria 2002 3 12 71 23.46 40.58 23.544 -999 0 2.45 -999 373.45
Saria 2002 3 13 72 21.23 41.93 24.264 -999 0 2.77 -999 373.45
Saria 2002 3 14 73 21.8 41.84 22.608 -999 0 2.55 -999 373.45
Saria 2002 3 15 74 22.83 42.72 22.14 -999 0 3.41 -999 373.45
Saria 2002 3 16 75 21.58 42.19 23.292 -999 0 3.08 -999 373.45
Saria 2002 3 17 76 22.27 40.61 23.94 -999 0 3.85 -999 373.45
Saria 2002 3 18 77 21.67 39.5 19.944 -999 0 3.56 -999 373.45
Saria 2002 3 19 78 20.66 39.89 23.688 -999 0 3.2 -999 373.45
Saria 2002 3 20 79 22.71 39.55 21.312 -999 0 4.34 -999 373.45
Saria 2002 3 21 80 23.28 39.73 22.068 -999 0 4.19 -999 373.45
Saria 2002 3 22 81 24.83 38.54 19.692 -999 0 3.54 -999 373.45
Saria 2002 3 23 82 21.33 39.69 18.9 -999 0 2.38 -999 373.45
Saria 2002 3 24 83 22.33 40.01 18.684 -999 0 2.27 -999 373.45
Saria 2002 3 25 84 25.02 39.24 20.736 -999 0 1.77 -999 373.45
Saria 2002 3 26 85 23.35 41.21 22.824 -999 0 2.32 -999 373.45
Saria 2002 3 27 86 22.85 41.5 22.968 -999 0 2.23 -999 373.45
Saria 2002 3 28 87 24.44 41.42 24.228 -999 0 1.45 -999 373.45
Saria 2002 3 29 88 27.65 40.94 21.852 -999 0 3.41 -999 373.45
Saria 2002 3 30 89 25.52 42.45 23.328 -999 0 3.48 -999 373.45
Saria 2002 3 31 90 22.54 42.77 23.724 -999 0 3.52 -999 373.45
Saria 2002 4 1 91 22.81 42.11 22.068 -999 0.02 2.48 -999 373.45
Saria 2002 4 2 92 24.24 43.41 23.76 -999 0.02 2.82 -999 373.45
Saria 2002 4 3 93 25.47 43.08 22.824 -999 0 2.74 -999 373.45
Saria 2002 4 4 94 26.3 41.12 22.752 -999 1.49 3.43 -999 373.45
Saria 2002 4 5 95 28.46 39.97 19.656 -999 1.18 3.04 -999 373.45
Saria 2002 4 6 96 28.6 40.11 20.52 -999 3.98 2.53 -999 373.45
Saria 2002 4 7 97 28.48 36.83 20.268 -999 0.05 2.09 -999 373.45
Saria 2002 4 8 98 26.94 39.6 19.512 -999 0.53 1.68 -999 373.45
Saria 2002 4 9 99 26.9 40.9 23.328 -999 0.02 3.3 -999 373.45
Saria 2002 4 10 100 26.12 42.24 14.508 -999 0 2.77 -999 373.45
Saria 2002 4 11 101 25.37 40.99 16.56 -999 2.01 3.94 -999 373.45
Saria 2002 4 12 102 27.1 39.23 19.08 -999 4.45 3.27 -999 373.45
Saria 2002 4 13 103 27.83 37.68 17.172 -999 1.55 1.77 -999 373.45
Saria 2002 4 14 104 26.3 40.36 20.772 -999 0 1.94 -999 373.45
Saria 2002 4 15 105 28.1 39.7 21.888 -999 0.4 2.41 -999 373.45
Saria 2002 4 16 106 26.1 39.93 21.06 -999 0.01 2.05 -999 373.45
Saria 2002 4 17 107 24.57 41.2 24.084 -999 0 2.47 -999 373.45
Saria 2002 4 18 108 23.06 41.95 24.48 -999 0.03 2.66 -999 373.45
Saria 2002 4 19 109 23.08 36.92 24.228 -999 0.09 1.76 -999 373.45
Saria 2002 4 20 110 24.17 40.91 24.552 -999 0 1.88 -999 373.45
Saria 2002 4 21 111 24.39 41.69 23.976 -999 0.7 1.46 -999 373.45
Saria 2002 4 22 112 24.14 41.71 24.372 -999 0.35 1.82 -999 373.45
Saria 2002 4 23 113 24.76 42.23 25.884 -999 0 2.52 -999 373.45
Saria 2002 4 24 114 22.98 40.8 24.804 -999 0 2.38 -999 373.45
Saria 2002 4 25 115 22.45 41.75 24.876 -999 0 2.01 -999 373.45
Saria 2002 4 26 116 24.4 42.44 23.76 -999 0 1.36 -999 373.45
Saria 2002 4 27 117 25.62 43.71 24.048 -999 0 2.34 -999 373.45
Saria 2002 4 28 118 27.66 41.98 23.616 -999 0 3.08 -999 373.45
Saria 2002 4 29 119 30.13 42.31 17.244 -999 0.08 3.16 -999 373.45
Saria 2002 4 30 120 29.33 42.44 25.236 -999 0.01 2.77 -999 373.45
Saria 2002 5 1 121 28.65 42.48 22.644 -999 0.03 2.14 -999 373.45
Saria 2002 5 2 122 27.95 39.88 21.348 -999 3.94 4.16 -999 373.45
Saria 2002 5 3 123 25.76 38.34 17.352 -999 2.01 2.03 -999 373.45
Saria 2002 5 4 124 26.73 38.77 20.448 -999 1.79 3.54 -999 373.45
Saria 2002 5 5 125 27.19 39.13 22.464 -999 0.53 2.65 -999 373.45
Saria 2002 5 6 126 27.84 37.83 21.672 -999 1.47 3.18 -999 373.45
Saria 2002 5 7 127 27.09 38.75 24.768 -999 3.72 2.46 -999 373.45
Saria 2002 5 8 128 27.31 38.39 21.528 -999 1.86 1.14 -999 373.45
Saria 2002 5 9 129 27.02 40.69 19.08 -999 0 2.44 -999 373.45
Saria 2002 5 10 130 25.87 41.13 25.92 -999 0 3.16 -999 373.45
Saria 2002 5 11 131 25.26 41.67 25.632 -999 0 3.11 -999 373.45
Saria 2002 5 12 132 27.04 39.94 23.58 -999 0.09 3.19 -999 373.45
Saria 2002 5 13 133 25.11 42.84 21.24 -999 0 2.62 -999 373.45
Saria 2002 5 14 134 28.08 39.58 22.788 -999 0.53 4.7 -999 373.45
Saria 2002 5 15 135 26.09 42.58 21.708 -999 0.18 2.67 -999 373.45
Saria 2002 5 16 136 27.47 43.21 23.04 -999 0.08 2.77 -999 373.45
Saria 2002 5 17 137 28.51 41.75 22.392 -999 1.34 4.65 -999 373.45
Saria 2002 5 18 138 26.83 40.93 23.04 -999 2.46 3.68 -999 373.45
Saria 2002 5 19 139 26.85 39.25 15.768 -999 0.5 2.79 -999 373.45
Saria 2002 5 20 140 27.28 41.18 23.112 -999 0.22 3.04 -999 373.45
Saria 2002 5 21 141 27.12 39 23.364 -999 0.85 2.31 -999 373.45
Saria 2002 5 22 142 28.15 40.28 24.768 -999 0.76 2.55 -999 373.45
Saria 2002 5 23 143 28.11 38.5 20.052 -999 0.05 3.42 -999 373.45
Saria 2002 5 24 144 27.39 40.15 21.852 -999 0.23 1.38 -999 373.45
Saria 2002 5 25 145 29.21 41.98 23.436 -999 0 2.49 -999 373.45
Saria 2002 5 26 146 28.29 42.62 25.02 -999 0.03 3.11 -999 373.45
Saria 2002 5 27 147 28.65 43.12 22.176 -999 0.28 3.69 -999 373.45
Saria 2002 5 28 148 28.65 42.22 24.732 -999 0.19 3.96 -999 373.45
Saria 2002 5 29 149 27.61 41.9 22.644 -999 0.32 2.95 -999 373.45
Saria 2002 5 30 150 28.31 40.51 23.508 -999 2.64 3.44 -999 373.45
Saria 2002 5 31 151 29.03 42.87 24.156 -999 0.13 2.96 -999 373.45
Saria 2002 6 1 152 28.17 40 19.872 -999 4.33 4.59 -999 373.45
Saria 2002 6 2 153 26.64 35.3 24.984 -999 6.14 4 -999 373.45
Saria 2002 6 3 154 25.85 36.19 12.744 -999 1.1 3.87 -999 373.45
Saria 2002 6 4 155 23.59 36.28 21.924 -999 0.66 3.99 -999 373.45
Saria 2002 6 5 156 24.51 36.45 21.816 -999 0.71 2.11 -999 373.45
Saria 2002 6 6 157 26.62 40.44 22.716 -999 0.86 3.58 -999 373.45
Saria 2002 6 7 158 25.68 36.46 23.04 -999 4.99 4.27 -999 373.45
Saria 2002 6 8 159 25.4 36.98 25.524 -999 1.24 3.16 -999 373.45
Saria 2002 6 9 160 25.51 36.98 24.444 -999 2.89 2.97 -999 373.45
Saria 2002 6 10 161 25.67 31.62 19.908 -999 1.19 3.33 -999 373.45
Saria 2002 6 11 162 24.37 37.61 23.22 -999 0 2.55 -999 373.45
Saria 2002 6 12 163 24.82 40.21 23.832 -999 0.69 2.6 -999 373.45
Saria 2002 6 13 164 26.12 38.93 22.932 -999 1.75 4.44 -999 373.45
Saria 2002 6 14 165 25.8 36.79 12.276 -999 0.01 4.51 -999 373.45
Saria 2002 6 15 166 24.36 37.62 19.692 -999 0.29 3.03 -999 373.45
Saria 2002 6 16 167 24.51 38.09 23.04 -999 0.94 2.41 -999 373.45
Saria 2002 6 17 168 25.7 38.05 21.888 -999 0.87 2.99 -999 373.45
Saria 2002 6 18 169 26.27 39.52 22.5 -999 0.63 2.16 -999 373.45
Saria 2002 6 19 170 27.7 39.59 23.508 -999 0.32 2.17 -999 373.45
Saria 2002 6 20 171 25.56 32.93 17.928 -999 13.15 3.44 -999 373.45
Saria 2002 6 21 172 24.02 37.83 24.804 -999 2.7 2.23 -999 373.45
Saria 2002 6 22 173 25.26 39.36 25.128 -999 1.08 2.66 -999 373.45
Saria 2002 6 23 174 26.04 36.8 20.196 -999 6.14 3.22 -999 373.45
Saria 2002 6 24 175 25.23 33.38 23.256 -999 4.75 2.95 -999 373.45
Saria 2002 6 25 176 23.9 37.48 23.004 -999 0.05 2.17 -999 373.45
Saria 2002 6 26 177 24.66 38.85 22.572 -999 2.26 1.8 -999 373.45
Saria 2002 6 27 178 26.59 37.39 21.096 -999 4.25 3.21 -999 373.45
Saria 2002 6 28 179 24.28 34.97 25.056 -999 5.79 3.12 -999 373.45
Saria 2002 6 29 180 24.98 35.37 12.744 -999 2.41 2.6 -999 373.45
Saria 2002 6 30 181 24.6 35.87 25.704 -999 2.16 2.92 -999 373.45
Saria 2002 7 1 182 24.06 37.2 25.02 -999 5.08 2.85 -999 373.45
Saria 2002 7 2 183 25.04 32.87 21.672 -999 6.04 2.12 -999 373.45
Saria 2002 7 3 184 24.37 36.9 24.732 -999 1.62 2.7 -999 373.45
Saria 2002 7 4 185 24.26 34.6 24.444 -999 0.18 3.07 -999 373.45
Saria 2002 7 5 186 23.76 37.72 24.444 -999 0.15 2.45 -999 373.45
Saria 2002 7 6 187 24.63 37.26 24.804 -999 5.08 2.17 -999 373.45
Saria 2002 7 7 188 24.04 32.94 24.336 -999 11.42 2.52 -999 373.45
Saria 2002 7 8 189 24.02 39.24 23.868 -999 1.14 1.94 -999 373.45
Saria 2002 7 9 190 25.13 37.53 22.068 -999 1.83 2.84 -999 373.45
Saria 2002 7 10 191 25.47 32.98 14.76 -999 4.11 3.3 -999 373.45
Saria 2002 7 11 192 24.03 36.36 22.5 -999 0.69 1.99 -999 373.45
Saria 2002 7 12 193 24.83 36.83 23.904 -999 0.5 2.61 -999 373.45
Saria 2002 7 13 194 24.64 37.4 25.344 -999 2.34 2.92 -999 373.45
Saria 2002 7 14 195 25.12 37.29 21.06 -999 10.95 2.7 -999 373.45
Saria 2002 7 15 196 24.23 33.02 23.76 -999 5.93 3.05 -999 373.45
Saria 2002 7 16 197 24.6 33.42 18.396 -999 5.16 2.4 -999 373.45
Saria 2002 7 17 198 23.67 36.63 19.116 -999 0.01 1.62 -999 373.45
Saria 2002 7 18 199 25.01 37.31 24.768 -999 1.93 2.13 -999 373.45
Saria 2002 7 19 200 24.97 37.24 24.552 -999 1.56 2.91 -999 373.45
Saria 2002 7 20 201 23.83 33.37 16.416 -999 10.86 1.91 -999 373.45
Saria 2002 7 21 202 22.91 36.94 22.392 -999 0.95 1.7 -999 373.45
Saria 2002 7 22 203 23.43 36.11 11.592 -999 3.73 2.52 -999 373.45
Saria 2002 7 23 204 23.46 34.73 23.94 -999 0.61 2.8 -999 373.45
Saria 2002 7 24 205 22.73 35.66 23.904 -999 2.89 2.68 -999 373.45
Saria 2002 7 25 206 23.19 36.69 16.128 -999 2.52 2.66 -999 373.45
Saria 2002 7 26 207 24.73 33.06 19.8 -999 4.21 3.12 -999 373.45
Saria 2002 7 27 208 23.8 32.42 19.656 -999 6.37 2.66 -999 373.45
Saria 2002 7 28 209 23.59 35.24 18.54 -999 2.37 0.87 -999 373.45
Saria 2002 7 29 210 24.11 34.99 17.28 -999 1.24 1.75 -999 373.45
Saria 2002 7 30 211 23.11 35.9 24.084 -999 2.06 2.05 -999 373.45
Saria 2002 7 31 212 23.12 34.49 19.008 -999 3.83 2.71 -999 373.45
Saria 2002 8 1 213 23.32 30.51 15.192 -999 6.51 1.55 -999 373.45
Saria 2002 8 2 214 22.84 32.18 20.052 -999 15.71 2.77 -999 373.45
Saria 2002 8 3 215 22.34 33.06 21.24 -999 10.21 2.2 -999 373.45
Saria 2002 8 4 216 22.88 32.99 21.132 -999 2.18 2.18 -999 373.45
Saria 2002 8 5 217 23.51 33.39 22.536 -999 3.74 2.94 -999 373.45
Saria 2002 8 6 218 23.15 30.4 12.852 -999 3.93 2.31 -999 373.45
Saria 2002 8 7 219 21.91 32.19 20.448 -999 1.18 2.8 -999 373.45
Saria 2002 8 8 220 21.37 34.58 21.78 -999 3.02 1.71 -999 373.45
Saria 2002 8 9 221 23.31 35.53 22.968 -999 4.79 2.05 -999 373.45
Saria 2002 8 10 222 23.88 34.05 24.12 -999 3.02 1.52 -999 373.45
Saria 2002 8 11 223 22.67 32.89 22.14 -999 2.83 1.8 -999 373.45
Saria 2002 8 12 224 22.12 32.97 10.116 -999 3.12 1.64 -999 373.45
Saria 2002 8 13 225 22.19 36.58 23.112 -999 3.62 1.59 -999 373.45
Saria 2002 8 14 226 22.98 32.34 10.296 -999 10 1.84 -999 373.45
Saria 2002 8 15 227 23.08 34.01 21.312 -999 0.03 2.23 -999 373.45
Saria 2002 8 16 228 22.47 34.53 22.392 -999 1.31 1.62 -999 373.45
Saria 2002 8 17 229 23.04 30.78 16.236 -999 8.37 1.77 -999 373.45
Saria 2002 8 18 230 22.51 31.38 20.556 -999 5.35 2.04 -999 373.45
Saria 2002 8 19 231 21.05 34.48 23.436 -999 1.42 1.59 -999 373.45
Saria 2002 8 20 232 23.26 34.4 24.012 -999 3.33 1.24 -999 373.45
Saria 2002 8 21 233 23.4 34.8 15.3 -999 2.76 1.88 -999 373.45
Saria 2002 8 22 234 22.78 36.24 21.312 -999 0.38 2.01 -999 373.45
Saria 2002 8 23 235 21.56 36.65 21.852 -999 0.55 1.4 -999 373.45
Saria 2002 8 24 236 22.9 38.33 23.328 -999 0.01 2.02 -999 373.45
Saria 2002 8 25 237 23.04 37.24 24.66 -999 7.68 2.12 -999 373.45
Saria 2002 8 26 238 23.2 33.4 14.292 -999 11.95 1.98 -999 373.45
Saria 2002 8 27 239 23.48 30.91 11.916 -999 6.84 2.28 -999 373.45
Saria 2002 8 28 240 21.55 34.51 23.112 -999 0.14 1.7 -999 373.45
Saria 2002 8 29 241 23.05 35.12 13.572 -999 2.41 1.93 -999 373.45
Saria 2002 8 30 242 22.35 32.7 23.4 -999 1.31 2.35 -999 373.45
Saria 2002 8 31 243 22.99 34.36 24.12 -999 1.28 2.24 -999 373.45
Saria 2002 9 1 244 21.83 36.94 25.488 -999 2.01 1.56 -999 373.45
Saria 2002 9 2 245 22.62 38.74 25.128 -999 0.29 1.92 -999 373.45
Saria 2002 9 3 246 23.32 36.11 24.732 -999 15.59 1.4 -999 373.45
Saria 2002 9 4 247 23.77 32.06 9.648 -999 3.13 2.31 -999 373.45
Saria 2002 9 5 248 22.51 32.69 19.296 -999 3.09 2.67 -999 373.45
Saria 2002 9 6 249 22.21 32.22 12.42 -999 5.37 2.09 -999 373.45
Saria 2002 9 7 250 22.92 32.38 11.16 -999 5.32 1.66 -999 373.45
Saria 2002 9 8 251 21.27 34.02 21.06 -999 1.4 1.95 -999 373.45
Saria 2002 9 9 252 22.09 35.74 17.28 -999 1.29 1.61 -999 373.45
Saria 2002 9 10 253 23.86 34.75 24.444 -999 5.37 1.89 -999 373.45
Saria 2002 9 11 254 22.16 36.83 24.768 -999 0.38 2.33 -999 373.45
Saria 2002 9 12 255 21.76 34.82 24.048 -999 4.68 1.99 -999 373.45
Saria 2002 9 13 256 21.69 35.48 11.988 -999 3 2.2 -999 373.45
Saria 2002 9 14 257 22.31 32.19 17.748 -999 6.46 1.98 -999 373.45
Saria 2002 9 15 258 21.55 34.98 21.708 -999 3.03 2 -999 373.45
Saria 2002 9 16 259 21.8 36.4 24.408 -999 6.6 1.52 -999 373.45
Saria 2002 9 17 260 22.4 34.36 16.272 -999 8.67 2.02 -999 373.45
Saria 2002 9 18 261 21.78 36.26 25.344 -999 3.1 2.26 -999 373.45
Saria 2002 9 19 262 22.24 31.72 20.592 -999 0.14 2.46 -999 373.45
Saria 2002 9 20 263 21.85 33.7 23.112 -999 3.17 2.12 -999 373.45
Saria 2002 9 21 264 21.56 37.75 24.336 -999 0.12 1.84 -999 373.45
Saria 2002 9 22 265 23.37 38.15 20.88 -999 0.01 2.47 -999 373.45
Saria 2002 9 23 266 22.23 37.68 24.588 -999 1.72 2.19 -999 373.45
Saria 2002 9 24 267 22 35.35 22.356 -999 3.1 1.48 -999 373.45
Saria 2002 9 25 268 23.06 37.13 25.056 -999 0.02 2.29 -999 373.45
Saria 2002 9 26 269 22.65 38.85 25.452 -999 0.28 2.18 -999 373.45
Saria 2002 9 27 270 22.98 40.57 24.912 -999 0.34 1.87 -999 373.45
Saria 2002 9 28 271 24.4 38.27 23.256 -999 5.04 2.76 -999 373.45
Saria 2002 9 29 272 23.8 37.11 23.328 -999 0.1 2.73 -999 373.45
Saria 2002 9 30 273 24.11 36.33 16.236 -999 2.58 2.45 -999 373.45
Saria 2002 10 1 274 24.01 34.7 23.148 -999 4.42 2.2 -999 373.45
Saria 2002 10 2 275 22.77 34.47 22.284 -999 5.18 2.24 -999 373.45
Saria 2002 10 3 276 22.62 33.09 21.6 -999 8.77 1.54 -999 373.45
Saria 2002 10 4 277 22.43 32.28 15.12 -999 7.16 1.81 -999 373.45
Saria 2002 10 5 278 22.64 32.41 17.532 -999 3.93 0.95 -999 373.45
Saria 2002 10 6 279 23.06 32.9 17.964 -999 1.67 1.34 -999 373.45
Saria 2002 10 7 280 22.31 33.73 17.856 -999 5.11 2.24 -999 373.45
Saria 2002 10 8 281 22.48 33.49 18.9 -999 1.82 2.23 -999 373.45
Saria 2002 10 9 282 22.41 34.08 22.428 -999 0.48 2.03 -999 373.45
Saria 2002 10 10 283 22.89 34.95 22.32 -999 1.12 2.03 -999 373.45
Saria 2002 10 11 284 22.76 37.79 22.104 -999 0.01 1.69 -999 373.45
Saria 2002 10 12 285 22.23 39.08 21.744 -999 0.1 1.82 -999 373.45
Saria 2002 10 13 286 23.2 37.94 21.06 -999 2.79 1.61 -999 373.45
Saria 2002 10 14 287 23.33 37.19 22.32 -999 1.8 2.32 -999 373.45
Saria 2002 10 15 288 23.2 37.65 17.496 -999 0.63 2.09 -999 373.45
Saria 2002 10 16 289 23.91 38.18 23.22 -999 0.03 2.38 -999 373.45
Saria 2002 10 17 290 23.08 37.28 22.104 -999 2.31 2.02 -999 373.45
Saria 2002 10 18 291 22.68 38.1 20.628 -999 0 2.2 -999 373.45
Saria 2002 10 19 292 23.73 37.41 20.412 -999 0 2.55 -999 373.45
Saria 2002 10 20 293 23.53 37.79 18.792 -999 0.04 2.05 -999 373.45
Saria 2002 10 21 294 22.9 38.27 21.492 -999 0 1.84 -999 373.45
Saria 2002 10 22 295 21.12 38.26 21.924 -999 0.29 2.22 -999 373.45
Saria 2002 10 23 296 20.73 37.54 20.88 -999 0 2.23 -999 373.45
Saria 2002 10 24 297 21.73 36.73 19.404 -999 0 2.3 -999 373.45
Saria 2002 10 25 298 21.06 37.05 18.864 -999 0 1.97 -999 373.45
Saria 2002 10 26 299 20.62 36.52 20.808 -999 0 2.1 -999 373.45
Saria 2002 10 27 300 20.89 38.11 20.736 -999 0 2.06 -999 373.45
Saria 2002 10 28 301 21.08 38.26 22.608 -999 0 1.53 -999 373.45
Saria 2002 10 29 302 21.51 38.12 21.06 -999 0 2.29 -999 373.45
Saria 2002 10 30 303 19.02 37.12 21.276 -999 0 2.43 -999 373.45
Saria 2002 10 31 304 17.86 36.77 21.708 -999 0 2.3 -999 373.45
Saria 2002 11 1 305 17.51 36.5 21.024 -999 0 1.85 -999 373.45
Saria 2002 11 2 306 19.33 37.07 20.988 -999 0.02 1.81 -999 373.45
Saria 2002 11 3 307 19.73 37.19 19.692 -999 0 2.23 -999 373.45
Saria 2002 11 4 308 19.01 36.27 18.792 -999 0.02 2.27 -999 373.45
Saria 2002 11 5 309 19.22 35.75 18.936 -999 1.32 1.59 -999 373.45
Saria 2002 11 6 310 23.35 33.39 16.452 -999 0.13 2.05 -999 373.45
Saria 2002 11 7 311 23.56 35.76 15.516 -999 0 1.76 -999 373.45
Saria 2002 11 8 312 18.9 36.55 20.124 -999 0 2.63 -999 373.45
Saria 2002 11 9 313 19.81 37.3 21.6 -999 0 2.66 -999 373.45
Saria 2002 11 10 314 19.33 35.69 17.316 -999 0.01 2.94 -999 373.45
Saria 2002 11 11 315 21.75 37.26 21.708 -999 0.02 3.03 -999 373.45
Saria 2002 11 12 316 22.96 37.74 19.44 -999 0 2.48 -999 373.45
Saria 2002 11 13 317 19.96 37.8 21.672 -999 0 3.02 -999 373.45
Saria 2002 11 14 318 18.5 37.85 21.996 -999 0 2.94 -999 373.45
Saria 2002 11 15 319 18.14 37.95 20.952 -999 0 2.66 -999 373.45
Saria 2002 11 16 320 18.28 38.22 20.052 -999 0 2.66 -999 373.45
Saria 2002 11 17 321 19.65 38 18.54 -999 0 2.91 -999 373.45
Saria 2002 11 18 322 18.37 37.92 21.636 -999 0 2.99 -999 373.45
Saria 2002 11 19 323 18.08 37.58 21.852 -999 0 2.73 -999 373.45
Saria 2002 11 20 324 17.14 37.66 21.06 -999 0 2.88 -999 373.45
Saria 2002 11 21 325 17.24 36.95 21.924 -999 0 3.11 -999 373.45
Saria 2002 11 22 326 16.45 36.65 21.744 -999 0 3.17 -999 373.45
Saria 2002 11 23 327 15.85 36.23 22.104 -999 0 3.01 -999 373.45
Saria 2002 11 24 328 15.67 36.37 21.744 -999 0 2.73 -999 373.45
Saria 2002 11 25 329 15.99 35.33 20.268 -999 0 2.62 -999 373.45
Saria 2002 11 26 330 14.98 35.78 17.748 -999 0 2.73 -999 373.45
Saria 2002 11 27 331 15.04 35.43 18.036 -999 0 2.91 -999 373.45
Saria 2002 11 28 332 15.23 34.48 20.7 -999 0 2.76 -999 373.45
Saria 2002 11 29 333 14.56 35.62 21.132 -999 0 2.85 -999 373.45
Saria 2002 11 30 334 15.17 36.32 21.276 -999 0 2.9 -999 373.45
Saria 2002 12 1 335 16.58 36.02 20.988 -999 0 3.11 -999 373.45
Saria 2002 12 2 336 15.73 35.76 20.52 -999 0 2.2 -999 373.45
Saria 2002 12 3 337 16.49 35.94 19.656 -999 0 2.2 -999 373.45
Saria 2002 12 4 338 18.01 36.08 16.668 -999 0 2.49 -999 373.45
Saria 2002 12 5 339 17.1 36.21 20.844 -999 0 2.3 -999 373.45
Saria 2002 12 6 340 18.51 34.73 16.56 -999 0 1.48 -999 373.45
Saria 2002 12 7 341 17.18 36.37 19.188 -999 0 2.11 -999 373.45
Saria 2002 12 8 342 18.94 36.45 18.324 -999 0 2.62 -999 373.45
Saria 2002 12 9 343 18.05 36.73 18.864 -999 0 3.05 -999 373.45
Saria 2002 12 10 344 20.39 34.93 17.1 -999 0 3.77 -999 373.45
Saria 2002 12 11 345 21.23 34.23 15.048 -999 0 4.61 -999 373.45
Saria 2002 12 12 346 20.8 34.52 19.044 -999 0 4.81 -999 373.45
Saria 2002 12 13 347 20.65 36.86 18.288 -999 0 4.41 -999 373.45
Saria 2002 12 14 348 19.68 37.38 19.548 -999 0 3.79 -999 373.45
Saria 2002 12 15 349 18.46 37.18 20.376 -999 0 3.94 -999 373.45
Saria 2002 12 16 350 19.7 36.33 20.844 -999 0 4.27 -999 373.45
Saria 2002 12 17 351 18.29 34.53 19.404 -999 0 4.58 -999 373.45
Saria 2002 12 18 352 17.14 32.3 14.328 -999 0 3.72 -999 373.45
Saria 2002 12 19 353 16.64 34.15 17.172 -999 0 3.33 -999 373.45
Saria 2002 12 20 354 16.23 33.82 19.584 -999 0 3.79 -999 373.45
Saria 2002 12 21 355 16.6 32.29 20.088 -999 0 3.32 -999 373.45
Saria 2002 12 22 356 16.87 29.63 20.304 -999 0 3.45 -999 373.45
Saria 2002 12 23 357 15.17 33 20.484 -999 0 4.17 -999 373.45
Saria 2002 12 24 358 15.11 32.01 20.808 -999 0 4.32 -999 373.45
Saria 2002 12 25 359 14.24 31.31 21.204 -999 0 4.05 -999 373.45
Saria 2002 12 26 360 12.76 30.83 20.448 -999 0 3.88 -999 373.45
Saria 2002 12 27 361 12.08 31.1 21.204 -999 0 3.7 -999 373.45
Saria 2002 12 28 362 12.8 32.15 20.916 -999 0 3.43 -999 373.45
Saria 2002 12 29 363 13.8 32.91 20.556 -999 0 3.91 -999 373.45
Saria 2002 12 30 364 14.44 33.03 20.484 -999 0 3.77 -999 373.45
Saria 2002 12 31 365 14.35 33.42 21.024 -999 0 3.95 -999 373.45
