Saria 2000 1 1 1 15.25 33.93 19.764 -999 0.24 2.56 -999 369.71
Saria 2000 1 2 2 17.87 32.52 10.116 -999 0.02 3.28 -999 369.71
Saria 2000 1 3 3 17.23 30.4 18.756 -999 0 3.71 -999 369.71
Saria 2000 1 4 4 16.4 32.04 17.928 -999 0 3.28 -999 369.71
Saria 2000 1 5 5 17.43 32.01 16.056 -999 0 3.77 -999 369.71
Saria 2000 1 6 6 16.08 32.03 19.98 -999 0 3.29 -999 369.71
Saria 2000 1 7 7 16.58 33.1 18.648 -999 0 3 -999 369.71
Saria 2000 1 8 8 17.51 32.29 21.42 -999 0 3.32 -999 369.71
Saria 2000 1 9 9 17.15 33.69 17.964 -999 0 3.09 -999 369.71
Saria 2000 1 10 10 17.61 32.97 17.604 -999 0 3.48 -999 369.71
Saria 2000 1 11 11 16.65 33.89 18.504 -999 0 2.63 -999 369.71
Saria 2000 1 12 12 16.81 34.23 17.532 -999 0 2.34 -999 369.71
Saria 2000 1 13 13 17.84 34.01 17.928 -999 0 3.2 -999 369.71
Saria 2000 1 14 14 16.5 32.8 18.432 -999 0 2.98 -999 369.71
Saria 2000 1 15 15 16.4 34.58 19.296 -999 0 2.62 -999 369.71
Saria 2000 1 16 16 18.08 35.58 17.712 -999 0 3.48 -999 369.71
Saria 2000 1 17 17 17.66 35.83 16.704 -999 0 3.48 -999 369.71
Saria 2000 1 18 18 17.83 36.11 18.036 -999 0 3.13 -999 369.71
Saria 2000 1 19 19 16.8 36.23 17.172 -999 0 2.46 -999 369.71
Saria 2000 1 20 20 18.08 36.49 20.844 -999 0 2.2 -999 369.71
Saria 2000 1 21 21 20.23 34.73 20.268 -999 0.35 1.27 -999 369.71
Saria 2000 1 22 22 22.41 36.17 19.692 -999 0 2.62 -999 369.71
Saria 2000 1 23 23 19.64 36.83 19.152 -999 0 3.54 -999 369.71
Saria 2000 1 24 24 18.15 36.38 18.468 -999 0 2.97 -999 369.71
Saria 2000 1 25 25 19.24 36.73 19.404 -999 0 2.2 -999 369.71
Saria 2000 1 26 26 19.59 38.17 18.252 -999 0 3.41 -999 369.71
Saria 2000 1 27 27 18.93 37.22 19.98 -999 0 4.3 -999 369.71
Saria 2000 1 28 28 18.08 37.46 18.612 -999 0 4.79 -999 369.71
Saria 2000 1 29 29 19.41 35.08 19.008 -999 0 5.07 -999 369.71
Saria 2000 1 30 30 17.24 34.54 18.108 -999 0 4.56 -999 369.71
Saria 2000 1 31 31 17.26 32.13 18.036 -999 0 4.26 -999 369.71
Saria 2000 2 1 32 15.88 29.67 17.892 -999 0 5.1 -999 369.71
Saria 2000 2 2 33 12.55 29.4 19.332 -999 0 4.45 -999 369.71
Saria 2000 2 3 34 11.95 30.26 18.72 -999 0 4.22 -999 369.71
Saria 2000 2 4 35 13.4 30.8 18.216 -999 0 4.42 -999 369.71
Saria 2000 2 5 36 12.44 32.08 17.676 -999 0 3.5 -999 369.71
Saria 2000 2 6 37 13.3 32.37 20.052 -999 0 3.8 -999 369.71
Saria 2000 2 7 38 13.89 30.92 20.196 -999 0 4.85 -999 369.71
Saria 2000 2 8 39 13.87 30.75 21.096 -999 0 4.55 -999 369.71
Saria 2000 2 9 40 14.05 30.58 21.312 -999 0 4.38 -999 369.71
Saria 2000 2 10 41 12.69 31.01 19.332 -999 0 4.27 -999 369.71
Saria 2000 2 11 42 13.21 31.12 19.98 -999 0 4.35 -999 369.71
Saria 2000 2 12 43 13.37 32.06 21.096 -999 0 4.16 -999 369.71
Saria 2000 2 13 44 13.4 31.69 20.916 -999 0 4.24 -999 369.71
Saria 2000 2 14 45 12.94 31.87 19.332 -999 0 3.92 -999 369.71
Saria 2000 2 15 46 13.83 32.9 21.6 -999 0 4.25 -999 369.71
Saria 2000 2 16 47 14.89 33.48 22.32 -999 0 4.2 -999 369.71
Saria 2000 2 17 48 15.6 33.69 22.572 -999 0 4.05 -999 369.71
Saria 2000 2 18 49 16.05 33.99 22.968 -999 0 4.3 -999 369.71
Saria 2000 2 19 50 16.18 34.55 22.068 -999 0 3.77 -999 369.71
Saria 2000 2 20 51 16.95 36.35 23.292 -999 0 3.47 -999 369.71
Saria 2000 2 21 52 18.33 37.99 21.6 -999 0 3.42 -999 369.71
Saria 2000 2 22 53 19.83 38.44 22.068 -999 0 4.05 -999 369.71
Saria 2000 2 23 54 20.77 38.69 19.836 -999 0 3.71 -999 369.71
Saria 2000 2 24 55 20.91 39.01 20.808 -999 0 4.37 -999 369.71
Saria 2000 2 25 56 20.01 38.65 24.696 -999 0 4.27 -999 369.71
Saria 2000 2 26 57 20.36 35.59 23.94 -999 0 5 -999 369.71
Saria 2000 2 27 58 17.9 34.13 20.196 -999 0 4.45 -999 369.71
Saria 2000 2 28 59 16.28 34.76 22.608 -999 0 3.73 -999 369.71
Saria 2000 2 29 60 18.04 35.94 20.916 -999 0 3.92 -999 369.71
Saria 2000 3 1 61 18.31 37.04 20.304 -999 0 3.95 -999 369.71
Saria 2000 3 2 62 18.87 36.66 20.916 -999 0 3.96 -999 369.71
Saria 2000 3 3 63 19.66 35.87 21.312 -999 0 3.88 -999 369.71
Saria 2000 3 4 64 19.37 37.9 19.044 -999 0 3.88 -999 369.71
Saria 2000 3 5 65 18.49 38.71 22.752 -999 0 4.48 -999 369.71
Saria 2000 3 6 66 18.81 37.62 20.628 -999 0 4.78 -999 369.71
Saria 2000 3 7 67 19.65 37.42 22.716 -999 0 5.61 -999 369.71
Saria 2000 3 8 68 20.34 37.49 23.544 -999 0 5.07 -999 369.71
Saria 2000 3 9 69 18.62 36.22 22.248 -999 0 4.77 -999 369.71
Saria 2000 3 10 70 17.32 35.54 22.572 -999 0 4.75 -999 369.71
Saria 2000 3 11 71 17.4 36.07 22.788 -999 0 4.09 -999 369.71
Saria 2000 3 12 72 17.99 35.87 21.708 -999 0 4.4 -999 369.71
Saria 2000 3 13 73 18.37 36.26 22.104 -999 0 4.44 -999 369.71
Saria 2000 3 14 74 18.4 37.33 23.364 -999 0 3.99 -999 369.71
Saria 2000 3 15 75 18.86 38.84 26.352 -999 0 3.04 -999 369.71
Saria 2000 3 16 76 19.44 39.15 24.588 -999 0 2.88 -999 369.71
Saria 2000 3 17 77 20.41 40.06 25.056 -999 0 3.16 -999 369.71
Saria 2000 3 18 78 20.04 39.48 20.952 -999 0 2.38 -999 369.71
Saria 2000 3 19 79 19.3 37.34 24.624 -999 0.01 3.36 -999 369.71
Saria 2000 3 20 80 18.82 37.12 19.476 -999 0 3.35 -999 369.71
Saria 2000 3 21 81 18.98 37.59 26.388 -999 0 3.47 -999 369.71
Saria 2000 3 22 82 17.58 38.6 26.46 -999 0 3.68 -999 369.71
Saria 2000 3 23 83 18.26 39.14 27.828 -999 0 3.65 -999 369.71
Saria 2000 3 24 84 19.45 40.25 26.712 -999 0 3.78 -999 369.71
Saria 2000 3 25 85 20 40.65 25.812 -999 0 3.27 -999 369.71
Saria 2000 3 26 86 22.35 38.11 21.888 -999 0.01 3.48 -999 369.71
Saria 2000 3 27 87 25.2 35.2 19.476 -999 0.02 2.73 -999 369.71
Saria 2000 3 28 88 25.75 38.28 18.252 -999 0.02 1.72 -999 369.71
Saria 2000 3 29 89 26.77 41.15 20.052 -999 0 1.55 -999 369.71
Saria 2000 3 30 90 26.29 41.98 24.912 -999 0 2.78 -999 369.71
Saria 2000 3 31 91 23.09 41.42 27.576 -999 0 2.56 -999 369.71
Saria 2000 4 1 92 21.89 42.01 19.188 -999 0.04 2.14 -999 369.71
Saria 2000 4 2 93 26.48 41.08 19.008 -999 1.27 3.09 -999 369.71
Saria 2000 4 3 94 28.1 38.76 27.612 -999 3.77 3.38 -999 369.71
Saria 2000 4 4 95 26.71 38.53 27 -999 0.11 3.44 -999 369.71
Saria 2000 4 5 96 26.19 41.23 18.972 -999 0 1.96 -999 369.71
Saria 2000 4 6 97 23.69 41.9 25.164 -999 0 2.77 -999 369.71
Saria 2000 4 7 98 25.46 41.98 14.328 -999 0.57 2.73 -999 369.71
Saria 2000 4 8 99 25.48 42.45 25.092 -999 0.15 2.04 -999 369.71
Saria 2000 4 9 100 23.52 42.76 24.984 -999 0.01 2.28 -999 369.71
Saria 2000 4 10 101 24.97 42.98 16.812 -999 0.33 2.7 -999 369.71
Saria 2000 4 11 102 26.7 43.44 27.432 -999 0.02 2.42 -999 369.71
Saria 2000 4 12 103 28.69 41.42 21.024 -999 0.08 3.17 -999 369.71
Saria 2000 4 13 104 27.13 42.33 24.48 -999 0.06 2.52 -999 369.71
Saria 2000 4 14 105 26.7 43.85 20.592 -999 0.09 2.25 -999 369.71
Saria 2000 4 15 106 24.12 43.77 23.652 -999 0 2.45 -999 369.71
Saria 2000 4 16 107 27.04 43.02 23.364 -999 0.14 2.8 -999 369.71
Saria 2000 4 17 108 25.89 43.8 18.18 -999 0.1 2.84 -999 369.71
Saria 2000 4 18 109 24.52 43.4 21.672 -999 0.13 2.47 -999 369.71
Saria 2000 4 19 110 24.33 41.7 19.332 -999 0 2.88 -999 369.71
Saria 2000 4 20 111 22.43 41.92 26.316 -999 0 3.18 -999 369.71
Saria 2000 4 21 112 22.76 41.01 26.784 -999 0.55 2.57 -999 369.71
Saria 2000 4 22 113 27.54 39.74 19.548 -999 0.06 3.88 -999 369.71
Saria 2000 4 23 114 27.59 38.26 18.864 -999 0.01 2.38 -999 369.71
Saria 2000 4 24 115 26.69 41.84 19.728 -999 0.15 2.38 -999 369.71
Saria 2000 4 25 116 24.77 42.17 25.236 -999 0.57 2.11 -999 369.71
Saria 2000 4 26 117 24.15 41.9 21.636 -999 0.01 1.98 -999 369.71
Saria 2000 4 27 118 26.48 42.6 24.876 -999 0.22 2.41 -999 369.71
Saria 2000 4 28 119 25.98 42.59 25.452 -999 1.33 2.65 -999 369.71
Saria 2000 4 29 120 28.64 39.58 14.652 -999 3.16 3.99 -999 369.71
Saria 2000 4 30 121 27.54 38.22 25.632 -999 0.43 3.02 -999 369.71
Saria 2000 5 1 122 27.07 39.99 24.12 -999 0.73 2.3 -999 369.71
Saria 2000 5 2 123 27.44 40.21 25.92 -999 0.54 2.69 -999 369.71
Saria 2000 5 3 124 28.87 39.15 17.172 -999 0.84 2.97 -999 369.71
Saria 2000 5 4 125 28.38 41.91 27.288 -999 0.11 2.21 -999 369.71
Saria 2000 5 5 126 27.47 43.84 24.768 -999 0.2 2.15 -999 369.71
Saria 2000 5 6 127 28.43 42.98 21.744 -999 3.35 3.01 -999 369.71
Saria 2000 5 7 128 27.57 42.61 25.344 -999 0.06 3.02 -999 369.71
Saria 2000 5 8 129 28.2 42.08 24.372 -999 0.18 2.38 -999 369.71
Saria 2000 5 9 130 28.27 41.15 25.128 -999 2.55 2.22 -999 369.71
Saria 2000 5 10 131 29.48 41.62 17.64 -999 0.01 2.46 -999 369.71
Saria 2000 5 11 132 28.63 40.93 20.88 -999 3.07 2.34 -999 369.71
Saria 2000 5 12 133 27.74 38.3 19.404 -999 4.53 3.17 -999 369.71
Saria 2000 5 13 134 26.88 39.84 25.236 -999 0.59 2.55 -999 369.71
Saria 2000 5 14 135 27.72 40.19 25.524 -999 2.15 3.2 -999 369.71
Saria 2000 5 15 136 27.81 38.05 26.532 -999 0.14 2.92 -999 369.71
Saria 2000 5 16 137 26.73 40.69 25.668 -999 0.04 2.32 -999 369.71
Saria 2000 5 17 138 26.19 42.62 24.84 -999 0.33 2.28 -999 369.71
Saria 2000 5 18 139 28.6 41.51 25.704 -999 1.09 3.7 -999 369.71
Saria 2000 5 19 140 28.9 41.78 25.272 -999 1.13 3.63 -999 369.71
Saria 2000 5 20 141 29.22 40.92 26.784 -999 1.07 3.38 -999 369.71
Saria 2000 5 21 142 28.15 38.97 25.956 -999 1.01 2.69 -999 369.71
Saria 2000 5 22 143 26.85 34.62 19.332 -999 1.89 3.83 -999 369.71
Saria 2000 5 23 144 26.22 39.15 24.66 -999 1.31 2.69 -999 369.71
Saria 2000 5 24 145 26.85 35.69 15.264 -999 1.98 4.32 -999 369.71
Saria 2000 5 25 146 24.62 38.45 22.572 -999 1.1 2.25 -999 369.71
Saria 2000 5 26 147 26.32 39.34 23.76 -999 2.73 2.73 -999 369.71
Saria 2000 5 27 148 26.19 35.69 25.128 -999 8.09 3.59 -999 369.71
Saria 2000 5 28 149 25 37.55 23.58 -999 3.18 2.24 -999 369.71
Saria 2000 5 29 150 25.36 37.44 24.804 -999 5.41 2.61 -999 369.71
Saria 2000 5 30 151 25.38 38.6 25.02 -999 2.44 2.97 -999 369.71
Saria 2000 5 31 152 25.99 34.92 22.248 -999 4.64 2.78 -999 369.71
Saria 2000 6 1 153 25.47 34.54 22.896 -999 0.5 2.38 -999 369.71
Saria 2000 6 2 154 24.94 34.71 21.744 -999 7.37 2.56 -999 369.71
Saria 2000 6 3 155 24.78 35.46 21.672 -999 11.7 3.2 -999 369.71
Saria 2000 6 4 156 25.01 33.98 25.416 -999 5 2.7 -999 369.71
Saria 2000 6 5 157 24.69 35.54 22.572 -999 3.98 2.25 -999 369.71
Saria 2000 6 6 158 23.88 30.72 23.724 -999 2.95 2.67 -999 369.71
Saria 2000 6 7 159 23.38 32.92 23.544 -999 2.63 2.67 -999 369.71
Saria 2000 6 8 160 22.08 36.75 22.464 -999 1.28 2.34 -999 369.71
Saria 2000 6 9 161 23.74 38.54 22.068 -999 2.66 2.05 -999 369.71
Saria 2000 6 10 162 24.7 37.46 22.752 -999 5.41 2.82 -999 369.71
Saria 2000 6 11 163 24.98 33.23 21.024 -999 1.27 3.21 -999 369.71
Saria 2000 6 12 164 23.42 37.81 21.348 -999 3.22 2.79 -999 369.71
Saria 2000 6 13 165 24.73 36.55 22.464 -999 4.42 2.63 -999 369.71
Saria 2000 6 14 166 23.99 36.99 19.044 -999 4.68 2.79 -999 369.71
Saria 2000 6 15 167 24.23 38.04 20.988 -999 0.79 2.62 -999 369.71
Saria 2000 6 16 168 24.37 38.36 21.132 -999 3.75 2.98 -999 369.71
Saria 2000 6 17 169 24.95 31.87 21.24 -999 14.54 1.97 -999 369.71
Saria 2000 6 18 170 23.98 36.39 22.572 -999 2.99 2 -999 369.71
Saria 2000 6 19 171 24.26 37.54 24.336 -999 0.09 2.25 -999 369.71
Saria 2000 6 20 172 24.41 37.56 23.436 -999 1.56 2.94 -999 369.71
Saria 2000 6 21 173 24.48 37.33 13.752 -999 1.11 2.33 -999 369.71
Saria 2000 6 22 174 24.16 36.2 22.644 -999 6.38 3.14 -999 369.71
Saria 2000 6 23 175 23.36 32.63 21.312 -999 0.08 1.98 -999 369.71
Saria 2000 6 24 176 23.15 36.94 22.068 -999 0.31 1.89 -999 369.71
Saria 2000 6 25 177 23.38 36.26 20.052 -999 6.92 2.03 -999 369.71
Saria 2000 6 26 178 23.51 35.33 16.704 -999 4.32 2.52 -999 369.71
Saria 2000 6 27 179 23.51 37.1 23.148 -999 1.1 2.86 -999 369.71
Saria 2000 6 28 180 23.36 37.25 23.004 -999 3.27 2.4 -999 369.71
Saria 2000 6 29 181 24.63 37.32 20.952 -999 3.69 3.04 -999 369.71
Saria 2000 6 30 182 24.9 36.61 14.724 -999 2.66 3.13 -999 369.71
Saria 2000 7 1 183 23.73 36.48 21.42 -999 1.69 2.95 -999 369.71
Saria 2000 7 2 184 22.86 36.66 20.952 -999 2.77 2.34 -999 369.71
Saria 2000 7 3 185 23.54 37.33 23.256 -999 3.63 2.84 -999 369.71
Saria 2000 7 4 186 24.6 31.61 13.572 -999 9.85 2.73 -999 369.71
Saria 2000 7 5 187 22.44 33.47 21.06 -999 7.12 2.32 -999 369.71
Saria 2000 7 6 188 22.16 35.83 23.868 -999 0.67 2.39 -999 369.71
Saria 2000 7 7 189 23.33 35.48 21.564 -999 4.13 2.16 -999 369.71
Saria 2000 7 8 190 23.15 37.79 20.916 -999 0.38 2.64 -999 369.71
Saria 2000 7 9 191 24.19 33.83 8.28 -999 6.09 3.88 -999 369.71
Saria 2000 7 10 192 23.83 35.69 23.436 -999 4.15 2.9 -999 369.71
Saria 2000 7 11 193 23.4 34.57 21.168 -999 17.24 2.09 -999 369.71
Saria 2000 7 12 194 23.43 36.78 26.784 -999 0.31 1.5 -999 369.71
Saria 2000 7 13 195 23.49 38.44 22.608 -999 0.32 1.7 -999 369.71
Saria 2000 7 14 196 24.99 33.57 12.204 -999 10.71 3.8 -999 369.71
Saria 2000 7 15 197 23.22 33.33 19.26 -999 1.56 3.03 -999 369.71
Saria 2000 7 16 198 23.89 32.69 22.428 -999 5.69 2.61 -999 369.71
Saria 2000 7 17 199 23.67 29.44 5.904 -999 4.46 1.8 -999 369.71
Saria 2000 7 18 200 23.01 30.84 18.612 -999 1.58 1.72 -999 369.71
Saria 2000 7 19 201 22.02 32.41 22.536 -999 2.76 2.77 -999 369.71
Saria 2000 7 20 202 22.51 34.48 22.788 -999 0.86 2.8 -999 369.71
Saria 2000 7 21 203 22.72 31.18 11.16 -999 7.91 2.1 -999 369.71
Saria 2000 7 22 204 22.05 31.04 24.588 -999 3.76 1.2 -999 369.71
Saria 2000 7 23 205 21.3 34.71 22.86 -999 1.64 1.66 -999 369.71
Saria 2000 7 24 206 22.63 33.6 21.816 -999 3.19 2.19 -999 369.71
Saria 2000 7 25 207 22.9 30.58 18.756 -999 6.56 1.77 -999 369.71
Saria 2000 7 26 208 22.38 30.53 23.472 -999 0.46 3.13 -999 369.71
Saria 2000 7 27 209 21.46 34.46 23.04 -999 3.34 1.52 -999 369.71
Saria 2000 7 28 210 22.73 34.71 22.104 -999 7.56 2.04 -999 369.71
Saria 2000 7 29 211 21.94 31.8 16.416 -999 14.93 2.06 -999 369.71
Saria 2000 7 30 212 22.22 27.75 18.288 -999 6.08 2.84 -999 369.71
Saria 2000 7 31 213 20.75 32.69 23.76 -999 0.89 1.84 -999 369.71
Saria 2000 8 1 214 21.79 33.96 20.304 -999 6.51 1.86 -999 369.71
Saria 2000 8 2 215 22.53 31.9 18.684 -999 5.66 3 -999 369.71
Saria 2000 8 3 216 20.72 31.9 10.332 -999 5.06 1.79 -999 369.71
Saria 2000 8 4 217 21.61 31.26 24.048 -999 3.15 1.55 -999 369.71
Saria 2000 8 5 218 21.23 33.4 20.916 -999 8.26 1.98 -999 369.71
Saria 2000 8 6 219 22.36 33.96 25.452 -999 6.09 1.95 -999 369.71
Saria 2000 8 7 220 22.52 33.98 22.788 -999 3.58 1.67 -999 369.71
Saria 2000 8 8 221 21.8 34.29 22.68 -999 4.42 1.41 -999 369.71
Saria 2000 8 9 222 22.58 33.22 16.776 -999 14.24 1.45 -999 369.71
Saria 2000 8 10 223 22.4 30.26 21.78 -999 5.4 1.85 -999 369.71
Saria 2000 8 11 224 21.77 31.72 12.744 -999 11.53 1.69 -999 369.71
Saria 2000 8 12 225 21.38 32.56 25.848 -999 1.85 1.29 -999 369.71
Saria 2000 8 13 226 21.9 32.73 20.628 -999 29.95 1.7 -999 369.71
Saria 2000 8 14 227 22.83 30.76 24.3 -999 12.27 1.44 -999 369.71
Saria 2000 8 15 228 21.97 29.75 24.084 -999 10.18 1.46 -999 369.71
Saria 2000 8 16 229 21.44 31.98 11.772 -999 3.96 1.73 -999 369.71
Saria 2000 8 17 230 21.84 30.59 16.416 -999 11.03 1.27 -999 369.71
Saria 2000 8 18 231 21.75 32.88 21.6 -999 19.75 1.51 -999 369.71
Saria 2000 8 19 232 22.9 30.65 18.072 -999 13.32 1.53 -999 369.71
Saria 2000 8 20 233 21.58 31.15 18 -999 4.56 2.06 -999 369.71
Saria 2000 8 21 234 21.45 32.98 22.14 -999 1.96 1.5 -999 369.71
Saria 2000 8 22 235 21.45 32.19 21.42 -999 6.71 1.7 -999 369.71
Saria 2000 8 23 236 22.03 32 20.844 -999 2.07 1.5 -999 369.71
Saria 2000 8 24 237 21.9 33.08 22.284 -999 2.53 1.41 -999 369.71
Saria 2000 8 25 238 21.85 33.39 22.608 -999 6.32 1.27 -999 369.71
Saria 2000 8 26 239 22.22 34.15 23.436 -999 5.1 1.59 -999 369.71
Saria 2000 8 27 240 23.64 32.43 22.536 -999 5.4 1.63 -999 369.71
Saria 2000 8 28 241 22.19 34.51 23.328 -999 6.19 1.7 -999 369.71
Saria 2000 8 29 242 22.53 33.25 23.76 -999 10.72 1.83 -999 369.71
Saria 2000 8 30 243 22.2 32.6 23.652 -999 6.91 1.73 -999 369.71
Saria 2000 8 31 244 22.04 32.09 8.928 -999 3.44 1.76 -999 369.71
Saria 2000 9 1 245 22.04 32.97 20.484 -999 2.14 1.56 -999 369.71
Saria 2000 9 2 246 22.37 34.59 24.084 -999 1.45 1.27 -999 369.71
Saria 2000 9 3 247 22.6 33.27 24.516 -999 3.32 2.32 -999 369.71
Saria 2000 9 4 248 22.87 32.44 24.624 -999 2.66 2.04 -999 369.71
Saria 2000 9 5 249 22.66 31.23 17.208 -999 8.78 1.74 -999 369.71
Saria 2000 9 6 250 22.72 32.18 23.616 -999 8.52 1.23 -999 369.71
Saria 2000 9 7 251 22.35 33.5 24.048 -999 6.39 1.5 -999 369.71
Saria 2000 9 8 252 21.58 34.78 12.492 -999 0.94 1.45 -999 369.71
Saria 2000 9 9 253 21.49 32.61 17.496 -999 0.62 2.66 -999 369.71
Saria 2000 9 10 254 21.8 34.55 23.436 -999 1.79 1.92 -999 369.71
Saria 2000 9 11 255 21.65 34.8 22.284 -999 4.1 2.14 -999 369.71
Saria 2000 9 12 256 22.72 32.04 23.076 -999 1.19 2.65 -999 369.71
Saria 2000 9 13 257 22.3 31.08 18.288 -999 7.74 1.81 -999 369.71
Saria 2000 9 14 258 22.23 31.23 14.616 -999 5.36 1.8 -999 369.71
Saria 2000 9 15 259 22.36 31.98 20.736 -999 3.11 1.37 -999 369.71
Saria 2000 9 16 260 21.39 33.21 22.572 -999 3.52 2.09 -999 369.71
Saria 2000 9 17 261 21.3 32.4 16.056 -999 1.98 1.35 -999 369.71
Saria 2000 9 18 262 22.15 32.27 15.048 -999 4.35 1.92 -999 369.71
Saria 2000 9 19 263 20.87 32.86 22.356 -999 3.56 2.2 -999 369.71
Saria 2000 9 20 264 21.67 30.69 13.212 -999 1.14 1.2 -999 369.71
Saria 2000 9 21 265 21.79 34.79 24.048 -999 2.96 1.38 -999 369.71
Saria 2000 9 22 266 21.19 35.21 23.508 -999 5.61 1.96 -999 369.71
Saria 2000 9 23 267 22.55 34.19 22.752 -999 5.68 2.16 -999 369.71
Saria 2000 9 24 268 22.51 32.8 17.892 -999 0.52 1.72 -999 369.71
Saria 2000 9 25 269 22.28 32.77 23.112 -999 1.76 2.06 -999 369.71
Saria 2000 9 26 270 21.95 34.76 21.6 -999 7.66 1.66 -999 369.71
Saria 2000 9 27 271 22.01 32.05 21.024 -999 9.51 2.49 -999 369.71
Saria 2000 9 28 272 22.88 29.55 13.896 -999 1.74 1.3 -999 369.71
Saria 2000 9 29 273 22.01 33.08 20.736 -999 1.7 1.8 -999 369.71
Saria 2000 9 30 274 21.17 32.85 21.168 -999 1.92 2.2 -999 369.71
Saria 2000 10 1 275 21.52 33.85 20.268 -999 2.98 1.26 -999 369.71
Saria 2000 10 2 276 21.53 34.24 19.944 -999 2.66 1.55 -999 369.71
Saria 2000 10 3 277 21.94 34.64 22.104 -999 0.05 2.35 -999 369.71
Saria 2000 10 4 278 21.98 35.83 20.448 -999 0.17 1.79 -999 369.71
Saria 2000 10 5 279 21.71 34.15 20.988 -999 0.26 1.87 -999 369.71
Saria 2000 10 6 280 21.65 35.92 21.132 -999 0.02 1.35 -999 369.71
Saria 2000 10 7 281 22.18 36.48 21.564 -999 0.67 1.78 -999 369.71
Saria 2000 10 8 282 22.21 35.15 17.64 -999 4.78 2.38 -999 369.71
Saria 2000 10 9 283 22.36 33.77 23.544 -999 5.08 1.84 -999 369.71
Saria 2000 10 10 284 21.83 32.21 16.776 -999 4.4 2.56 -999 369.71
Saria 2000 10 11 285 21.25 32.77 21.42 -999 1.62 2.52 -999 369.71
Saria 2000 10 12 286 21.5 34.34 20.952 -999 5.57 1.96 -999 369.71
Saria 2000 10 13 287 22.31 35.89 21.204 -999 2.16 1.48 -999 369.71
Saria 2000 10 14 288 22.29 34.62 22.14 -999 0.28 1.57 -999 369.71
Saria 2000 10 15 289 22.04 34.62 19.692 -999 0 1.91 -999 369.71
Saria 2000 10 16 290 19.82 36.02 19.872 -999 0 2.22 -999 369.71
Saria 2000 10 17 291 21.97 35.36 19.764 -999 0.16 0.91 -999 369.71
Saria 2000 10 18 292 23.01 35.81 21.564 -999 0.23 1.56 -999 369.71
Saria 2000 10 19 293 22.42 34.34 21.816 -999 2.96 2.33 -999 369.71
Saria 2000 10 20 294 21.98 34.62 19.908 -999 2.23 1.44 -999 369.71
Saria 2000 10 21 295 21.23 35.07 20.16 -999 0.89 1.76 -999 369.71
Saria 2000 10 22 296 20.4 34.32 13.068 -999 2.76 1.7 -999 369.71
Saria 2000 10 23 297 21.51 35.01 19.62 -999 0.14 1.68 -999 369.71
Saria 2000 10 24 298 22.66 36.49 21.816 -999 0.28 1.73 -999 369.71
Saria 2000 10 25 299 21.22 36.37 21.132 -999 0.13 1.88 -999 369.71
Saria 2000 10 26 300 19.19 36.08 19.116 -999 0 2.34 -999 369.71
Saria 2000 10 27 301 17.44 36.45 20.16 -999 0 2.24 -999 369.71
Saria 2000 10 28 302 19.26 36.07 20.772 -999 0.02 1.73 -999 369.71
Saria 2000 10 29 303 20.4 35.96 19.656 -999 0.06 1.56 -999 369.71
Saria 2000 10 30 304 21.55 35.78 20.232 -999 0.19 1.42 -999 369.71
Saria 2000 10 31 305 22.09 35.81 18.612 -999 0.06 1.32 -999 369.71
Saria 2000 11 1 306 22.73 36.22 20.664 -999 0.09 1.29 -999 369.71
Saria 2000 11 2 307 20.39 34.69 20.592 -999 0 2.12 -999 369.71
Saria 2000 11 3 308 19.48 36.66 22.14 -999 0 2.13 -999 369.71
Saria 2000 11 4 309 19.13 37.63 20.196 -999 0 2.73 -999 369.71
Saria 2000 11 5 310 18.26 37.11 19.008 -999 0 3.2 -999 369.71
Saria 2000 11 6 311 17.86 35.84 17.712 -999 0 2.97 -999 369.71
Saria 2000 11 7 312 16.54 35.86 17.748 -999 0 2.52 -999 369.71
Saria 2000 11 8 313 16.12 36.04 18.648 -999 0 2.24 -999 369.71
Saria 2000 11 9 314 17.12 35.8 19.404 -999 0 2.3 -999 369.71
Saria 2000 11 10 315 17.33 36.81 20.592 -999 0 2.64 -999 369.71
Saria 2000 11 11 316 16.48 37.02 20.268 -999 0 2.67 -999 369.71
Saria 2000 11 12 317 17.12 35.1 18.576 -999 0.01 1.91 -999 369.71
Saria 2000 11 13 318 17.61 36.26 19.044 -999 0 2.56 -999 369.71
Saria 2000 11 14 319 16.38 36.48 19.26 -999 0 2.37 -999 369.71
Saria 2000 11 15 320 15.82 36.43 18.54 -999 0 2.45 -999 369.71
Saria 2000 11 16 321 16.19 36.01 20.592 -999 0 2.55 -999 369.71
Saria 2000 11 17 322 15.94 36.09 17.712 -999 0 2.77 -999 369.71
Saria 2000 11 18 323 16.19 36.05 18.216 -999 0 2.91 -999 369.71
Saria 2000 11 19 324 14.91 35.98 17.424 -999 0 2.52 -999 369.71
Saria 2000 11 20 325 16.2 36.6 18.792 -999 0 2.73 -999 369.71
Saria 2000 11 21 326 16.92 36.4 20.628 -999 0 3.27 -999 369.71
Saria 2000 11 22 327 16.49 36.53 17.064 -999 0 2.84 -999 369.71
Saria 2000 11 23 328 16.25 36.66 17.496 -999 0 2.92 -999 369.71
Saria 2000 11 24 329 16.15 34.87 16.812 -999 0 3.18 -999 369.71
Saria 2000 11 25 330 15.4 35.9 18.036 -999 0 3.07 -999 369.71
Saria 2000 11 26 331 15.27 35.8 18.684 -999 0 3.26 -999 369.71
Saria 2000 11 27 332 16.55 36.44 17.028 -999 0 3.75 -999 369.71
Saria 2000 11 28 333 16.28 35.49 17.892 -999 0 3.69 -999 369.71
Saria 2000 11 29 334 16.24 35.3 15.696 -999 0 3.04 -999 369.71
Saria 2000 11 30 335 15.53 34.32 18.576 -999 0 2.93 -999 369.71
Saria 2000 12 1 336 15.43 33.84 18.612 -999 0 3.43 -999 369.71
Saria 2000 12 2 337 14.65 33.67 16.74 -999 0 3.12 -999 369.71
Saria 2000 12 3 338 14.87 33.73 18.468 -999 0 3.16 -999 369.71
Saria 2000 12 4 339 14.6 33.65 18.324 -999 0 3.21 -999 369.71
Saria 2000 12 5 340 15.48 33.44 19.08 -999 0 3.43 -999 369.71
Saria 2000 12 6 341 15.44 30.54 17.136 -999 0 3.52 -999 369.71
Saria 2000 12 7 342 13.9 31.11 19.728 -999 0 3.31 -999 369.71
Saria 2000 12 8 343 14.17 32.57 13.896 -999 0 3.31 -999 369.71
Saria 2000 12 9 344 16.3 29.58 18 -999 0 3.05 -999 369.71
Saria 2000 12 10 345 13.39 31.01 16.668 -999 0 3.25 -999 369.71
Saria 2000 12 11 346 14.76 31.83 18.504 -999 0 3.18 -999 369.71
Saria 2000 12 12 347 16.56 28.3 17.316 -999 0 3.41 -999 369.71
Saria 2000 12 13 348 16.08 30.97 17.892 -999 0 3.85 -999 369.71
Saria 2000 12 14 349 13.71 27.14 16.92 -999 0 3.6 -999 369.71
Saria 2000 12 15 350 15.94 30.98 11.736 -999 0 3.59 -999 369.71
Saria 2000 12 16 351 14.9 30.87 18.216 -999 0 2.88 -999 369.71
Saria 2000 12 17 352 14.6 31.88 18.756 -999 0 2.79 -999 369.71
Saria 2000 12 18 353 14.95 34.42 15.552 -999 0 2.51 -999 369.71
Saria 2000 12 19 354 14.87 34.92 15.228 -999 0 2.56 -999 369.71
Saria 2000 12 20 355 14.41 34.83 15.984 -999 0 2.72 -999 369.71
Saria 2000 12 21 356 15.1 33.75 18.36 -999 0 2.73 -999 369.71
Saria 2000 12 22 357 15.13 34.76 16.092 -999 0 3.07 -999 369.71
Saria 2000 12 23 358 15.79 33.53 17.244 -999 0 3.19 -999 369.71
Saria 2000 12 24 359 14.55 35.06 17.82 -999 0 3.13 -999 369.71
Saria 2000 12 25 360 14.46 35.22 18.612 -999 0 3.15 -999 369.71
Saria 2000 12 26 361 13.55 35.42 17.892 -999 0 2.72 -999 369.71
Saria 2000 12 27 362 14.89 34.88 17.892 -999 0 2.66 -999 369.71
Saria 2000 12 28 363 14.34 35.5 17.964 -999 0 3.15 -999 369.71
Saria 2000 12 29 364 15.29 35.1 17.964 -999 0 3.16 -999 369.71
Saria 2000 12 30 365 14.24 34.97 17.316 -999 0 2.99 -999 369.71
Saria 2000 12 31 366 14.05 34.82 17.424 -999 0 3.29 -999 369.71
