Saria 2005 1 1 1 16.34 29.47 19.656 -999 0 3.43 -999 379.98
Saria 2005 1 2 2 14.94 32.26 20.34 -999 0 3.58 -999 379.98
Saria 2005 1 3 3 15.73 32.96 19.692 -999 0 3.36 -999 379.98
Saria 2005 1 4 4 15.55 34.23 19.656 -999 0 3.2 -999 379.98
Saria 2005 1 5 5 16.47 34.35 19.188 -999 0 3.84 -999 379.98
Saria 2005 1 6 6 17.23 32.65 14.58 -999 0 4.62 -999 379.98
Saria 2005 1 7 7 16.26 31.48 12.42 -999 0 4.67 -999 379.98
Saria 2005 1 8 8 14.83 30.29 16.344 -999 0 4.85 -999 379.98
Saria 2005 1 9 9 13.05 30.2 19.116 -999 0 4.59 -999 379.98
Saria 2005 1 10 10 13.2 29.48 13.212 -999 0 4 -999 379.98
Saria 2005 1 11 11 14.19 27.46 12.204 -999 0 3.91 -999 379.98
Saria 2005 1 12 12 13.64 29.31 10.98 -999 0 3.57 -999 379.98
Saria 2005 1 13 13 13.93 29.01 13.248 -999 0 3.66 -999 379.98
Saria 2005 1 14 14 13.12 31.49 16.668 -999 0 3.54 -999 379.98
Saria 2005 1 15 15 13.7 32.44 20.808 -999 0 3.09 -999 379.98
Saria 2005 1 16 16 14.91 34.26 20.088 -999 0 3.4 -999 379.98
Saria 2005 1 17 17 16.15 32.62 19.944 -999 0 4.19 -999 379.98
Saria 2005 1 18 18 15.37 32.45 20.196 -999 0 4.52 -999 379.98
Saria 2005 1 19 19 15.28 33.44 21.276 -999 0 3.81 -999 379.98
Saria 2005 1 20 20 15.71 31.85 22.14 -999 0 3.42 -999 379.98
Saria 2005 1 21 21 14.98 31.51 21.636 -999 0 3.49 -999 379.98
Saria 2005 1 22 22 15.96 33.26 21.528 -999 0 3.41 -999 379.98
Saria 2005 1 23 23 15.05 35.15 21.168 -999 0 3.08 -999 379.98
Saria 2005 1 24 24 16.5 35.72 20.736 -999 0 3.62 -999 379.98
Saria 2005 1 25 25 16.42 36.86 20.16 -999 0 2.26 -999 379.98
Saria 2005 1 26 26 18.01 37.92 19.872 -999 0 2.13 -999 379.98
Saria 2005 1 27 27 19.72 36.97 20.7 -999 0.03 1.71 -999 379.98
Saria 2005 1 28 28 19.15 36.67 20.232 -999 0.08 2.41 -999 379.98
Saria 2005 1 29 29 20.37 35.45 20.016 -999 0.39 3.12 -999 379.98
Saria 2005 1 30 30 18.67 35.3 15.66 -999 0.03 3.7 -999 379.98
Saria 2005 1 31 31 20.08 34.89 16.92 -999 0 4.7 -999 379.98
Saria 2005 2 1 32 20.1 35.29 21.888 -999 0 4.35 -999 379.98
Saria 2005 2 2 33 20.15 37.29 21.168 -999 0 3.76 -999 379.98
Saria 2005 2 3 34 19.07 37.84 18.504 -999 0 3.09 -999 379.98
Saria 2005 2 4 35 18.83 36.81 20.7 -999 0 4.01 -999 379.98
Saria 2005 2 5 36 18.87 37.28 19.728 -999 0 3.84 -999 379.98
Saria 2005 2 6 37 19.61 36.01 17.568 -999 0 3.88 -999 379.98
Saria 2005 2 7 38 18.95 35.69 18.972 -999 0 2.71 -999 379.98
Saria 2005 2 8 39 19.77 35.34 21.924 -999 0 3.83 -999 379.98
Saria 2005 2 9 40 18.94 34.21 19.944 -999 0 3.65 -999 379.98
Saria 2005 2 10 41 21.44 35.55 18.324 -999 0 4.13 -999 379.98
Saria 2005 2 11 42 24.15 34.53 13.824 -999 0 4.86 -999 379.98
Saria 2005 2 12 43 23.7 38 14.94 -999 0 5.17 -999 379.98
Saria 2005 2 13 44 21.92 37.07 17.208 -999 0 5.34 -999 379.98
Saria 2005 2 14 45 20.74 34.76 13.932 -999 0 3.48 -999 379.98
Saria 2005 2 15 46 19.19 37.83 21.924 -999 0 3.92 -999 379.98
Saria 2005 2 16 47 19.68 39.3 22.896 -999 0 3.28 -999 379.98
Saria 2005 2 17 48 19.34 39.77 23.256 -999 0 2.52 -999 379.98
Saria 2005 2 18 49 23.57 40.35 21.6 -999 0.01 1.54 -999 379.98
Saria 2005 2 19 50 23.09 39.46 13.284 -999 0.37 1.52 -999 379.98
Saria 2005 2 20 51 26.44 39.98 13.356 -999 0 2.8 -999 379.98
Saria 2005 2 21 52 22.44 38.17 16.74 -999 0.02 2.41 -999 379.98
Saria 2005 2 22 53 22.49 38.26 22.464 -999 0 3.16 -999 379.98
Saria 2005 2 23 54 24.6 39.53 21.492 -999 0 4.27 -999 379.98
Saria 2005 2 24 55 26.65 41.03 21.096 -999 0 3.24 -999 379.98
Saria 2005 2 25 56 25.19 39.48 16.308 -999 0 4.06 -999 379.98
Saria 2005 2 26 57 24.26 38.84 18.036 -999 0 3.48 -999 379.98
Saria 2005 2 27 58 24.65 39.04 18.108 -999 0 4.15 -999 379.98
Saria 2005 2 28 59 25.3 40.15 19.728 -999 0 2.96 -999 379.98
Saria 2005 3 1 60 25.06 40.93 18.936 -999 0 3.08 -999 379.98
Saria 2005 3 2 61 26.88 40.4 16.74 -999 0 1.95 -999 379.98
Saria 2005 3 3 62 27.03 36.58 10.224 -999 0 1.99 -999 379.98
Saria 2005 3 4 63 24.73 37.11 12.636 -999 0 3.27 -999 379.98
Saria 2005 3 5 64 26.53 38.4 13.212 -999 0 1.81 -999 379.98
Saria 2005 3 6 65 25.47 38.99 18.576 -999 0 2.62 -999 379.98
Saria 2005 3 7 66 26.64 39.21 17.316 -999 0 3.66 -999 379.98
Saria 2005 3 8 67 25.87 40.7 18.216 -999 0 3.17 -999 379.98
Saria 2005 3 9 68 26.33 39.45 19.044 -999 0 4.28 -999 379.98
Saria 2005 3 10 69 25.92 40.98 24.624 -999 0 3.84 -999 379.98
Saria 2005 3 11 70 23.36 41.45 21.816 -999 0 3.15 -999 379.98
Saria 2005 3 12 71 23.65 41.01 17.892 -999 0.06 3.17 -999 379.98
Saria 2005 3 13 72 26.55 39.63 19.152 -999 0.28 4.25 -999 379.98
Saria 2005 3 14 73 27.55 38.42 19.116 -999 0.47 2.88 -999 379.98
Saria 2005 3 15 74 26.04 40.18 19.836 -999 0 1.68 -999 379.98
Saria 2005 3 16 75 26.64 42.14 23.148 -999 0 3.49 -999 379.98
Saria 2005 3 17 76 23.84 42.09 24.804 -999 0 3.67 -999 379.98
Saria 2005 3 18 77 22.71 41.16 22.896 -999 0 2.49 -999 379.98
Saria 2005 3 19 78 22.28 40.26 22.32 -999 0 2.38 -999 379.98
Saria 2005 3 20 79 23.4 40.18 18.864 -999 0 2.62 -999 379.98
Saria 2005 3 21 80 25.24 40.42 20.952 -999 0 1.68 -999 379.98
Saria 2005 3 22 81 22.98 40.55 25.056 -999 0.03 1.8 -999 379.98
Saria 2005 3 23 82 24.46 41.54 23.724 -999 0.01 2 -999 379.98
Saria 2005 3 24 83 27.51 41.8 23.76 -999 0.03 1.89 -999 379.98
Saria 2005 3 25 84 26.55 42.25 24.156 -999 0.16 2.05 -999 379.98
Saria 2005 3 26 85 23.44 42.07 24.084 -999 0 2.91 -999 379.98
Saria 2005 3 27 86 24.81 41.49 21.024 -999 0.06 2.8 -999 379.98
Saria 2005 3 28 87 24.08 41.64 24.444 -999 0 3.04 -999 379.98
Saria 2005 3 29 88 21.48 42.23 25.272 -999 0 3.5 -999 379.98
Saria 2005 3 30 89 20.91 42.59 26.388 -999 0 3.42 -999 379.98
Saria 2005 3 31 90 20.44 41.63 25.56 -999 0 2.74 -999 379.98
Saria 2005 4 1 91 21.04 41.58 23.796 -999 0.03 2.07 -999 379.98
Saria 2005 4 2 92 25.8 42.06 21.42 -999 0.09 2.16 -999 379.98
Saria 2005 4 3 93 28.22 42.19 21.924 -999 0.03 2.35 -999 379.98
Saria 2005 4 4 94 28.3 43.6 24.084 -999 0.02 2.27 -999 379.98
Saria 2005 4 5 95 27.76 43.34 23.436 -999 0 2.8 -999 379.98
Saria 2005 4 6 96 24.33 43.19 23.688 -999 0 2.65 -999 379.98
Saria 2005 4 7 97 22.87 43.06 24.336 -999 0 3.24 -999 379.98
Saria 2005 4 8 98 22.45 41.58 22.608 -999 0.04 1.76 -999 379.98
Saria 2005 4 9 99 27.18 41.12 23.328 -999 0.69 3.26 -999 379.98
Saria 2005 4 10 100 28.22 39.75 20.88 -999 3.07 2.48 -999 379.98
Saria 2005 4 11 101 28.26 38.56 19.764 -999 1.18 1.98 -999 379.98
Saria 2005 4 12 102 28.49 40.38 21.348 -999 0.22 2.18 -999 379.98
Saria 2005 4 13 103 26.51 41.48 23.616 -999 0 1.88 -999 379.98
Saria 2005 4 14 104 28.77 40.76 19.836 -999 0 3.19 -999 379.98
Saria 2005 4 15 105 28.96 40.73 22.608 -999 0.06 4.07 -999 379.98
Saria 2005 4 16 106 27.89 38.55 20.952 -999 1.7 3.83 -999 379.98
Saria 2005 4 17 107 28.41 40.61 20.664 -999 1.17 3.28 -999 379.98
Saria 2005 4 18 108 26.62 41.7 20.592 -999 3.91 2.27 -999 379.98
Saria 2005 4 19 109 27.22 39.3 24.156 -999 0.79 2.36 -999 379.98
Saria 2005 4 20 110 25.6 39.82 16.884 -999 0 1.95 -999 379.98
Saria 2005 4 21 111 26.94 41.25 24.804 -999 0.01 1.98 -999 379.98
Saria 2005 4 22 112 24.82 41.82 26.784 -999 0.06 1.12 -999 379.98
Saria 2005 4 23 113 26.01 37.03 20.952 -999 1.13 4.72 -999 379.98
Saria 2005 4 24 114 25.74 40.72 13.14 -999 0.04 2.16 -999 379.98
Saria 2005 4 25 115 26.4 42.79 24.804 -999 0 2.97 -999 379.98
Saria 2005 4 26 116 24.31 42.58 21.204 -999 0.21 2.37 -999 379.98
Saria 2005 4 27 117 27.15 40.84 23.292 -999 0.12 3.88 -999 379.98
Saria 2005 4 28 118 29.17 42.1 19.944 -999 2.4 2.98 -999 379.98
Saria 2005 4 29 119 27.14 36.35 22.464 -999 8.64 2.44 -999 379.98
Saria 2005 4 30 120 25.84 40.34 23.112 -999 0.37 2.91 -999 379.98
Saria 2005 5 1 121 25.85 36.82 24.516 -999 1.48 4.91 -999 379.98
Saria 2005 5 2 122 25.99 34.26 26.1 -999 3.86 4.52 -999 379.98
Saria 2005 5 3 123 24.83 37.43 24.552 -999 2.1 3.55 -999 379.98
Saria 2005 5 4 124 24.97 38.11 24.264 -999 0.69 3.03 -999 379.98
Saria 2005 5 5 125 25.35 36.49 17.856 -999 5.67 2.47 -999 379.98
Saria 2005 5 6 126 24.58 34.65 22.068 -999 3.36 3.83 -999 379.98
Saria 2005 5 7 127 23.74 37.3 23.004 -999 0.3 3.58 -999 379.98
Saria 2005 5 8 128 23.9 38.59 25.74 -999 3.57 2.83 -999 379.98
Saria 2005 5 9 129 25.23 38.7 22.464 -999 2.11 3.73 -999 379.98
Saria 2005 5 10 130 25.59 38.03 19.764 -999 0.58 3.53 -999 379.98
Saria 2005 5 11 131 25.81 39.73 25.452 -999 0.54 2.66 -999 379.98
Saria 2005 5 12 132 26.12 42.05 24.264 -999 0.05 2.23 -999 379.98
Saria 2005 5 13 133 26.83 39.39 21.96 -999 0.36 4.18 -999 379.98
Saria 2005 5 14 134 26.28 40.65 21.204 -999 0.01 2.56 -999 379.98
Saria 2005 5 15 135 28.3 40.75 21.744 -999 0.3 2.58 -999 379.98
Saria 2005 5 16 136 28.58 39.44 20.952 -999 0.4 3.74 -999 379.98
Saria 2005 5 17 137 27.35 39.26 23.832 -999 0.03 2.85 -999 379.98
Saria 2005 5 18 138 28 40.71 21.384 -999 0.04 2.36 -999 379.98
Saria 2005 5 19 139 27.62 42.26 21.924 -999 0 2.85 -999 379.98
Saria 2005 5 20 140 27.46 41.67 22.428 -999 0.32 2.91 -999 379.98
Saria 2005 5 21 141 28.45 42.37 20.88 -999 0.21 2.95 -999 379.98
Saria 2005 5 22 142 28.76 38.08 23.148 -999 12.29 3.63 -999 379.98
Saria 2005 5 23 143 26.5 39.04 20.628 -999 0.25 2.77 -999 379.98
Saria 2005 5 24 144 25.54 41.83 24.912 -999 2.57 3.02 -999 379.98
Saria 2005 5 25 145 26.47 38.22 23.832 -999 96.68 2.34 -999 379.98
Saria 2005 5 26 146 25.14 36.9 19.512 -999 0.72 2.78 -999 379.98
Saria 2005 5 27 147 24.85 36.71 20.7 -999 0.26 2.92 -999 379.98
Saria 2005 5 28 148 24.94 38.26 24.264 -999 3.08 2.63 -999 379.98
Saria 2005 5 29 149 25.37 35.18 23.256 -999 2.35 3.47 -999 379.98
Saria 2005 5 30 150 25.08 34.47 11.916 -999 16.91 2.77 -999 379.98
Saria 2005 5 31 151 24.33 34.04 23.076 -999 0.77 3.19 -999 379.98
Saria 2005 6 1 152 24.55 35.12 23.076 -999 2.29 2.36 -999 379.98
Saria 2005 6 2 153 23.83 35.82 20.916 -999 4.81 2.4 -999 379.98
Saria 2005 6 3 154 24.31 33.43 23.544 -999 23.08 2.64 -999 379.98
Saria 2005 6 4 155 24.21 35.07 6.48 -999 1.07 2.28 -999 379.98
Saria 2005 6 5 156 24.01 36.15 23.112 -999 0.06 1.57 -999 379.98
Saria 2005 6 6 157 24.33 37.95 22.212 -999 0.05 2.16 -999 379.98
Saria 2005 6 7 158 25.08 38.98 23.184 -999 0.04 3.54 -999 379.98
Saria 2005 6 8 159 26.3 35.13 20.196 -999 1.1 3.85 -999 379.98
Saria 2005 6 9 160 25.12 31.26 22.536 -999 2.22 3.23 -999 379.98
Saria 2005 6 10 161 22.99 35.25 24.084 -999 3.07 2.23 -999 379.98
Saria 2005 6 11 162 23.88 38.33 19.44 -999 1.15 1.91 -999 379.98
Saria 2005 6 12 163 24.66 38.23 21.672 -999 1.8 2.46 -999 379.98
Saria 2005 6 13 164 25.39 36.33 23.436 -999 1.61 3.73 -999 379.98
Saria 2005 6 14 165 24.66 36.18 25.164 -999 1.89 2.75 -999 379.98
Saria 2005 6 15 166 24.88 32.98 10.26 -999 8.82 2.33 -999 379.98
Saria 2005 6 16 167 23.96 34.3 23.22 -999 8.11 1.91 -999 379.98
Saria 2005 6 17 168 25.22 34.63 17.784 -999 5 3.62 -999 379.98
Saria 2005 6 18 169 24.45 33.63 18.936 -999 1.64 3.69 -999 379.98
Saria 2005 6 19 170 23.52 34.43 24.948 -999 1.4 3.12 -999 379.98
Saria 2005 6 20 171 23.32 36.92 23.652 -999 0.36 2.32 -999 379.98
Saria 2005 6 21 172 24.05 36.8 22.5 -999 1.49 1.7 -999 379.98
Saria 2005 6 22 173 23.82 36.61 22.248 -999 2.8 1.73 -999 379.98
Saria 2005 6 23 174 24.48 38.43 21.132 -999 1.42 2.33 -999 379.98
Saria 2005 6 24 175 24.59 31.06 19.332 -999 24.89 3.58 -999 379.98
Saria 2005 6 25 176 23.44 32.05 12.996 -999 7.33 2.55 -999 379.98
Saria 2005 6 26 177 23.12 31.59 21.564 -999 5.01 3.12 -999 379.98
Saria 2005 6 27 178 21.69 34.28 16.992 -999 0.21 2.47 -999 379.98
Saria 2005 6 28 179 23.6 33.36 20.16 -999 9.3 1.59 -999 379.98
Saria 2005 6 29 180 22.96 34.52 22.932 -999 7.38 1.6 -999 379.98
Saria 2005 6 30 181 23.73 33.33 15.192 -999 3.97 2.3 -999 379.98
Saria 2005 7 1 182 23.64 34.51 19.368 -999 6.73 1.88 -999 379.98
Saria 2005 7 2 183 24.51 30.81 19.728 -999 3.89 1.86 -999 379.98
Saria 2005 7 3 184 23.52 31.28 12.384 -999 0.61 1.92 -999 379.98
Saria 2005 7 4 185 22.26 36.22 25.092 -999 0.14 1.59 -999 379.98
Saria 2005 7 5 186 22.98 36.82 20.376 -999 0.3 1.83 -999 379.98
Saria 2005 7 6 187 23.9 35.8 21.06 -999 3.85 3.12 -999 379.98
Saria 2005 7 7 188 23.9 33.55 19.692 -999 1.14 2.4 -999 379.98
Saria 2005 7 8 189 23.83 33.33 21.492 -999 2.46 1.8 -999 379.98
Saria 2005 7 9 190 23.59 30.99 14.256 -999 2.41 1.77 -999 379.98
Saria 2005 7 10 191 22.33 32.76 11.736 -999 8.86 2.58 -999 379.98
Saria 2005 7 11 192 22.7 31.69 19.836 -999 1.71 1.95 -999 379.98
Saria 2005 7 12 193 22.06 35.72 25.02 -999 1.65 1.45 -999 379.98
Saria 2005 7 13 194 22.79 36.33 23.328 -999 6.85 2.16 -999 379.98
Saria 2005 7 14 195 23.58 32.33 6.84 -999 8.96 2.2 -999 379.98
Saria 2005 7 15 196 22.73 28.5 13.5 -999 2.55 2.07 -999 379.98
Saria 2005 7 16 197 22.1 36.31 24.336 -999 0.02 1.22 -999 379.98
Saria 2005 7 17 198 23.54 33.73 16.128 -999 4.78 2.63 -999 379.98
Saria 2005 7 18 199 22.96 33.11 20.988 -999 5.88 2.52 -999 379.98
Saria 2005 7 19 200 22.37 30.23 20.664 -999 8.67 2.44 -999 379.98
Saria 2005 7 20 201 20.46 33.59 18.864 -999 10.82 1.84 -999 379.98
Saria 2005 7 21 202 23.48 32.63 20.232 -999 5.65 1.51 -999 379.98
Saria 2005 7 22 203 23.13 33.82 24.948 -999 0.53 1.73 -999 379.98
Saria 2005 7 23 204 22.79 35.97 24.3 -999 0.51 2.13 -999 379.98
Saria 2005 7 24 205 22.64 37.81 22.752 -999 1.2 1.51 -999 379.98
Saria 2005 7 25 206 24.08 33.31 9.648 -999 1.14 2.26 -999 379.98
Saria 2005 7 26 207 23.97 34.4 23.868 -999 1.38 2.23 -999 379.98
Saria 2005 7 27 208 23.65 33.42 24.84 -999 1.19 2.51 -999 379.98
Saria 2005 7 28 209 23.72 34.4 20.412 -999 1.7 2.81 -999 379.98
Saria 2005 7 29 210 23.4 33.99 17.496 -999 1.53 2.66 -999 379.98
Saria 2005 7 30 211 23.05 32.85 21.024 -999 3.94 2.12 -999 379.98
Saria 2005 7 31 212 23.26 33.05 13.428 -999 3.69 2.01 -999 379.98
Saria 2005 8 1 213 23.26 34.55 17.712 -999 1.23 1.82 -999 379.98
Saria 2005 8 2 214 23.85 32.89 23.976 -999 0.66 1.41 -999 379.98
Saria 2005 8 3 215 23.7 34.89 20.88 -999 4.82 1.37 -999 379.98
Saria 2005 8 4 216 23.83 34.33 22.608 -999 17.65 1.2 -999 379.98
Saria 2005 8 5 217 23.87 31.9 17.352 -999 4.38 1.84 -999 379.98
Saria 2005 8 6 218 24.09 32.15 22.968 -999 8.41 2.74 -999 379.98
Saria 2005 8 7 219 23.3 34.15 16.56 -999 2.96 2.23 -999 379.98
Saria 2005 8 8 220 23.32 31.6 13.176 -999 46.04 1.34 -999 379.98
Saria 2005 8 9 221 21.98 30.27 9.756 -999 5.62 2.28 -999 379.98
Saria 2005 8 10 222 22.94 31.14 20.088 -999 3.57 2.02 -999 379.98
Saria 2005 8 11 223 22.5 31.61 24.12 -999 5.9 1.23 -999 379.98
Saria 2005 8 12 224 22.47 32.8 11.268 -999 3.47 1.42 -999 379.98
Saria 2005 8 13 225 22.6 32.28 17.964 -999 1.04 1.77 -999 379.98
Saria 2005 8 14 226 21.56 33.63 21.636 -999 0.21 1.87 -999 379.98
Saria 2005 8 15 227 22.48 32.45 22.5 -999 8.84 2.09 -999 379.98
Saria 2005 8 16 228 22.73 32.26 12.744 -999 16.84 1.9 -999 379.98
Saria 2005 8 17 229 22.26 26.05 8.208 -999 7.69 1.75 -999 379.98
Saria 2005 8 18 230 21.12 30.98 20.556 -999 1 1.82 -999 379.98
Saria 2005 8 19 231 21.68 31.33 22.932 -999 3.23 1.59 -999 379.98
Saria 2005 8 20 232 22.59 33.37 20.34 -999 0.53 1.24 -999 379.98
Saria 2005 8 21 233 22.76 34.62 25.848 -999 0.73 1.43 -999 379.98
Saria 2005 8 22 234 23.42 33.47 22.716 -999 3.45 1.7 -999 379.98
Saria 2005 8 23 235 22.93 33.51 20.844 -999 4.34 1.49 -999 379.98
Saria 2005 8 24 236 23.26 33.2 23.724 -999 3.47 1.74 -999 379.98
Saria 2005 8 25 237 22.63 32.52 25.128 -999 6.48 1.69 -999 379.98
Saria 2005 8 26 238 23.23 30.12 12.024 -999 7.21 1.72 -999 379.98
Saria 2005 8 27 239 22.63 30.54 22.68 -999 2.04 1.55 -999 379.98
Saria 2005 8 28 240 22.15 33.15 24.948 -999 7.08 0.95 -999 379.98
Saria 2005 8 29 241 22.41 27.62 9.756 -999 3.2 1.21 -999 379.98
Saria 2005 8 30 242 21.58 29.51 10.584 -999 4.5 1.55 -999 379.98
Saria 2005 8 31 243 20.75 32.2 23.544 -999 0.33 1.9 -999 379.98
Saria 2005 9 1 244 22.44 31.29 20.196 -999 6.76 1.77 -999 379.98
Saria 2005 9 2 245 22.49 28.83 12.924 -999 6.18 1.41 -999 379.98
Saria 2005 9 3 246 21.67 31.03 21.816 -999 14.87 1.67 -999 379.98
Saria 2005 9 4 247 22.57 33.08 17.496 -999 4.6 1.05 -999 379.98
Saria 2005 9 5 248 21.73 33.06 23.184 -999 18.97 1.53 -999 379.98
Saria 2005 9 6 249 21.63 31.9 18.252 -999 6.7 2.31 -999 379.98
Saria 2005 9 7 250 21.81 30.32 21.42 -999 6.62 1.38 -999 379.98
Saria 2005 9 8 251 23.07 33.45 15.408 -999 2.85 1.27 -999 379.98
Saria 2005 9 9 252 23.2 33.03 18.828 -999 4.31 1.17 -999 379.98
Saria 2005 9 10 253 22.3 33.56 23.976 -999 5.1 2.02 -999 379.98
Saria 2005 9 11 254 23.54 32.02 24.696 -999 5.78 1.8 -999 379.98
Saria 2005 9 12 255 23.16 31.76 21.492 -999 1.51 1.75 -999 379.98
Saria 2005 9 13 256 22.82 33.01 24.228 -999 2.78 1.8 -999 379.98
Saria 2005 9 14 257 22.38 34.37 19.62 -999 1.69 1.39 -999 379.98
Saria 2005 9 15 258 22.55 34.07 23.58 -999 0.13 1.17 -999 379.98
Saria 2005 9 16 259 22.58 35.87 24.624 -999 2.43 1.83 -999 379.98
Saria 2005 9 17 260 22.86 36.42 25.596 -999 0.96 1.48 -999 379.98
Saria 2005 9 18 261 22.79 37.1 25.56 -999 1.06 1.3 -999 379.98
Saria 2005 9 19 262 23.82 36.82 24.732 -999 1.07 1.27 -999 379.98
Saria 2005 9 20 263 23.73 31.85 21.528 -999 1.51 2.09 -999 379.98
Saria 2005 9 21 264 22.73 32.81 22.32 -999 1.19 2.34 -999 379.98
Saria 2005 9 22 265 21.91 34.58 22.14 -999 4.99 1.67 -999 379.98
Saria 2005 9 23 266 22.26 36.28 25.128 -999 1.06 1.6 -999 379.98
Saria 2005 9 24 267 23.22 32.81 21.024 -999 0.52 1.62 -999 379.98
Saria 2005 9 25 268 22.61 30.01 19.404 -999 9.71 2.11 -999 379.98
Saria 2005 9 26 269 21.48 27.98 21.672 -999 10.37 2.04 -999 379.98
Saria 2005 9 27 270 21.33 31.27 13.176 -999 6.42 2.01 -999 379.98
Saria 2005 9 28 271 21.2 33.58 22.788 -999 0.44 1.7 -999 379.98
Saria 2005 9 29 272 21.75 35.94 24.228 -999 1.08 1.57 -999 379.98
Saria 2005 9 30 273 22.24 35.76 24.12 -999 3.89 1.77 -999 379.98
Saria 2005 10 1 274 22.9 33.08 19.512 -999 1.02 1.84 -999 379.98
Saria 2005 10 2 275 22.5 32.62 22.644 -999 6.78 1.74 -999 379.98
Saria 2005 10 3 276 23.01 31.36 19.62 -999 3.91 2.28 -999 379.98
Saria 2005 10 4 277 22.44 31.43 16.488 -999 0.24 2 -999 379.98
Saria 2005 10 5 278 21.46 34.26 23.616 -999 0.1 1.59 -999 379.98
Saria 2005 10 6 279 21.65 34.8 21.888 -999 0 2.09 -999 379.98
Saria 2005 10 7 280 21.94 36.66 19.548 -999 0.01 2.08 -999 379.98
Saria 2005 10 8 281 21.55 36.21 23.796 -999 0.01 2.24 -999 379.98
Saria 2005 10 9 282 21.78 36.71 24.408 -999 0.16 2.16 -999 379.98
Saria 2005 10 10 283 22.11 35.9 23.868 -999 1.48 2.27 -999 379.98
Saria 2005 10 11 284 21.98 36.35 22.644 -999 0.02 1.84 -999 379.98
Saria 2005 10 12 285 21.19 38.39 23.796 -999 0.02 2 -999 379.98
Saria 2005 10 13 286 22.87 37.09 22.608 -999 0.73 1.7 -999 379.98
Saria 2005 10 14 287 22.97 37.44 22.032 -999 4.7 1.93 -999 379.98
Saria 2005 10 15 288 23.37 36.09 20.448 -999 3 1.69 -999 379.98
Saria 2005 10 16 289 22.94 37.38 21.024 -999 0.18 1.68 -999 379.98
Saria 2005 10 17 290 22.51 37.22 22.32 -999 0 1.98 -999 379.98
Saria 2005 10 18 291 22.4 37 21.528 -999 0 2.3 -999 379.98
Saria 2005 10 19 292 22.19 37.01 20.88 -999 0.02 2.12 -999 379.98
Saria 2005 10 20 293 22.38 37.75 21.852 -999 0.01 2.32 -999 379.98
Saria 2005 10 21 294 22.86 37.81 22.14 -999 0 1.92 -999 379.98
Saria 2005 10 22 295 22.76 37.12 21.96 -999 0.02 2.3 -999 379.98
Saria 2005 10 23 296 23.15 36.97 20.484 -999 0.05 1.98 -999 379.98
Saria 2005 10 24 297 20.24 37.09 22.464 -999 0 2.19 -999 379.98
Saria 2005 10 25 298 18.73 37.05 24.768 -999 0 2.45 -999 379.98
Saria 2005 10 26 299 19 36.85 23.112 -999 0 2.2 -999 379.98
Saria 2005 10 27 300 18.56 36.48 23.148 -999 0 2.37 -999 379.98
Saria 2005 10 28 301 18.67 37.2 22.932 -999 0 2.18 -999 379.98
Saria 2005 10 29 302 20.6 37.1 22.5 -999 0 2.13 -999 379.98
Saria 2005 10 30 303 19.26 36.79 23.508 -999 0 2.27 -999 379.98
Saria 2005 10 31 304 16.92 37.26 23.04 -999 0 1.88 -999 379.98
Saria 2005 11 1 305 20.08 36.87 20.088 -999 0.01 1.72 -999 379.98
Saria 2005 11 2 306 22.58 36.02 14.652 -999 0 1.87 -999 379.98
Saria 2005 11 3 307 22.21 36.03 17.892 -999 0 2.1 -999 379.98
Saria 2005 11 4 308 19.89 35.78 22.068 -999 0 2.55 -999 379.98
Saria 2005 11 5 309 20.55 36.48 20.988 -999 0 1.98 -999 379.98
Saria 2005 11 6 310 21.57 34.97 16.812 -999 0 2.27 -999 379.98
Saria 2005 11 7 311 18.98 35.12 19.476 -999 0 3.5 -999 379.98
Saria 2005 11 8 312 17.53 35.48 22.68 -999 0 3.27 -999 379.98
Saria 2005 11 9 313 17.51 35.26 18.216 -999 0 2.9 -999 379.98
Saria 2005 11 10 314 17.57 35.82 22.068 -999 0 3.28 -999 379.98
Saria 2005 11 11 315 16.68 36.04 21.348 -999 0 2.82 -999 379.98
Saria 2005 11 12 316 17.47 35.4 17.856 -999 0 2.63 -999 379.98
Saria 2005 11 13 317 16.44 35.99 20.52 -999 0 2.55 -999 379.98
Saria 2005 11 14 318 15.79 36.51 21.06 -999 0 2.27 -999 379.98
Saria 2005 11 15 319 16.15 35.45 20.988 -999 0 2.62 -999 379.98
Saria 2005 11 16 320 16.24 36.14 22.86 -999 0 2.84 -999 379.98
Saria 2005 11 17 321 15.77 35.86 22.572 -999 0 2.77 -999 379.98
Saria 2005 11 18 322 15.16 36.23 22.284 -999 0 2.65 -999 379.98
Saria 2005 11 19 323 16.76 36.33 21.348 -999 0 2.35 -999 379.98
Saria 2005 11 20 324 16.29 36.85 21.6 -999 0 2.55 -999 379.98
Saria 2005 11 21 325 16.94 35.05 18.324 -999 0 2.84 -999 379.98
Saria 2005 11 22 326 15.56 36.75 21.744 -999 0 2.48 -999 379.98
Saria 2005 11 23 327 15.33 36.45 19.764 -999 0 2.52 -999 379.98
Saria 2005 11 24 328 16.37 37.04 19.116 -999 0 2.23 -999 379.98
Saria 2005 11 25 329 20.58 37.64 17.676 -999 0 1.16 -999 379.98
Saria 2005 11 26 330 18.46 37.11 18.324 -999 0 1.79 -999 379.98
Saria 2005 11 27 331 19.93 36.95 18.828 -999 0 1.84 -999 379.98
Saria 2005 11 28 332 18.63 36.9 15.984 -999 0 2.73 -999 379.98
Saria 2005 11 29 333 18.73 37.56 20.844 -999 0 2.74 -999 379.98
Saria 2005 11 30 334 17.7 37.63 21.312 -999 0 1.86 -999 379.98
Saria 2005 12 1 335 18.08 37.44 21.564 -999 0 2.54 -999 379.98
Saria 2005 12 2 336 17.48 35.9 21.06 -999 0 3.42 -999 379.98
Saria 2005 12 3 337 16.73 36.65 22.032 -999 0 3.32 -999 379.98
Saria 2005 12 4 338 18.31 36.4 21.78 -999 0 3.5 -999 379.98
Saria 2005 12 5 339 18.62 36.14 20.052 -999 0 2.77 -999 379.98
Saria 2005 12 6 340 17.26 36.57 21.564 -999 0 2.38 -999 379.98
Saria 2005 12 7 341 16.85 36.04 20.988 -999 0.01 2.59 -999 379.98
Saria 2005 12 8 342 16.22 36.09 21.204 -999 0 2.91 -999 379.98
Saria 2005 12 9 343 15.96 35.3 21.564 -999 0 3.1 -999 379.98
Saria 2005 12 10 344 15.15 35.12 19.548 -999 0 2.6 -999 379.98
Saria 2005 12 11 345 16.2 35.72 20.88 -999 0 2.68 -999 379.98
Saria 2005 12 12 346 16.6 35.6 21.168 -999 0 3.41 -999 379.98
Saria 2005 12 13 347 17.47 34.66 21.276 -999 0 4.05 -999 379.98
Saria 2005 12 14 348 16.63 34.31 20.34 -999 0 3.71 -999 379.98
Saria 2005 12 15 349 15.98 35.04 21.492 -999 0 3.34 -999 379.98
Saria 2005 12 16 350 15.62 35.53 21.708 -999 0 3.34 -999 379.98
Saria 2005 12 17 351 16.81 36.03 22.14 -999 0 3.78 -999 379.98
Saria 2005 12 18 352 17.09 35.98 21.636 -999 0 4.18 -999 379.98
Saria 2005 12 19 353 16.25 34.37 21.888 -999 0 4.05 -999 379.98
Saria 2005 12 20 354 15.13 33.73 21.528 -999 0 3.49 -999 379.98
Saria 2005 12 21 355 14.99 34.3 21.564 -999 0 3.08 -999 379.98
Saria 2005 12 22 356 14.67 35.29 19.152 -999 0 3.14 -999 379.98
Saria 2005 12 23 357 16.25 34.04 18.54 -999 0 3.69 -999 379.98
Saria 2005 12 24 358 16.24 31.93 18.324 -999 0 3.39 -999 379.98
Saria 2005 12 25 359 16.84 32.86 19.26 -999 0 3.94 -999 379.98
Saria 2005 12 26 360 16.69 34.42 21.096 -999 0 3.61 -999 379.98
Saria 2005 12 27 361 15.97 33.8 20.268 -999 0 3.39 -999 379.98
Saria 2005 12 28 362 17.63 33.59 20.16 -999 0 3.07 -999 379.98
Saria 2005 12 29 363 15.51 35.38 20.808 -999 0 2.28 -999 379.98
Saria 2005 12 30 364 16.25 32.92 17.928 -999 0 3.76 -999 379.98
Saria 2005 12 31 365 16.4 33 20.376 -999 0 3.79 -999 379.98
