Saria 2014 1 1 1 15.81 34.37 20.736 -999 0 3.63 -999 398.81
Saria 2014 1 2 2 16.16 33.77 20.808 -999 0 4.06 -999 398.81
Saria 2014 1 3 3 17.03 32.33 20.376 -999 0 4.23 -999 398.81
Saria 2014 1 4 4 15.77 32.49 20.808 -999 0 3.47 -999 398.81
Saria 2014 1 5 5 16.22 31.39 16.74 -999 0 3.2 -999 398.81
Saria 2014 1 6 6 15.95 30.57 17.604 -999 0 3.41 -999 398.81
Saria 2014 1 7 7 16.07 32.32 17.64 -999 0 3.11 -999 398.81
Saria 2014 1 8 8 15.26 33.67 19.62 -999 0 3.34 -999 398.81
Saria 2014 1 9 9 15.5 34.43 20.484 -999 0 3.27 -999 398.81
Saria 2014 1 10 10 15.86 34.45 21.348 -999 0 3.36 -999 398.81
Saria 2014 1 11 11 15.94 33.08 19.764 -999 0 3.52 -999 398.81
Saria 2014 1 12 12 14.95 32.03 19.152 -999 0 3.88 -999 398.81
Saria 2014 1 13 13 13.84 32.61 18.972 -999 0 3.45 -999 398.81
Saria 2014 1 14 14 13.87 33.7 22.14 -999 0 2.66 -999 398.81
Saria 2014 1 15 15 12.83 33.54 22.32 -999 0 2.91 -999 398.81
Saria 2014 1 16 16 13.63 34.8 22.608 -999 0 2.73 -999 398.81
Saria 2014 1 17 17 15.26 33.97 20.124 -999 4.27 2.69 -999 398.81
Saria 2014 1 18 18 21.33 31.9 7.056 -999 14.63 2.92 -999 398.81
Saria 2014 1 19 19 19.18 33.4 17.928 -999 0.26 2.1 -999 398.81
Saria 2014 1 20 20 18.47 33.58 16.38 -999 0.02 3.22 -999 398.81
Saria 2014 1 21 21 18.13 33.26 15.84 -999 0 3.51 -999 398.81
Saria 2014 1 22 22 17.71 34.28 21.276 -999 0 3.38 -999 398.81
Saria 2014 1 23 23 16.57 35.23 21.384 -999 0 3.26 -999 398.81
Saria 2014 1 24 24 18.63 35.66 19.944 -999 0 3.55 -999 398.81
Saria 2014 1 25 25 18.7 36.08 21.852 -999 0 4.4 -999 398.81
Saria 2014 1 26 26 18.09 35.41 18.36 -999 0 3.94 -999 398.81
Saria 2014 1 27 27 18.2 35.58 22.068 -999 0 3.95 -999 398.81
Saria 2014 1 28 28 16.31 35.16 23.004 -999 0 2.99 -999 398.81
Saria 2014 1 29 29 14.94 35.65 23.184 -999 0 2.66 -999 398.81
Saria 2014 1 30 30 16.36 35.55 22.68 -999 0 3.2 -999 398.81
Saria 2014 1 31 31 16.69 32.2 21.6 -999 0 4.23 -999 398.81
Saria 2014 2 1 32 13.55 29.2 24.372 -999 0 4.5 -999 398.81
Saria 2014 2 2 33 11.5 29.71 23.832 -999 0 3.84 -999 398.81
Saria 2014 2 3 34 12.05 32.26 24.228 -999 0 3.23 -999 398.81
Saria 2014 2 4 35 14.94 33.64 22.104 -999 0 3.48 -999 398.81
Saria 2014 2 5 36 20.07 32.24 19.26 -999 0.03 4.5 -999 398.81
Saria 2014 2 6 37 20.31 34.74 22.716 -999 0.16 4.06 -999 398.81
Saria 2014 2 7 38 19.02 36.02 23.436 -999 0.01 3.27 -999 398.81
Saria 2014 2 8 39 18.56 36.81 22.536 -999 0 3.79 -999 398.81
Saria 2014 2 9 40 19.72 36.15 20.304 -999 0 4.2 -999 398.81
Saria 2014 2 10 41 18.14 35.98 23.652 -999 0 3.81 -999 398.81
Saria 2014 2 11 42 15.61 35.44 24.66 -999 0 3.87 -999 398.81
Saria 2014 2 12 43 17.76 36.1 24.408 -999 0 3.89 -999 398.81
Saria 2014 2 13 44 18.83 35.71 24.624 -999 0 4.48 -999 398.81
Saria 2014 2 14 45 16.37 35.2 24.372 -999 0 4.64 -999 398.81
Saria 2014 2 15 46 15.33 35.26 25.056 -999 0 3.73 -999 398.81
Saria 2014 2 16 47 15.83 35.44 19.224 -999 0 3.73 -999 398.81
Saria 2014 2 17 48 19.07 35.11 10.692 -999 0 2.55 -999 398.81
Saria 2014 2 18 49 22.38 35.03 16.056 -999 0 2.77 -999 398.81
Saria 2014 2 19 50 19.74 34.66 20.448 -999 0 3.59 -999 398.81
Saria 2014 2 20 51 18.22 34.33 21.564 -999 0 3.86 -999 398.81
Saria 2014 2 21 52 16.53 35.3 21.708 -999 0 3.41 -999 398.81
Saria 2014 2 22 53 16.73 37.41 22.608 -999 0 2.91 -999 398.81
Saria 2014 2 23 54 17.95 38.67 23.076 -999 0 2.86 -999 398.81
Saria 2014 2 24 55 18.33 39.48 23.688 -999 0 2.91 -999 398.81
Saria 2014 2 25 56 17.79 38.69 21.888 -999 0 2.87 -999 398.81
Saria 2014 2 26 57 21.96 39.05 21.672 -999 0 2.06 -999 398.81
Saria 2014 2 27 58 24.13 37.7 22.14 -999 0 2.72 -999 398.81
Saria 2014 2 28 59 18.27 33.01 17.424 -999 0 4.35 -999 398.81
Saria 2014 3 1 60 16.27 33.35 22.752 -999 0 3.74 -999 398.81
Saria 2014 3 2 61 15.23 34.01 25.92 -999 0 3.77 -999 398.81
Saria 2014 3 3 62 15.07 35.73 26.748 -999 0 3.28 -999 398.81
Saria 2014 3 4 63 15.27 37.34 25.92 -999 0 3.07 -999 398.81
Saria 2014 3 5 64 16.12 38.58 25.956 -999 0 2.45 -999 398.81
Saria 2014 3 6 65 17.05 38.76 27.144 -999 0 3.08 -999 398.81
Saria 2014 3 7 66 17.73 38.99 26.28 -999 0 3.14 -999 398.81
Saria 2014 3 8 67 17.51 38.1 26.856 -999 0 4 -999 398.81
Saria 2014 3 9 68 17.79 39.05 25.992 -999 0 3.09 -999 398.81
Saria 2014 3 10 69 18.65 39.4 26.064 -999 0 3.44 -999 398.81
Saria 2014 3 11 70 18.58 38.87 22.428 -999 0 2.93 -999 398.81
Saria 2014 3 12 71 23.81 39.24 19.728 -999 0.07 2.68 -999 398.81
Saria 2014 3 13 72 24.87 34.8 18.324 -999 0.1 2.42 -999 398.81
Saria 2014 3 14 73 24.55 39.98 21.528 -999 0 2.86 -999 398.81
Saria 2014 3 15 74 20.68 39.8 23.544 -999 0.09 3.39 -999 398.81
Saria 2014 3 16 75 20.63 40.27 24.156 -999 0 4.14 -999 398.81
Saria 2014 3 17 76 21.28 40.05 20.376 -999 0 2.91 -999 398.81
Saria 2014 3 18 77 21.96 38.54 24.876 -999 0 2.58 -999 398.81
Saria 2014 3 19 78 22.28 40.64 21.672 -999 0 2.33 -999 398.81
Saria 2014 3 20 79 21.75 41.14 24.048 -999 0 1.65 -999 398.81
Saria 2014 3 21 80 23.52 40.03 25.344 -999 0.16 2.04 -999 398.81
Saria 2014 3 22 81 19.44 39.8 24.336 -999 0 2.48 -999 398.81
Saria 2014 3 23 82 19.59 39.01 19.584 -999 0 2.03 -999 398.81
Saria 2014 3 24 83 21.34 38.99 22.248 -999 0 2.48 -999 398.81
Saria 2014 3 25 84 21.42 37.14 23.328 -999 0 1.92 -999 398.81
Saria 2014 3 26 85 20.86 39.02 24.12 -999 0 3.25 -999 398.81
Saria 2014 3 27 86 23.31 37.87 15.804 -999 0.01 3.46 -999 398.81
Saria 2014 3 28 87 23.11 39.6 25.74 -999 0 1.63 -999 398.81
Saria 2014 3 29 88 22.21 40.9 26.172 -999 0 1.32 -999 398.81
Saria 2014 3 30 89 25.69 40.9 24.084 -999 0.76 1.89 -999 398.81
Saria 2014 3 31 90 24.55 37.54 18.072 -999 0.02 1.42 -999 398.81
Saria 2014 4 1 91 21.4 41.22 22.356 -999 0 1.99 -999 398.81
Saria 2014 4 2 92 23.49 42.01 26.496 -999 0 3.09 -999 398.81
Saria 2014 4 3 93 22.17 42.25 24.228 -999 0 3.45 -999 398.81
Saria 2014 4 4 94 25.07 36.29 18.648 -999 0.01 1.93 -999 398.81
Saria 2014 4 5 95 25.15 40.8 24.516 -999 0.01 2.23 -999 398.81
Saria 2014 4 6 96 26.09 38.69 22.392 -999 0.87 3.27 -999 398.81
Saria 2014 4 7 97 26.07 39.77 25.344 -999 1.08 2.42 -999 398.81
Saria 2014 4 8 98 27.18 39.82 20.736 -999 0.64 2.12 -999 398.81
Saria 2014 4 9 99 26.98 39.85 24.84 -999 0.86 1.87 -999 398.81
Saria 2014 4 10 100 25.28 39.82 22.464 -999 1.06 1.92 -999 398.81
Saria 2014 4 11 101 22.19 39.27 26.172 -999 1.09 2.64 -999 398.81
Saria 2014 4 12 102 24.62 40.5 26.136 -999 0.3 2.78 -999 398.81
Saria 2014 4 13 103 27.29 39.62 24.408 -999 2.37 2.59 -999 398.81
Saria 2014 4 14 104 26.07 39.5 23.256 -999 1.13 3.45 -999 398.81
Saria 2014 4 15 105 26.13 38.53 25.992 -999 0.52 2.73 -999 398.81
Saria 2014 4 16 106 25.15 42.47 26.892 -999 0.02 2.03 -999 398.81
Saria 2014 4 17 107 23.33 42.44 27.54 -999 0 1.98 -999 398.81
Saria 2014 4 18 108 23.87 41.83 27.396 -999 0.01 1.19 -999 398.81
Saria 2014 4 19 109 25.12 41.4 25.272 -999 0.01 3.12 -999 398.81
Saria 2014 4 20 110 27.3 41.95 24.66 -999 0.11 2.82 -999 398.81
Saria 2014 4 21 111 28.14 42.34 25.668 -999 3.06 3.3 -999 398.81
Saria 2014 4 22 112 26.99 37.99 25.02 -999 3.44 2.92 -999 398.81
Saria 2014 4 23 113 26.87 38.28 13.644 -999 0.73 3.32 -999 398.81
Saria 2014 4 24 114 25.8 39.02 25.02 -999 0.84 3.29 -999 398.81
Saria 2014 4 25 115 26.58 41.11 25.632 -999 0.01 2.98 -999 398.81
Saria 2014 4 26 116 26.62 37.69 24.912 -999 3.87 4.01 -999 398.81
Saria 2014 4 27 117 26.53 34.71 19.296 -999 1.23 3.09 -999 398.81
Saria 2014 4 28 118 25.31 38.75 23.256 -999 1.8 2.47 -999 398.81
Saria 2014 4 29 119 26.53 35.58 13.788 -999 3.28 3.45 -999 398.81
Saria 2014 4 30 120 25.69 37.51 22.104 -999 2.33 3.32 -999 398.81
Saria 2014 5 1 121 24.53 36.95 24.012 -999 1.59 4.09 -999 398.81
Saria 2014 5 2 122 24.48 39.51 24.192 -999 5.72 2.23 -999 398.81
Saria 2014 5 3 123 25.75 37.67 19.764 -999 4.7 2.42 -999 398.81
Saria 2014 5 4 124 26.21 38.08 20.808 -999 3.86 2.3 -999 398.81
Saria 2014 5 5 125 25.98 34.13 20.304 -999 7.59 3.65 -999 398.81
Saria 2014 5 6 126 25.57 34.69 19.44 -999 1.61 3.34 -999 398.81
Saria 2014 5 7 127 25.25 35.89 19.044 -999 0.89 3.46 -999 398.81
Saria 2014 5 8 128 25.27 35.3 21.528 -999 1.66 3.54 -999 398.81
Saria 2014 5 9 129 24.63 36.23 18.936 -999 1.56 3.71 -999 398.81
Saria 2014 5 10 130 24.64 34.94 16.776 -999 3.51 2.2 -999 398.81
Saria 2014 5 11 131 24.3 36.4 19.764 -999 0.49 2.13 -999 398.81
Saria 2014 5 12 132 24.41 39.76 24.3 -999 0.58 2.07 -999 398.81
Saria 2014 5 13 133 25.7 39.11 22.788 -999 1.21 3.13 -999 398.81
Saria 2014 5 14 134 26.45 36.58 16.956 -999 0.71 3.21 -999 398.81
Saria 2014 5 15 135 24.89 37.39 23.472 -999 0.84 3.05 -999 398.81
Saria 2014 5 16 136 24.61 36.87 24.912 -999 2.97 2.59 -999 398.81
Saria 2014 5 17 137 24.73 38.51 25.344 -999 4.58 3.76 -999 398.81
Saria 2014 5 18 138 24.72 34.08 20.736 -999 7.35 1.78 -999 398.81
Saria 2014 5 19 139 24.37 35.98 20.844 -999 0.15 2.45 -999 398.81
Saria 2014 5 20 140 24.74 38.65 20.484 -999 0 3.99 -999 398.81
Saria 2014 5 21 141 25.87 41.76 22.248 -999 0 3.96 -999 398.81
Saria 2014 5 22 142 26.58 40.42 21.924 -999 2.38 3.79 -999 398.81
Saria 2014 5 23 143 26.53 38.73 21.312 -999 2.51 2.9 -999 398.81
Saria 2014 5 24 144 26.79 40.45 25.128 -999 0.37 3.26 -999 398.81
Saria 2014 5 25 145 26.62 35.42 12.816 -999 3.27 2.07 -999 398.81
Saria 2014 5 26 146 25.67 40.55 23.112 -999 0.13 2.02 -999 398.81
Saria 2014 5 27 147 26.97 39.51 20.412 -999 0.87 3.62 -999 398.81
Saria 2014 5 28 148 26.05 39.73 23.112 -999 0.89 3.51 -999 398.81
Saria 2014 5 29 149 27.33 35.42 21.204 -999 1.19 3.78 -999 398.81
Saria 2014 5 30 150 26.07 36.8 19.584 -999 1.38 3.13 -999 398.81
Saria 2014 5 31 151 25.54 39.63 25.308 -999 1.53 2.5 -999 398.81
Saria 2014 6 1 152 25.91 40.71 25.164 -999 0.9 3.02 -999 398.81
Saria 2014 6 2 153 26.55 32.87 15.552 -999 2.27 3.49 -999 398.81
Saria 2014 6 3 154 25.06 38.8 23.796 -999 0.58 2.33 -999 398.81
Saria 2014 6 4 155 26.23 39.26 22.68 -999 0.54 3.02 -999 398.81
Saria 2014 6 5 156 25.55 32.63 7.416 -999 11.95 2.67 -999 398.81
Saria 2014 6 6 157 24.4 35.81 21.348 -999 5.24 2.91 -999 398.81
Saria 2014 6 7 158 24.18 36.49 23.904 -999 0.27 2.57 -999 398.81
Saria 2014 6 8 159 25.1 39.15 23.22 -999 2.02 3.47 -999 398.81
Saria 2014 6 9 160 25.95 35.23 17.856 -999 2.98 3.58 -999 398.81
Saria 2014 6 10 161 25.88 32.76 22.104 -999 3.48 3.24 -999 398.81
Saria 2014 6 11 162 24.61 34.44 16.56 -999 0.61 2.62 -999 398.81
Saria 2014 6 12 163 23.82 37.73 22.932 -999 2.35 2.28 -999 398.81
Saria 2014 6 13 164 25.24 32.29 12.96 -999 12.69 2.09 -999 398.81
Saria 2014 6 14 165 23.94 33.98 24.3 -999 4.76 2.95 -999 398.81
Saria 2014 6 15 166 24.6 34.28 20.052 -999 7.96 2.65 -999 398.81
Saria 2014 6 16 167 24.65 37.86 24.228 -999 0.01 2.56 -999 398.81
Saria 2014 6 17 168 24.31 37.95 16.02 -999 1.02 2.88 -999 398.81
Saria 2014 6 18 169 24.59 35.56 22.716 -999 4.6 2.25 -999 398.81
Saria 2014 6 19 170 23.55 38.24 23.544 -999 1.52 2.12 -999 398.81
Saria 2014 6 20 171 24.26 37.92 24.3 -999 3.17 3.45 -999 398.81
Saria 2014 6 21 172 25.65 37.09 24.012 -999 5.39 3.52 -999 398.81
Saria 2014 6 22 173 25.87 31.72 15.768 -999 2.75 2.19 -999 398.81
Saria 2014 6 23 174 24.19 35.44 21.852 -999 2.8 2.52 -999 398.81
Saria 2014 6 24 175 24.41 36.44 23.364 -999 1.8 3.17 -999 398.81
Saria 2014 6 25 176 25.39 35.98 24.12 -999 1.19 3.43 -999 398.81
Saria 2014 6 26 177 24.68 35.73 20.592 -999 0.97 2.86 -999 398.81
Saria 2014 6 27 178 24.73 37.93 23.688 -999 1.35 2.36 -999 398.81
Saria 2014 6 28 179 25.15 34 17.856 -999 0.51 2.77 -999 398.81
Saria 2014 6 29 180 25.03 35.13 23.364 -999 1.17 2.23 -999 398.81
Saria 2014 6 30 181 23.76 37.87 25.38 -999 2.2 1.84 -999 398.81
Saria 2014 7 1 182 24.46 38.82 22.356 -999 0.25 2.83 -999 398.81
Saria 2014 7 2 183 25.44 34.24 21.24 -999 2.26 2.4 -999 398.81
Saria 2014 7 3 184 24.29 35.16 7.452 -999 1.91 2.47 -999 398.81
Saria 2014 7 4 185 24.27 33.83 18.144 -999 5.75 2.51 -999 398.81
Saria 2014 7 5 186 23.01 36.85 25.164 -999 1.98 3.12 -999 398.81
Saria 2014 7 6 187 24.34 35.51 19.908 -999 2.52 3.95 -999 398.81
Saria 2014 7 7 188 24.4 31.48 7.2 -999 2.36 3.07 -999 398.81
Saria 2014 7 8 189 23.57 31.63 23.796 -999 0.53 2.59 -999 398.81
Saria 2014 7 9 190 22.93 35.87 21.24 -999 0.37 1.64 -999 398.81
Saria 2014 7 10 191 23.83 36.67 23.4 -999 1.92 1.73 -999 398.81
Saria 2014 7 11 192 24.3 38.05 23.904 -999 3.51 2.57 -999 398.81
Saria 2014 7 12 193 24.92 37.08 22.968 -999 4.38 3.32 -999 398.81
Saria 2014 7 13 194 25.31 35.17 10.728 -999 3.66 2.83 -999 398.81
Saria 2014 7 14 195 23.83 33.83 23.4 -999 4.65 2.22 -999 398.81
Saria 2014 7 15 196 23.53 35.95 23.904 -999 1.72 1.72 -999 398.81
Saria 2014 7 16 197 25.27 36.44 17.244 -999 9.04 3.4 -999 398.81
Saria 2014 7 17 198 23.83 30.49 10.584 -999 7.94 3.41 -999 398.81
Saria 2014 7 18 199 22.52 32.98 15.264 -999 2.36 2.28 -999 398.81
Saria 2014 7 19 200 22.55 35.96 23.904 -999 0.14 1.91 -999 398.81
Saria 2014 7 20 201 24.26 33.74 21.24 -999 2.61 2.09 -999 398.81
Saria 2014 7 21 202 24.29 34.59 23.22 -999 9.05 2.45 -999 398.81
Saria 2014 7 22 203 23.35 30.1 10.764 -999 7.76 2.38 -999 398.81
Saria 2014 7 23 204 23.2 31.19 18.396 -999 2.79 2.26 -999 398.81
Saria 2014 7 24 205 23.2 34.53 19.44 -999 0.69 1.83 -999 398.81
Saria 2014 7 25 206 23.4 35.05 23.976 -999 1.61 2.38 -999 398.81
Saria 2014 7 26 207 23.9 34.94 21.672 -999 0.62 1.7 -999 398.81
Saria 2014 7 27 208 23.74 38.82 24.84 -999 0.44 1.96 -999 398.81
Saria 2014 7 28 209 23.86 37.69 25.344 -999 2.08 2.75 -999 398.81
Saria 2014 7 29 210 24.75 34.95 23.184 -999 1.55 2.09 -999 398.81
Saria 2014 7 30 211 24.15 33.9 23.976 -999 9.27 1.76 -999 398.81
Saria 2014 7 31 212 23.37 33.51 17.46 -999 1.5 2.32 -999 398.81
Saria 2014 8 1 213 23.91 32.51 14.076 -999 10.63 2.87 -999 398.81
Saria 2014 8 2 214 22.56 29.15 12.672 -999 13.05 2.38 -999 398.81
Saria 2014 8 3 215 22.09 31.51 22.536 -999 10.23 1.79 -999 398.81
Saria 2014 8 4 216 22.06 32.55 20.304 -999 7 1.67 -999 398.81
Saria 2014 8 5 217 22.7 34.23 14.004 -999 4.21 1.23 -999 398.81
Saria 2014 8 6 218 23.34 31.49 20.304 -999 2.73 1.65 -999 398.81
Saria 2014 8 7 219 22.61 32.11 22.5 -999 2.59 1.54 -999 398.81
Saria 2014 8 8 220 22.58 32.4 17.064 -999 7.84 1.79 -999 398.81
Saria 2014 8 9 221 22.33 31.26 16.992 -999 3.96 2.14 -999 398.81
Saria 2014 8 10 222 22.59 30.87 15.48 -999 5.51 1.6 -999 398.81
Saria 2014 8 11 223 22.22 31.54 22.356 -999 4.13 2.27 -999 398.81
Saria 2014 8 12 224 22.12 32.81 8.964 -999 8.83 2.14 -999 398.81
Saria 2014 8 13 225 22.73 31.75 17.856 -999 5.19 2.02 -999 398.81
Saria 2014 8 14 226 21.51 32.76 24.12 -999 1.58 1.67 -999 398.81
Saria 2014 8 15 227 22.92 32.65 19.62 -999 6.05 2.05 -999 398.81
Saria 2014 8 16 228 22.87 30.66 12.312 -999 14.46 1.72 -999 398.81
Saria 2014 8 17 229 22.33 29.94 19.116 -999 2.02 2.08 -999 398.81
Saria 2014 8 18 230 21.8 31.26 20.376 -999 4.08 1.6 -999 398.81
Saria 2014 8 19 231 22.4 30.39 20.844 -999 12.74 1.72 -999 398.81
Saria 2014 8 20 232 22.64 32.22 19.944 -999 7.92 1.82 -999 398.81
Saria 2014 8 21 233 21.99 32.48 23.652 -999 4.7 1.34 -999 398.81
Saria 2014 8 22 234 21.84 30.73 20.484 -999 16.21 1.77 -999 398.81
Saria 2014 8 23 235 21.98 28.97 19.044 -999 15.22 1.02 -999 398.81
Saria 2014 8 24 236 22.14 31.98 21.96 -999 2.65 1.33 -999 398.81
Saria 2014 8 25 237 22.62 34.19 24.84 -999 2.32 0.97 -999 398.81
Saria 2014 8 26 238 23.01 31.9 16.884 -999 7 2.34 -999 398.81
Saria 2014 8 27 239 22.21 31.78 19.764 -999 0.73 2.27 -999 398.81
Saria 2014 8 28 240 21.02 35.04 24.48 -999 0.67 1.25 -999 398.81
Saria 2014 8 29 241 22.05 36.12 25.308 -999 1.99 2.29 -999 398.81
Saria 2014 8 30 242 23.48 32.76 23.976 -999 10.95 3.05 -999 398.81
Saria 2014 8 31 243 22.7 32.11 23.256 -999 2.78 2.04 -999 398.81
Saria 2014 9 1 244 22.46 27.28 11.592 -999 16.51 1.39 -999 398.81
Saria 2014 9 2 245 21.73 29.4 11.808 -999 3.62 1.52 -999 398.81
Saria 2014 9 3 246 21.84 28.69 19.26 -999 3.93 2.16 -999 398.81
Saria 2014 9 4 247 21.01 34.01 25.524 -999 3.87 1.9 -999 398.81
Saria 2014 9 5 248 22.62 27.8 15.048 -999 28.18 2.06 -999 398.81
Saria 2014 9 6 249 22.02 29 16.488 -999 2.46 1.49 -999 398.81
Saria 2014 9 7 250 22.05 31.75 22.572 -999 6.49 2.02 -999 398.81
Saria 2014 9 8 251 21.02 33.29 22.824 -999 3.47 1.29 -999 398.81
Saria 2014 9 9 252 22.68 29.15 17.64 -999 6.47 1.27 -999 398.81
Saria 2014 9 10 253 21.49 31.94 22.14 -999 4.27 1.74 -999 398.81
Saria 2014 9 11 254 21.55 33.44 25.164 -999 2.35 1.59 -999 398.81
Saria 2014 9 12 255 21.61 33.84 18.72 -999 6.66 1.41 -999 398.81
Saria 2014 9 13 256 23.04 32.41 23.256 -999 7.17 1.93 -999 398.81
Saria 2014 9 14 257 22.46 29.7 9.864 -999 17.47 1.52 -999 398.81
Saria 2014 9 15 258 22.15 28.58 15.192 -999 3 1.3 -999 398.81
Saria 2014 9 16 259 21.14 32.11 13.32 -999 13.84 1.53 -999 398.81
Saria 2014 9 17 260 21.56 31.56 21.204 -999 3.92 1.59 -999 398.81
Saria 2014 9 18 261 21.94 32.45 20.556 -999 3.02 1.69 -999 398.81
Saria 2014 9 19 262 20.1 30.26 18.036 -999 5.8 2.8 -999 398.81
Saria 2014 9 20 263 20.43 34.38 24.048 -999 7.1 1.41 -999 398.81
Saria 2014 9 21 264 21.94 32.98 18.468 -999 5.33 1.56 -999 398.81
Saria 2014 9 22 265 21.83 33.92 25.128 -999 1.37 1.86 -999 398.81
Saria 2014 9 23 266 21.57 34.79 23.184 -999 13.49 1.17 -999 398.81
Saria 2014 9 24 267 23.05 33.48 23.364 -999 11.81 1.6 -999 398.81
Saria 2014 9 25 268 21.94 34.04 21.24 -999 2.9 1.41 -999 398.81
Saria 2014 9 26 269 21.93 33.99 24.408 -999 6.51 1.57 -999 398.81
Saria 2014 9 27 270 22.24 33.66 20.196 -999 4.97 1.77 -999 398.81
Saria 2014 9 28 271 22.43 33.24 22.428 -999 2.79 1.73 -999 398.81
Saria 2014 9 29 272 21.85 33.5 24.588 -999 3.55 1.68 -999 398.81
Saria 2014 9 30 273 22.2 29.3 15.408 -999 18.14 1.74 -999 398.81
Saria 2014 10 1 274 22.28 29.16 11.376 -999 4.97 2.02 -999 398.81
Saria 2014 10 2 275 22.15 29.38 19.26 -999 21.36 1.98 -999 398.81
Saria 2014 10 3 276 21.94 32.65 22.392 -999 1.31 1.18 -999 398.81
Saria 2014 10 4 277 20.9 34.4 23.472 -999 1.03 1.61 -999 398.81
Saria 2014 10 5 278 21.79 34.07 20.556 -999 0.7 1.9 -999 398.81
Saria 2014 10 6 279 21.94 33.74 23.292 -999 1.22 1.7 -999 398.81
Saria 2014 10 7 280 21.82 34.06 22.212 -999 1.41 1.38 -999 398.81
Saria 2014 10 8 281 21.88 34.94 23.76 -999 0.39 1.2 -999 398.81
Saria 2014 10 9 282 21.37 36.18 24.192 -999 0.32 1.56 -999 398.81
Saria 2014 10 10 283 20.87 36.05 24.588 -999 0.55 1.9 -999 398.81
Saria 2014 10 11 284 20.73 36.48 23.724 -999 0.45 1.6 -999 398.81
Saria 2014 10 12 285 23.09 32.86 21.096 -999 0.26 1.91 -999 398.81
Saria 2014 10 13 286 21.89 32.84 21.816 -999 0.3 1.71 -999 398.81
Saria 2014 10 14 287 22.68 32.15 21.996 -999 0.49 1.63 -999 398.81
Saria 2014 10 15 288 21.03 35.21 23.652 -999 0.01 1.62 -999 398.81
Saria 2014 10 16 289 20.87 36.3 23.904 -999 0.09 1.6 -999 398.81
Saria 2014 10 17 290 20.41 36.69 24.3 -999 0.03 2 -999 398.81
Saria 2014 10 18 291 20.37 36.25 23.256 -999 0.4 1.8 -999 398.81
Saria 2014 10 19 292 21.8 35.19 22.032 -999 0.96 2 -999 398.81
Saria 2014 10 20 293 22.02 35.37 21.492 -999 1.33 1.81 -999 398.81
Saria 2014 10 21 294 21.2 36.04 22.176 -999 2.15 2.02 -999 398.81
Saria 2014 10 22 295 17.37 36.05 24.012 -999 0.24 2.45 -999 398.81
Saria 2014 10 23 296 17.44 36.09 23.724 -999 0.01 1.45 -999 398.81
Saria 2014 10 24 297 21.19 35.1 20.016 -999 0.06 1.59 -999 398.81
Saria 2014 10 25 298 22.9 36.86 21.204 -999 0.02 1.63 -999 398.81
Saria 2014 10 26 299 22.26 36.04 18.972 -999 0.14 1.65 -999 398.81
Saria 2014 10 27 300 23.71 33.55 22.32 -999 0.12 1.77 -999 398.81
Saria 2014 10 28 301 22.54 36.57 22.788 -999 0.01 1.66 -999 398.81
Saria 2014 10 29 302 22.53 36.23 22.32 -999 0.04 1.46 -999 398.81
Saria 2014 10 30 303 22.56 35.87 22.608 -999 0.06 1.62 -999 398.81
Saria 2014 10 31 304 23.45 35.51 19.008 -999 0.01 1.66 -999 398.81
Saria 2014 11 1 305 22.55 36.26 22.068 -999 0.03 1.49 -999 398.81
Saria 2014 11 2 306 21.98 36.15 22.068 -999 0.03 2.08 -999 398.81
Saria 2014 11 3 307 20.55 35.54 22.14 -999 0.12 1.12 -999 398.81
Saria 2014 11 4 308 23.09 36.52 20.052 -999 0.02 1.42 -999 398.81
Saria 2014 11 5 309 21.65 30.73 13.896 -999 0.02 1.73 -999 398.81
Saria 2014 11 6 310 21.41 34.98 19.476 -999 0 1.28 -999 398.81
Saria 2014 11 7 311 19.58 36.56 22.032 -999 0 2.89 -999 398.81
Saria 2014 11 8 312 17.21 36.03 21.528 -999 0 2.76 -999 398.81
Saria 2014 11 9 313 17.44 37.16 22.824 -999 0 2.68 -999 398.81
Saria 2014 11 10 314 17.38 37 21.492 -999 0 2.11 -999 398.81
Saria 2014 11 11 315 16.87 36.58 22.248 -999 0 2.34 -999 398.81
Saria 2014 11 12 316 21.48 33.82 14.688 -999 0 2.12 -999 398.81
Saria 2014 11 13 317 19.75 35.51 15.372 -999 0 2.65 -999 398.81
Saria 2014 11 14 318 18.27 36.82 20.988 -999 0 2.05 -999 398.81
Saria 2014 11 15 319 18.63 36.81 21.204 -999 0 2.17 -999 398.81
Saria 2014 11 16 320 16.87 36.87 19.224 -999 0 2.31 -999 398.81
Saria 2014 11 17 321 16.83 36.88 19.764 -999 0 2.44 -999 398.81
Saria 2014 11 18 322 20.04 36.02 19.476 -999 0.25 1.92 -999 398.81
Saria 2014 11 19 323 22.9 35.92 18.864 -999 0.14 1.18 -999 398.81
Saria 2014 11 20 324 22.77 35.37 17.64 -999 0.31 1.33 -999 398.81
Saria 2014 11 21 325 20.85 35.51 18.468 -999 0.01 1.63 -999 398.81
Saria 2014 11 22 326 19.17 35.49 20.952 -999 0 2.58 -999 398.81
Saria 2014 11 23 327 16.02 35.78 20.088 -999 0 3.14 -999 398.81
Saria 2014 11 24 328 16.08 35.57 19.8 -999 0 2.69 -999 398.81
Saria 2014 11 25 329 16.08 35.97 17.604 -999 0 2.68 -999 398.81
Saria 2014 11 26 330 15.81 35.67 17.676 -999 0 2.55 -999 398.81
Saria 2014 11 27 331 17.39 35.69 17.748 -999 0 1.7 -999 398.81
Saria 2014 11 28 332 20.72 35.76 17.676 -999 0 2.3 -999 398.81
Saria 2014 11 29 333 22.64 32.7 17.1 -999 0 1.78 -999 398.81
Saria 2014 11 30 334 22.81 35.3 17.172 -999 0 0.98 -999 398.81
Saria 2014 12 1 335 24.01 35.91 18.648 -999 0 1.04 -999 398.81
Saria 2014 12 2 336 21.23 35.76 20.412 -999 0 2.21 -999 398.81
Saria 2014 12 3 337 17.37 35.38 20.592 -999 0 3.31 -999 398.81
Saria 2014 12 4 338 16.8 35.3 21.744 -999 0 3.63 -999 398.81
Saria 2014 12 5 339 14.55 35.17 22.212 -999 0 3.31 -999 398.81
Saria 2014 12 6 340 15.82 36.15 21.924 -999 0 3 -999 398.81
Saria 2014 12 7 341 16.45 36.52 21.888 -999 0 2.88 -999 398.81
Saria 2014 12 8 342 15.13 35.79 21.636 -999 0 2.95 -999 398.81
Saria 2014 12 9 343 14.4 35.32 22.176 -999 0 3.04 -999 398.81
Saria 2014 12 10 344 14.16 35.03 21.924 -999 0 3.05 -999 398.81
Saria 2014 12 11 345 14.44 32.55 21.42 -999 0 3.73 -999 398.81
Saria 2014 12 12 346 11.78 32.33 20.052 -999 0 2.88 -999 398.81
Saria 2014 12 13 347 13.12 32.59 19.764 -999 0 3.2 -999 398.81
Saria 2014 12 14 348 15.39 34.79 19.584 -999 0 2.82 -999 398.81
Saria 2014 12 15 349 16.92 35.38 19.512 -999 0 2.76 -999 398.81
Saria 2014 12 16 350 17.11 35.44 19.692 -999 0 2.85 -999 398.81
Saria 2014 12 17 351 17.21 34.71 17.244 -999 0 2.79 -999 398.81
Saria 2014 12 18 352 17.25 34.84 18.396 -999 0 3.07 -999 398.81
Saria 2014 12 19 353 17.48 32.8 17.424 -999 0 3.68 -999 398.81
Saria 2014 12 20 354 16 33.48 20.412 -999 0 2.91 -999 398.81
Saria 2014 12 21 355 15.64 35.15 20.592 -999 0 2.38 -999 398.81
Saria 2014 12 22 356 16.91 34.75 19.764 -999 0 3.43 -999 398.81
Saria 2014 12 23 357 17.59 33.66 19.656 -999 0 3.83 -999 398.81
Saria 2014 12 24 358 15.48 32.1 19.368 -999 0 3.73 -999 398.81
Saria 2014 12 25 359 14.04 31.25 20.628 -999 0 3.85 -999 398.81
Saria 2014 12 26 360 12.68 30.13 21.636 -999 0 3.82 -999 398.81
Saria 2014 12 27 361 11.34 29.9 22.212 -999 0 3.3 -999 398.81
Saria 2014 12 28 362 11.34 29.96 22.032 -999 0 3.34 -999 398.81
Saria 2014 12 29 363 12.63 31.37 21.996 -999 0 3.62 -999 398.81
Saria 2014 12 30 364 12.4 31.08 21.492 -999 0 3.8 -999 398.81
Saria 2014 12 31 365 12.31 29.76 22.608 -999 0 3.95 -999 398.81
