climatbambey 2014 1 2 2 17 34.5 18.3 5.5 0 2 10.3 398.81
climatbambey 2014 1 3 3 18.2 35 18.2 5.6 0 2 9.4 398.81
climatbambey 2014 1 4 4 17 35.8 18.7 5.7 0 2 9.8 398.81
climatbambey 2014 1 5 5 19.6 36.5 19 5.9 0 2 10.8 398.81
climatbambey 2014 1 6 6 12.6 35.8 17.8 5.5 0 2 10.1 398.81
climatbambey 2014 1 7 7 13.2 33.8 12.8 4.3 0 2 13.6 398.81
climatbambey 2014 1 8 8 17.4 35.2 16.4 5.2 0 2 12.5 398.81
climatbambey 2014 1 9 9 20.9 30 10.8 3.8 0 2 17.1 398.81
climatbambey 2014 1 10 10 16.9 27 12.6 3.3 0 2 16.5 398.81
climatbambey 2014 1 11 11 13.8 30.5 18.4 3.9 0 2 17.9 398.81
climatbambey 2014 1 12 12 15.8 35.6 17.8 4.4 0 2 21 398.81
climatbambey 2014 1 13 13 18.7 40 19.8 5.7 0 2 20.8 398.81
climatbambey 2014 1 14 14 17.6 39 18.4 5.9 0 2 14.2 398.81
climatbambey 2014 1 15 15 16.8 37.5 18.4 5.6 0 2 14.4 398.81
climatbambey 2014 1 16 16 14 35.2 20.4 4.8 0 2 18.9 398.81
climatbambey 2014 1 17 17 16 32 19.8 4.2 0 2 20.1 398.81
climatbambey 2014 1 18 18 15 31.8 20.1 4.2 0 2 19.7 398.81
climatbambey 2014 1 19 19 13.4 31.6 19.6 4.3 0 2 16.5 398.81
climatbambey 2014 1 20 20 13.8 33.4 20.1 4.7 0 2 16.3 398.81
climatbambey 2014 1 21 21 14.2 33.5 20.5 5 0 2 15.1 398.81
climatbambey 2014 1 22 22 14.9 33 20.6 4.8 0 2 16.4 398.81
climatbambey 2014 1 23 23 13.6 33.2 20.2 4.6 0 2 17.1 398.81
climatbambey 2014 1 24 24 14.5 31.9 19.5 4.6 0 2 15.9 398.81
climatbambey 2014 1 25 25 14.5 29.8 19.3 4 0 2 17.6 398.81
climatbambey 2014 1 26 26 16.2 34.5 18.7 4.7 0 2 18.9 398.81
climatbambey 2014 1 27 27 16.6 36.5 17.4 4.8 0 2 20.1 398.81
climatbambey 2014 1 28 28 17.6 38 19.9 5.9 0 2 14.4 398.81
climatbambey 2014 1 29 29 18.5 36.2 20.1 5.5 0 2 17.6 398.81
climatbambey 2014 1 30 30 15.5 33.6 20 4.8 0 2 17.6 398.81
climatbambey 2014 1 31 31 17.7 31.5 19.7 5 0 2 14.1 398.81
climatbambey 2014 2 1 32 14.6 32 20.5 5.7 0 2.2 9.4 398.81
climatbambey 2014 2 2 33 12.9 33.5 20.3 5.8 0 2.2 9.2 398.81
climatbambey 2014 2 3 34 14 34.2 20.8 5.5 0 2.2 13.7 398.81
climatbambey 2014 2 4 35 14.4 35 20.8 5.2 0 2.2 17.4 398.81
climatbambey 2014 2 5 36 15.6 35.5 21.1 5.6 0 2.2 15.7 398.81
climatbambey 2014 2 6 37 15.8 36.9 18.9 6 0 2.2 12.5 398.81
climatbambey 2014 2 7 38 16.8 36.4 19.4 6.2 0 2.2 11.1 398.81
climatbambey 2014 2 8 39 17.5 37.2 21.3 6.6 0 2.2 10.9 398.81
climatbambey 2014 2 9 40 16.2 37 22.2 6.6 0 2.2 10.8 398.81
climatbambey 2014 2 10 41 14.8 37.4 22.1 6.4 0 2.2 12.3 398.81
climatbambey 2014 2 11 42 16.8 36.6 22.4 6.4 0 2.2 13.1 398.81
climatbambey 2014 2 12 43 16.4 37.2 22.9 6.4 0 2.2 14.6 398.81
climatbambey 2014 2 13 44 16 37.4 23.3 6.7 0 2.2 12.3 398.81
climatbambey 2014 2 14 45 17.2 38 21.6 7 0 2.2 7.9 398.81
climatbambey 2014 2 15 46 16.5 36 21 5.5 0 2.2 19.1 398.81
climatbambey 2014 2 16 47 14.8 27.5 21 4.4 0 2.2 15.4 398.81
climatbambey 2014 2 17 48 13.2 28 20.6 4.3 0 2.2 15.2 398.81
climatbambey 2014 2 18 49 12.4 32 22.6 5.2 0 2.2 14 398.81
climatbambey 2014 2 19 50 16.6 32 16.6 4.9 0 2.2 14.7 398.81
climatbambey 2014 2 20 51 16 34.2 22.3 6 0 2.2 12.9 398.81
climatbambey 2014 2 21 52 13.2 36 21.3 5.8 0 2.2 14.8 398.81
climatbambey 2014 2 22 53 16 36.5 21.2 6.5 0 2.2 10.7 398.81
climatbambey 2014 2 23 54 15.9 37 22.3 6.5 0 2.2 13.3 398.81
climatbambey 2014 2 24 55 15.5 37 22.7 6.5 0 2.2 13.5 398.81
climatbambey 2014 2 25 56 14.5 36.5 23.1 6.4 0 2.2 13.2 398.81
climatbambey 2014 2 26 57 16.5 36.5 22.9 6.8 0 2.2 10.4 398.81
climatbambey 2014 2 27 58 15.5 36.3 20.1 6.4 0 2.2 10.2 398.81
climatbambey 2014 2 28 59 23.5 34.5 12.5 6.3 0 2.2 6 398.81
climatbambey 2014 3 1 60 20.2 35.5 21.6 7.7 0 2.6 5.4 398.81
climatbambey 2014 3 2 61 18.5 34.8 19 6.8 0 2.6 10.1 398.81
climatbambey 2014 3 3 62 15.2 36.2 20.7 6.8 0 2.6 11.9 398.81
climatbambey 2014 3 4 63 13.5 37 23.4 6.4 0 2.6 16.6 398.81
climatbambey 2014 3 5 64 15.5 36.8 21.8 5.9 0 2.6 19.5 398.81
climatbambey 2014 3 6 65 15 34.8 21.7 5.6 0 2.6 18.4 398.81
climatbambey 2014 3 7 66 17.6 31 17 4.5 0 2.6 19.3 398.81
climatbambey 2014 3 8 67 17.4 23.4 13.8 3.4 0 2.6 16.3 398.81
climatbambey 2014 3 9 68 15.2 33 21.7 5.5 0 2.6 17.1 398.81
climatbambey 2014 3 10 69 17 33 20.1 5.3 0 2.6 18.7 398.81
climatbambey 2014 3 11 70 16.4 31.2 22.1 5 0 2.6 19.2 398.81
climatbambey 2014 3 12 71 15.8 33.9 22.8 5.7 0 2.6 18.4 398.81
climatbambey 2014 3 13 72 18.5 36.8 22.3 6.5 0 2.6 18.5 398.81
climatbambey 2014 3 14 73 20 40.2 24 7.9 0 2.6 15.6 398.81
climatbambey 2014 3 15 74 20.5 41.5 24.3 8.5 0 2.6 12.1 398.81
climatbambey 2014 3 16 75 22.2 42 22.7 8.8 0 2.6 8.4 398.81
climatbambey 2014 3 17 76 21.2 40.5 22.5 8.1 0 2.6 12.7 398.81
climatbambey 2014 3 18 77 18.5 39.5 23.7 8.3 0 2.6 9 398.81
climatbambey 2014 3 19 78 17.5 39.2 23.8 7.6 0 2.6 14.3 398.81
climatbambey 2014 3 20 79 18.8 40 23.8 7.6 0 2.6 16.4 398.81
climatbambey 2014 3 21 80 18.6 40.6 24.1 8 0 2.6 14.3 398.81
climatbambey 2014 3 22 81 18.2 40 21.8 7.7 0 2.6 13.5 398.81
climatbambey 2014 3 23 82 20.5 36.8 13.3 5.9 0 2.6 16.5 398.81
climatbambey 2014 3 24 83 16 38.6 24.6 7 0 2.6 18 398.81
climatbambey 2014 3 25 84 16.5 40.1 24.3 6.9 0 2.6 21.5 398.81
climatbambey 2014 3 26 85 17.5 40.5 24.4 7.1 0 2.6 22 398.81
climatbambey 2014 3 27 86 18.6 41.2 24 7.2 0 2.6 23 398.81
climatbambey 2014 3 28 87 17.8 37 24.3 6.3 0 2.6 22.1 398.81
climatbambey 2014 3 29 88 17 34.5 24.7 6.1 0 2.6 19.7 398.81
climatbambey 2014 3 30 89 15.4 34.8 24.1 6.1 0 2.6 18.2 398.81
climatbambey 2014 3 31 90 17.4 37.2 24.2 6.4 0 2.6 21.4 398.81
climatbambey 2014 4 1 91 17.4 36 24.1 6.3 0 2.9 21 398.81
climatbambey 2014 4 2 92 16.6 36 24.8 6.6 0 2.9 19.2 398.81
climatbambey 2014 4 3 93 18.6 37.8 24.4 7.2 0 2.9 19.5 398.81
climatbambey 2014 4 4 94 22.4 42.6 26.1 8.9 0 2.9 19.3 398.81
climatbambey 2014 4 5 95 22.4 43.5 27.1 9.5 0 2.9 16.6 398.81
climatbambey 2014 4 6 96 21.5 41.6 25.9 9 0 2.9 14.6 398.81
climatbambey 2014 4 7 97 17.6 34.2 27.6 6.5 0 2.9 20.5 398.81
climatbambey 2014 4 8 98 15 33.2 27.8 6.1 0 2.9 19.5 398.81
climatbambey 2014 4 9 99 16.2 34.5 25.7 6 0 2.9 21 398.81
climatbambey 2014 4 10 100 15.2 34.8 25.4 6.1 0 2.9 19.9 398.81
climatbambey 2014 4 11 101 15.5 36.7 26.3 6.5 0 2.9 21.5 398.81
climatbambey 2014 4 12 102 18.8 33.5 22.9 5.7 0 2.9 21.9 398.81
climatbambey 2014 4 13 103 17.6 39 12.2 5.1 0 2.9 23.1 398.81
climatbambey 2014 4 14 104 20 41.2 21.9 7.2 0 2.9 23.7 398.81
climatbambey 2014 4 15 105 22 42.5 20.7 8.1 0 2.9 19 398.81
climatbambey 2014 4 16 106 22.2 43.6 22.3 8.7 0 2.9 18.3 398.81
climatbambey 2014 4 17 107 21.4 44 23.3 8.5 0 2.9 21.5 398.81
climatbambey 2014 4 18 108 20.4 44.5 24.3 8.7 0 2.9 21 398.81
climatbambey 2014 4 19 109 21.4 43.5 24.9 8.6 0 2.9 21.7 398.81
climatbambey 2014 4 20 110 21.2 43.3 25.1 8.5 0 2.9 22.2 398.81
climatbambey 2014 4 21 111 22.7 43.5 24.7 8.7 0 2.9 21.2 398.81
climatbambey 2014 4 22 112 20.8 43.5 26.2 8.9 0 2.9 20.1 398.81
climatbambey 2014 4 23 113 19.4 43.2 23.6 8.2 0 2.9 21 398.81
climatbambey 2014 4 24 114 21.5 40.7 24.5 7.9 0 2.9 21.7 398.81
climatbambey 2014 4 25 115 21 45 24.8 9 0 2.9 20.9 398.81
climatbambey 2014 4 26 116 22 44 25.3 9 0 2.9 19.9 398.81
climatbambey 2014 4 27 117 17.8 43 25.7 8.4 0 2.9 20.4 398.81
climatbambey 2014 4 28 118 18.4 42.5 25.7 7.7 0 2.9 25.3 398.81
climatbambey 2014 4 29 119 19.2 41 23 7 0 2.9 25.6 398.81
climatbambey 2014 4 30 120 19.5 37.1 23.5 6.3 0 2.9 24.2 398.81
climatbambey 2014 5 1 121 18.5 36 23.1 5.9 0 2.7 23.5 398.81
climatbambey 2014 5 2 122 18.5 34.6 23.7 5.8 0 2.7 22.6 398.81
climatbambey 2014 5 3 123 19.5 36 23.8 6.1 0 2.7 24 398.81
climatbambey 2014 5 4 124 19 33.5 24.7 5.9 0 2.7 21.8 398.81
climatbambey 2014 5 5 125 19.8 33.5 24.4 6 0 2.7 22.2 398.81
climatbambey 2014 5 6 126 19.8 34.2 24.2 6.1 0 2.7 22.3 398.81
climatbambey 2014 5 7 127 19.2 36.5 25 6.4 0 2.7 23.8 398.81
climatbambey 2014 5 8 128 19 36.8 24.8 6.3 0 2.7 24 398.81
climatbambey 2014 5 9 129 20.5 37.6 25.4 6.6 0 2.7 25.9 398.81
climatbambey 2014 5 10 130 20 39.5 23.7 6.8 0 2.7 24.9 398.81
climatbambey 2014 5 11 131 20 39.6 22.3 6.4 0 2.7 26.6 398.81
climatbambey 2014 5 12 132 21.5 35.6 20.4 5.5 0 2.7 26.5 398.81
climatbambey 2014 5 13 133 20 39.4 23.5 6.6 0 2.7 25.9 398.81
climatbambey 2014 5 14 134 19.5 36.5 24.2 6 0 2.7 25.7 398.81
climatbambey 2014 5 15 135 21.4 36.5 23.5 6.1 0 2.7 26.8 398.81
climatbambey 2014 5 16 136 20 39 23.4 6.3 0 2.7 27.2 398.81
climatbambey 2014 5 17 137 21 37.8 21.5 6 0 2.7 26.8 398.81
climatbambey 2014 5 18 138 21 36.5 24.3 6.3 0 2.7 25.5 398.81
climatbambey 2014 5 19 139 20 36.5 24.1 6.1 0 2.7 25.3 398.81
climatbambey 2014 5 20 140 21.5 37.8 25.4 6.7 0 2.7 26 398.81
climatbambey 2014 5 21 141 24 35.6 15.8 5.7 0 2.7 22.4 398.81
climatbambey 2014 5 22 142 22.2 42 21.2 7.6 0 2.7 22 398.81
climatbambey 2014 5 23 143 22 39 15.6 6.1 0 2.7 22.3 398.81
climatbambey 2014 5 24 144 21.9 40.5 23.5 7.6 0 2.7 21.6 398.81
climatbambey 2014 5 25 145 21 37.5 20.7 6 0 2.7 25 398.81
climatbambey 2014 5 26 146 23.8 39.8 14.5 5 0 2.7 31.5 398.81
climatbambey 2014 5 27 147 21.6 37.9 21.9 6.3 0 2.7 25.9 398.81
climatbambey 2014 5 28 148 23.6 44.2 21.3 7.5 0 2.7 27.8 398.81
climatbambey 2014 5 29 149 27.5 45 18.3 8.6 0 2.7 16.9 398.81
climatbambey 2014 5 30 150 23 41.6 21.9 7.8 0 2.7 20.3 398.81
climatbambey 2014 5 31 151 24.5 41 23.7 7.5 0 2.7 26.3 398.81
climatbambey 2014 6 1 152 25.5 38 15.8 5.6 0 2.5 27 398.81
climatbambey 2014 6 2 153 22.8 39 20.4 5.8 0.3 2.5 30.2 398.81
climatbambey 2014 6 3 154 24.5 37.4 21.5 5.8 0 2.5 31.4 398.81
climatbambey 2014 6 4 155 21.2 37.8 23.5 6.1 0 2.5 27.6 398.81
climatbambey 2014 6 5 156 23.2 37.6 20.8 6 0 2.5 27.1 398.81
climatbambey 2014 6 6 157 25.4 39.2 19.9 6.2 0 2.5 28.8 398.81
climatbambey 2014 6 7 158 24 39.6 20.5 6.3 0 2.5 28.2 398.81
climatbambey 2014 6 8 159 25.4 39.9 24 7 0 2.5 28.9 398.81
climatbambey 2014 6 9 160 24 38.5 18.9 5.9 0 2.5 27.8 398.81
climatbambey 2014 6 10 161 25.5 36.5 16.1 5 0 2.5 29.7 398.81
climatbambey 2014 6 11 162 26.2 36.8 20.6 5.8 0 2.5 31.2 398.81
climatbambey 2014 6 12 163 24.6 36 21.8 5.7 0 2.5 30 398.81
climatbambey 2014 6 13 164 23.8 39.8 23 6.6 0 2.5 29.4 398.81
climatbambey 2014 6 14 165 24.4 39.6 22.5 6.5 0 2.5 30.2 398.81
climatbambey 2014 6 15 166 24 32.6 22 5.6 0 2.5 25.2 398.81
climatbambey 2014 6 16 167 23.8 37 22.4 5.9 0 2.5 29.7 398.81
climatbambey 2014 6 17 168 21.8 41.4 22.4 6.5 0 2.5 29.5 398.81
climatbambey 2014 6 18 169 23.8 39.2 23.4 6.5 0 2.5 29.4 398.81
climatbambey 2014 6 19 170 23 39 24 6.5 0 2.5 29.2 398.81
climatbambey 2014 6 20 171 23.5 39.2 20.1 5.8 0 2.5 30.9 398.81
climatbambey 2014 6 21 172 23.9 40.2 22.9 6.5 0 2.5 31 398.81
climatbambey 2014 6 22 173 23.8 40.8 12.2 4.9 0 2.5 30.2 398.81
climatbambey 2014 6 23 174 27.8 39 20.6 6.4 0 2.5 31.1 398.81
climatbambey 2014 6 24 175 27.8 38.5 19.1 5.8 0 2.5 33.7 398.81
climatbambey 2014 6 25 176 26.8 37.6 20 5.9 0 2.5 31 398.81
climatbambey 2014 6 26 177 24 36.5 18.2 5.1 0 2.5 29.9 398.81
climatbambey 2014 6 27 178 24.8 38.5 20 5.9 0 2.5 29.6 398.81
climatbambey 2014 6 28 179 24.2 37.2 21.5 5.9 0 2.5 29.1 398.81
climatbambey 2014 6 29 180 25 36.4 20.6 5.8 0 2.5 28.9 398.81
climatbambey 2014 6 30 181 24 37.8 20.9 5.8 0 2.5 29.7 398.81
climatbambey 2014 7 1 182 24.5 34.2 13.4 4 3.2 2.2 29.2 398.81
climatbambey 2014 7 2 183 25 36.6 18.7 5.1 0 2.2 31.3 398.81
climatbambey 2014 7 3 184 25.2 36.4 17.8 5.1 6.5 2.2 30 398.81
climatbambey 2014 7 4 185 26 35 15.2 4.1 1 2.2 33.6 398.81
climatbambey 2014 7 5 186 25 36.5 23.1 5.8 0 2.2 31.7 398.81
climatbambey 2014 7 6 187 25.5 38.5 21 5.9 0 2.2 30.7 398.81
climatbambey 2014 7 7 188 26 36.5 12.2 4.1 0 2.2 31.4 398.81
climatbambey 2014 7 8 189 26 36.6 12.2 4.2 0 2.2 30.8 398.81
climatbambey 2014 7 9 190 26.4 35.2 12.2 4.1 0 2.2 30 398.81
climatbambey 2014 7 10 191 26.2 36.5 17.1 5 0 2.2 31.2 398.81
climatbambey 2014 7 11 192 26.8 37.6 22.3 6.2 0 2.2 30.3 398.81
climatbambey 2014 7 12 193 25.8 39.2 20.8 6.2 0 2.2 29.3 398.81
climatbambey 2014 7 13 194 26.8 36.8 16.2 4.8 0 2.2 32.9 398.81
climatbambey 2014 7 14 195 25.8 40 19.3 5.9 0 2.2 31 398.81
climatbambey 2014 7 15 196 26.1 36.8 15 4.7 0 2.2 30.4 398.81
climatbambey 2014 7 16 197 25.2 36.5 20.7 5.5 0.8 2.2 31 398.81
climatbambey 2014 7 17 198 24 35.5 13.3 4.2 0 2.2 28.4 398.81
climatbambey 2014 7 18 199 26 35.5 22.7 6 0 2.2 27.7 398.81
climatbambey 2014 7 19 200 22.2 36.5 22.9 5.9 0 2.2 26.8 398.81
climatbambey 2014 7 20 201 24.8 37 17.6 5.3 0 2.2 27.5 398.81
climatbambey 2014 7 21 202 26 38.6 20.6 5.8 0 2.2 31.9 398.81
climatbambey 2014 7 22 203 26 35.8 19.1 5.2 0 2.2 30.8 398.81
climatbambey 2014 7 23 204 25.5 35.2 22.2 5.5 0.3 2.2 31 398.81
climatbambey 2014 7 24 205 24.2 36.2 22.2 5.6 0 2.2 29.8 398.81
climatbambey 2014 7 25 206 25.5 37.4 20.8 5.7 0 2.2 30.2 398.81
climatbambey 2014 7 26 207 26.5 38 19.2 5.6 0 2.2 31.8 398.81
climatbambey 2014 7 27 208 26.5 37 15.4 4.9 0 2.2 30.5 398.81
climatbambey 2014 7 28 209 23.8 39.8 22.5 6.1 0 2.2 31.7 398.81
climatbambey 2014 7 29 210 27.4 36.8 20.4 5.4 0 2.2 35.1 398.81
climatbambey 2014 7 30 211 26.8 36 13.9 4.5 0 2.2 30.8 398.81
climatbambey 2014 7 31 212 24.2 37.2 25.4 6.3 0 2.2 30.7 398.81
climatbambey 2014 8 1 213 25.2 37.8 24.5 6.3 0 1.8 29.4 398.81
climatbambey 2014 8 2 214 25.8 37.5 22.5 5.9 0 1.8 29.6 398.81
climatbambey 2014 8 3 215 24.8 37.2 19.8 5.4 0 1.8 28.1 398.81
climatbambey 2014 8 4 216 24.4 36 15 4.3 0 1.8 29.6 398.81
climatbambey 2014 8 5 217 25.8 37 14.9 4.2 91.5 1.8 33.6 398.81
climatbambey 2014 8 6 218 23.5 30 15 3.3 15.8 1.8 30.7 398.81
climatbambey 2014 8 7 219 25.6 34.2 17.7 4.2 0 1.8 35 398.81
climatbambey 2014 8 8 220 26.2 34.8 21.3 5 0 1.8 34.7 398.81
climatbambey 2014 8 9 221 26 34 13.9 3.7 0.2 1.8 33.1 398.81
climatbambey 2014 8 10 222 26.2 36 20.5 5 6.6 1.8 35.7 398.81
climatbambey 2014 8 11 223 26.4 33.5 14.4 3.6 0.2 1.8 34.7 398.81
climatbambey 2014 8 12 224 26.5 34.2 16.1 4.2 0 1.8 32.9 398.81
climatbambey 2014 8 13 225 23.8 35 19.7 4.7 0 1.8 31.6 398.81
climatbambey 2014 8 14 226 21.4 32.8 20.6 4.4 15 1.8 29.2 398.81
climatbambey 2014 8 15 227 24.8 31.3 12.8 3.3 0.2 1.8 29.8 398.81
climatbambey 2014 8 16 228 25.4 33.5 23.4 5.4 0.2 1.8 30.2 398.81
climatbambey 2014 8 17 229 25.2 35 18.9 4.7 0 1.8 32 398.81
climatbambey 2014 8 18 230 22 30 13.1 2.9 15.1 1.8 29.4 398.81
climatbambey 2014 8 19 231 24.8 29.4 12.1 2.7 23.7 1.8 32.1 398.81
climatbambey 2014 8 20 232 24 34 19.9 4.6 2.3 1.8 31.8 398.81
climatbambey 2014 8 21 233 25.4 34.2 20.5 4.8 0 1.8 33.1 398.81
climatbambey 2014 8 22 234 25.5 35.2 16.4 4.2 0 1.8 33.5 398.81
climatbambey 2014 8 23 235 25.2 32 12.6 3.3 0 1.8 30.9 398.81
climatbambey 2014 8 24 236 24.5 39.4 17 4.6 2.5 1.8 36 398.81
climatbambey 2014 8 25 237 24.6 34.5 22 5.1 2.7 1.8 31.8 398.81
climatbambey 2014 8 26 238 26.4 34.8 16.1 4.1 5 1.8 34.5 398.81
climatbambey 2014 8 27 239 21.8 36 20.2 4.8 43 1.8 30.7 398.81
climatbambey 2014 8 28 240 22 39.5 20.6 4.9 0 1.8 37 398.81
climatbambey 2014 8 29 241 25.5 33.8 20.6 4.7 0 1.8 33.7 398.81
climatbambey 2014 8 30 242 25 35 20.6 4.8 0 1.8 33.7 398.81
climatbambey 2014 8 31 243 25.9 33.5 20.5 4.7 26.2 1.8 33.8 398.81
climatbambey 2014 9 1 244 23.5 33 20.5 4.4 0 1.5 31.6 398.81
climatbambey 2014 9 2 245 25.4 34 20.5 4.7 0 1.5 32.9 398.81
climatbambey 2014 9 3 246 24.8 34.5 20.5 4.7 0 1.5 32.9 398.81
climatbambey 2014 9 4 247 24.4 32 20.5 4.4 0 1.5 31.4 398.81
climatbambey 2014 9 5 248 24.8 33.5 20.4 4.6 0 1.5 32.9 398.81
climatbambey 2014 9 6 249 25.8 33.5 20.4 4.7 0 1.5 32.2 398.81
climatbambey 2014 9 7 250 26 34.8 20.4 4.7 0 1.5 35.2 398.81
climatbambey 2014 9 8 251 25 32.6 20.4 4.5 0 1.5 32.1 398.81
climatbambey 2014 9 9 252 24.8 34.3 21.1 4.8 3.8 1.5 32.9 398.81
climatbambey 2014 9 10 253 23.4 35.6 22.5 5 11.8 1.5 33 398.81
climatbambey 2014 9 11 254 23 34 23.8 5.1 0 1.5 31.5 398.81
climatbambey 2014 9 12 255 24.4 31.5 16.1 3.6 0 1.5 32 398.81
climatbambey 2014 9 13 256 23.3 34.8 24.1 5.3 0 1.5 29.9 398.81
climatbambey 2014 9 14 257 25.8 34.5 19.6 4.5 0 1.5 34.7 398.81
climatbambey 2014 9 15 258 25.6 33.8 14.4 3.6 22 1.5 33.4 398.81
climatbambey 2014 9 16 259 22.8 32.5 17 3.7 0 1.5 30.9 398.81
climatbambey 2014 9 17 260 24.8 32.2 18.2 4.3 0 1.5 28.6 398.81
climatbambey 2014 9 18 261 23.8 34 22.1 4.9 1.5 1.5 31.3 398.81
climatbambey 2014 9 19 262 23.6 29.5 12.3 2.8 20.5 1.5 30 398.81
climatbambey 2014 9 20 263 23.4 31 16.4 3.6 25.3 1.5 29.6 398.81
climatbambey 2014 9 21 264 24 33.5 21.8 4.7 1.7 1.5 31.8 398.81
climatbambey 2014 9 22 265 21.4 29.8 13.2 2.8 42.7 1.5 28.6 398.81
climatbambey 2014 9 23 266 21.8 34.6 25.2 5.3 0 1.5 30.8 398.81
climatbambey 2014 9 24 267 24.5 31.5 19.1 4.1 1.4 1.5 31.4 398.81
climatbambey 2014 9 25 268 24.8 34.2 20.9 4.7 4 1.5 31.9 398.81
climatbambey 2014 9 26 269 25.5 33.6 19.3 4.4 0 1.5 32.5 398.81
climatbambey 2014 9 27 270 23.4 35.8 24 5.3 0 1.5 32.5 398.81
climatbambey 2014 9 28 271 25.2 35.5 23.3 5.3 0 1.5 32.9 398.81
climatbambey 2014 9 29 272 25 35.8 21.5 4.9 0 1.5 34.3 398.81
climatbambey 2014 9 30 273 26 35.8 20.3 4.8 0 1.5 34.4 398.81
climatbambey 2014 10 1 274 25 35.2 23.2 5.2 0 1.4 32.4 398.81
climatbambey 2014 10 2 275 24.2 36 21.7 5.1 0 1.4 29.9 398.81
climatbambey 2014 10 3 276 24.2 35.8 19 4.5 0 1.4 31.8 398.81
climatbambey 2014 10 4 277 25.2 36.5 22 5.1 1.6 1.4 34.1 398.81
climatbambey 2014 10 5 278 26 37 23.2 5.5 0 1.4 34.2 398.81
climatbambey 2014 10 6 279 26 36 22.5 5.2 0 1.4 34.1 398.81
climatbambey 2014 10 7 280 24.4 35.2 17.8 4.2 1.8 1.4 32.3 398.81
climatbambey 2014 10 8 281 23 34.6 13.6 3.3 0 1.4 31.5 398.81
climatbambey 2014 10 9 282 24.4 37 20.7 4.9 2.6 1.4 32.5 398.81
climatbambey 2014 10 10 283 24 35.6 21.4 4.8 0 1.4 32.3 398.81
climatbambey 2014 10 11 284 25.5 37.2 22.4 5.3 0 1.4 33.9 398.81
climatbambey 2014 10 12 285 26.2 35.8 22.9 5.2 0 1.4 35.7 398.81
climatbambey 2014 10 13 286 22.5 36.4 23.1 5.1 0 1.4 32.1 398.81
climatbambey 2014 10 14 287 24 37.2 23.3 5.4 0 1.4 31.4 398.81
climatbambey 2014 10 15 288 25.2 36.5 21.7 5.1 0 1.4 32.5 398.81
climatbambey 2014 10 16 289 24.8 37.8 22 5.3 0 1.4 32 398.81
climatbambey 2014 10 17 290 25.2 37 22.4 5.3 0 1.4 32.5 398.81
climatbambey 2014 10 18 291 23.4 39.6 22.7 5.6 0 1.4 29.6 398.81
climatbambey 2014 10 19 292 24.8 37.5 22.3 5.3 0 1.4 31.5 398.81
climatbambey 2014 10 20 293 23.4 37.5 20.8 4.9 0 1.4 30.9 398.81
climatbambey 2014 10 21 294 24 38.9 22.6 5.5 4.8 1.4 30.2 398.81
climatbambey 2014 10 22 295 25.4 39.5 22 5.5 0 1.4 31.7 398.81
climatbambey 2014 10 23 296 25.8 37.5 19.6 4.8 0 1.4 33.1 398.81
climatbambey 2014 10 24 297 24.8 38.2 19.9 5 0 1.4 31 398.81
climatbambey 2014 10 25 298 23.2 38.4 20.2 5.1 0 1.4 28 398.81
climatbambey 2014 10 26 299 22.8 39.2 20 5.1 0 1.4 27.4 398.81
climatbambey 2014 10 27 300 24 36 17.6 4.3 0 1.4 29.3 398.81
climatbambey 2014 10 28 301 22.8 39.7 20.9 5.3 0 1.4 27.3 398.81
climatbambey 2014 10 29 302 23.4 36.6 21.5 5.1 0 1.4 27.6 398.81
climatbambey 2014 10 30 303 21.5 35.2 22 4.8 0 1.4 27.4 398.81
climatbambey 2014 10 31 304 21.5 35.7 22 4.8 0 1.4 28 398.81
climatbambey 2014 11 1 305 21.8 36.5 20.7 4.8 0 1.5 27.9 398.81
climatbambey 2014 11 2 306 22.5 37.5 20 4.9 0 1.5 27.6 398.81
climatbambey 2014 11 3 307 21.8 37.8 19.6 4.8 0 1.5 27.3 398.81
climatbambey 2014 11 4 308 22.5 37.5 20.9 5 0 1.5 28 398.81
climatbambey 2014 11 5 309 23.2 37.8 20.1 5 0 1.5 28.2 398.81
climatbambey 2014 11 6 310 21.5 38 20.5 4.9 0 1.5 28 398.81
climatbambey 2014 11 7 311 22 40 20.8 5.3 0 1.5 27.4 398.81
climatbambey 2014 11 8 312 23 40 18.5 4.9 0 1.5 28.7 398.81
climatbambey 2014 11 9 313 23.5 35.2 11.8 3.6 0 1.5 25.3 398.81
climatbambey 2014 11 10 314 20.5 35.4 20.3 4.7 0 1.5 23.6 398.81
climatbambey 2014 11 11 315 16 37 20.6 4.8 0 1.5 21.1 398.81
climatbambey 2014 11 12 316 14 37.5 21.2 4.9 0 1.5 19.4 398.81
climatbambey 2014 11 13 317 18 38.5 20.5 5.2 0 1.5 19.7 398.81
climatbambey 2014 11 14 318 18.5 40.5 20.8 5.5 0 1.5 20.2 398.81
climatbambey 2014 11 15 319 19.4 40.5 19.9 5.4 0 1.5 20.5 398.81
climatbambey 2014 11 16 320 19 39.2 20.2 5.1 0 1.5 23.6 398.81
climatbambey 2014 11 17 321 20.4 36.5 16 4.1 0 1.5 24.8 398.81
climatbambey 2014 11 18 322 21.4 36 20 4.6 0 1.5 25.8 398.81
climatbambey 2014 11 19 323 18.2 35.4 18.4 4.2 0 1.5 23.4 398.81
climatbambey 2014 11 20 324 21.8 30.5 11.2 3 0 1.5 23.2 398.81
climatbambey 2014 11 21 325 20.6 34.8 20.2 4.5 0 1.5 25.3 398.81
climatbambey 2014 11 22 326 21.6 38.8 11.5 3.4 0 1.5 30.9 398.81
climatbambey 2014 11 23 327 21.2 29.5 9.5 2.7 0 1.5 22.8 398.81
climatbambey 2014 11 24 328 20.5 34 13.3 3.7 0 1.5 21.2 398.81
climatbambey 2014 11 25 329 22 37 17.9 4.8 0 1.5 20.4 398.81
climatbambey 2014 11 26 330 21.4 37.5 19.6 5.1 0 1.5 17.9 398.81
climatbambey 2014 11 27 331 21 34.8 20 4.7 0 1.5 20.7 398.81
climatbambey 2014 11 28 332 18 33.5 20 4.3 0 1.5 21.5 398.81
climatbambey 2014 11 29 333 17 34.4 18.4 3.9 0 1.5 24.1 398.81
climatbambey 2014 11 30 334 16.4 32.6 19 3.9 0 1.5 21.8 398.81
climatbambey 2014 12 1 335 18.6 30.5 14.7 3.4 0 1.8 21.9 398.81
climatbambey 2014 12 2 336 20 31 11.9 3.4 0 1.8 20.4 398.81
climatbambey 2014 12 3 337 21.5 32.6 10.8 3.6 0 1.8 20.7 398.81
climatbambey 2014 12 4 338 21 36.5 17.1 4.7 0 1.8 21.3 398.81
climatbambey 2014 12 5 339 23 36.8 16.1 4.9 0 1.8 20.5 398.81
climatbambey 2014 12 6 340 23 36.8 12.5 4.3 0 1.8 21.5 398.81
climatbambey 2014 12 7 341 20.4 33.8 9.5 3.8 0 1.8 17.7 398.81
climatbambey 2014 12 8 342 22.4 35.4 9.7 4.1 0 1.8 18.3 398.81
climatbambey 2014 12 9 343 19.8 36.8 9.9 4.5 0 1.8 14.2 398.81
climatbambey 2014 12 10 344 19.4 37.2 14 5.2 0 1.8 11.5 398.81
climatbambey 2014 12 11 345 19 35.2 17.7 5.5 0 1.8 7.5 398.81
climatbambey 2014 12 12 346 17.4 32 15.2 4.9 0 1.8 7.3 398.81
climatbambey 2014 12 13 347 16.5 31.5 13.1 4.7 0 1.8 7.5 398.81
climatbambey 2014 12 14 348 17.7 31.8 13.3 4.5 0 1.8 10.6 398.81
climatbambey 2014 12 15 349 20.2 31.2 12.8 4.4 0 1.8 12 398.81
climatbambey 2014 12 16 350 18.5 31 15.5 4.7 0 1.8 9.4 398.81
climatbambey 2014 12 17 351 16 32.1 15.9 4.6 0 1.8 10.3 398.81
climatbambey 2014 12 18 352 15.8 34 17.6 5 0 1.8 10.4 398.81
climatbambey 2014 12 19 353 19 34.2 16.9 5.3 0 1.8 8 398.81
climatbambey 2014 12 20 354 17.8 33.6 17.3 5.1 0 1.8 8.6 398.81
climatbambey 2014 12 21 355 16.8 33.4 15.1 4.6 0 1.8 11.9 398.81
climatbambey 2014 12 22 356 17.4 32.6 10.4 4 0 1.8 13.5 398.81
climatbambey 2014 12 23 357 18.5 30 9.1 3.8 0 1.8 12.6 398.81
climatbambey 2014 12 24 358 16.8 38.5 16.6 5.2 0 1.8 14.6 398.81
climatbambey 2014 12 25 359 20 38.5 17.8 5.6 0 1.8 13.2 398.81
climatbambey 2014 12 26 360 20.5 37.5 18.4 5.7 0 1.8 8.8 398.81
climatbambey 2014 12 27 361 21 33.6 17.6 5.3 0 1.8 8.3 398.81
climatbambey 2014 12 28 362 16.5 29.5 18.2 4.9 0 1.8 6.5 398.81
climatbambey 2014 12 29 363 14.4 29.6 18.5 4.9 0 1.8 6.1 398.81
climatbambey 2014 12 30 364 12.8 32 18.2 4.5 0 1.8 11.6 398.81
climatbambey 2014 12 31 365 11.5 32.5 15 4 0 1.8 13.5 398.81
