climatbambey 2012 1 2 2 15.4 30.7 17.2 4.4 0 1.5 8 394.06
climatbambey 2012 1 3 3 18 32.8 17.2 4.3 0 1.3 9.6 394.06
climatbambey 2012 1 4 4 18.2 34.2 17.2 4.5 0 1.3 8.7 394.06
climatbambey 2012 1 5 5 22.5 33.3 17.2 5.2 0 1.7 8.5 394.06
climatbambey 2012 1 6 6 22 33.2 17.3 4 0 1 10.5 394.06
climatbambey 2012 1 7 7 17 34 17.3 4.2 0 1.2 12.1 394.06
climatbambey 2012 1 8 8 18.6 35.6 17.3 4.1 0 1 11.8 394.06
climatbambey 2012 1 9 9 17 36.1 17.4 4.3 0 1.1 10.8 394.06
climatbambey 2012 1 10 10 15.5 36.5 17.4 3.8 0 0.9 18.3 394.06
climatbambey 2012 1 11 11 12.5 38 17.4 3.9 0 0.9 16.7 394.06
climatbambey 2012 1 12 12 13.5 38.5 17.5 4.1 0 1 17 394.06
climatbambey 2012 1 13 13 15 37.5 17.5 4.3 0 1.2 17.2 394.06
climatbambey 2012 1 14 14 17.5 37.5 17.5 4.9 0 1.7 17.4 394.06
climatbambey 2012 1 15 15 19.9 35.5 17.6 5 0 1.6 12.3 394.06
climatbambey 2012 1 16 16 19.8 35 17.6 5 0 1.7 13.3 394.06
climatbambey 2012 1 17 17 19.5 36 17.7 4.5 0 1.3 15.6 394.06
climatbambey 2012 1 18 18 20.6 35 17.7 4.3 0 1.5 23.5 394.06
climatbambey 2012 1 19 19 16.2 31.4 17.8 4 0 2.3 20.2 394.06
climatbambey 2012 1 20 20 16 25.8 17.8 3.8 0 2.8 16.4 394.06
climatbambey 2012 1 21 21 13.6 25 17.8 4.2 0 2.4 11 394.06
climatbambey 2012 1 22 22 13 27.5 17.9 4.1 0 2 12.1 394.06
climatbambey 2012 1 23 23 14.8 30.2 17.9 4.3 0 1.7 12.8 394.06
climatbambey 2012 1 24 24 17 33.2 18 4.4 0 1.5 15.3 394.06
climatbambey 2012 1 25 25 18.5 32.5 18 4 0 1.4 20.4 394.06
climatbambey 2012 1 26 26 14.5 31.2 18.1 4.3 0 1.6 12.9 394.06
climatbambey 2012 1 27 27 13.2 31.5 18.2 4.2 0 1.3 10.4 394.06
climatbambey 2012 1 28 28 15.5 33.5 18.2 4.3 0 1.1 7.8 394.06
climatbambey 2012 1 29 29 15.2 34.2 18.3 4.2 0 1.1 12.1 394.06
climatbambey 2012 1 30 30 19.9 34.2 18.3 4.9 0 1.5 12.9 394.06
climatbambey 2012 1 31 31 21 34.6 18.4 5 0 1.5 13.1 394.06
climatbambey 2012 2 1 32 19.8 32.5 19.3 5.4 0 1.9 11.5 394.06
climatbambey 2012 2 2 33 22.4 33.8 19.4 5.2 0 1.6 14.3 394.06
climatbambey 2012 2 3 34 20 35.8 19.4 5.2 0 1.6 14.7 394.06
climatbambey 2012 2 4 35 20.5 34.4 19.5 5.3 0 1.7 14.3 394.06
climatbambey 2012 2 5 36 18.8 29.2 19.5 4.5 0 1.5 12.2 394.06
climatbambey 2012 2 6 37 19.6 31.5 19.6 6.8 0 3.2 10 394.06
climatbambey 2012 2 7 38 17.8 30.2 19.7 5.9 0 2.1 4.6 394.06
climatbambey 2012 2 8 39 18.5 32.2 19.7 5.2 0 1.6 9.4 394.06
climatbambey 2012 2 9 40 17.5 32.5 19.8 5 0 1.5 9 394.06
climatbambey 2012 2 10 41 18 34.5 19.8 5.4 0 1.9 14.2 394.06
climatbambey 2012 2 11 42 17.5 33.5 19.9 4.9 0 1.6 15.2 394.06
climatbambey 2012 2 12 43 19.1 28.6 20 4.3 0 1.2 12.4 394.06
climatbambey 2012 2 13 44 17.6 32.2 20 4.9 0 1.4 10.2 394.06
climatbambey 2012 2 14 45 16.4 31.5 20.1 4.9 0 1.5 10.4 394.06
climatbambey 2012 2 15 46 20.2 28.4 20.2 4.8 0 1.6 12 394.06
climatbambey 2012 2 16 47 17.4 32 20.2 5.1 0 2 15.1 394.06
climatbambey 2012 2 17 48 17.5 31.4 20.3 5.4 0 2.5 15.5 394.06
climatbambey 2012 2 18 49 15.2 30.4 20.3 4.5 0 2.2 17.9 394.06
climatbambey 2012 2 19 50 14 32.4 20.4 4.5 0 1.8 17.6 394.06
climatbambey 2012 2 20 51 14.5 34.1 20.5 4.5 0 1.4 18.1 394.06
climatbambey 2012 2 21 52 16 34 20.5 6.2 0 2.2 9.7 394.06
climatbambey 2012 2 22 53 19 32.8 20.6 5.7 0 1.7 6.8 394.06
climatbambey 2012 2 23 54 18.5 32.4 20.7 5.7 0 1.8 7.8 394.06
climatbambey 2012 2 24 55 17.8 32.4 20.7 5.6 0 1.7 7.3 394.06
climatbambey 2012 2 25 56 19.5 36.4 20.8 5.8 0 1.5 7.3 394.06
climatbambey 2012 2 26 57 21.5 38.3 20.8 6 0 1.5 9.9 394.06
climatbambey 2012 2 27 58 19.6 39.8 20.9 6.4 0 1.7 11.5 394.06
climatbambey 2012 2 28 59 19.2 37 21 6.4 0 2.1 13.9 394.06
climatbambey 2012 2 29 60 17.5 37.5 21.4 5.8 0 1.8 17.4 394.06
climatbambey 2012 3 1 61 17 39.4 21.4 5.9 0 1.8 18.7 394.06
climatbambey 2012 3 2 62 23.5 37.5 21.5 6.8 0 2 10.3 394.06
climatbambey 2012 3 3 63 23.5 36.4 21.5 6.6 0 1.9 9.3 394.06
climatbambey 2012 3 4 64 20.8 36.4 21.6 6.1 0 1.7 11.9 394.06
climatbambey 2012 3 5 65 19 37.5 21.7 6.1 0 1.6 10.2 394.06
climatbambey 2012 3 6 66 19.8 39.2 21.7 6.3 0 1.6 11.1 394.06
climatbambey 2012 3 7 67 18.1 39.5 21.8 5.5 0 1.1 11.3 394.06
climatbambey 2012 3 8 68 18.7 39.5 21.8 5.8 0 1.3 13.1 394.06
climatbambey 2012 3 9 69 18.2 39 21.9 6.8 0 2.1 13.7 394.06
climatbambey 2012 3 10 70 22.8 37.6 21.9 6.2 0 1.5 6.7 394.06
climatbambey 2012 3 11 71 19.2 37.5 22 5.9 0 1.4 8.7 394.06
climatbambey 2012 3 12 72 22.8 38.6 22 6.9 0 1.8 7.5 394.06
climatbambey 2012 3 13 73 20.5 36.6 22.1 6.3 0 1.6 6 394.06
climatbambey 2012 3 14 74 20.5 39.6 22.1 6.6 0 1.6 8.1 394.06
climatbambey 2012 3 15 75 19.5 40.4 22.2 6.4 0 1.5 10.8 394.06
climatbambey 2012 3 16 76 19.5 41 22.2 6.3 0 1.4 13.3 394.06
climatbambey 2012 3 17 77 22.8 40.2 22.3 6.9 0 1.7 8.1 394.06
climatbambey 2012 3 18 78 26 41 22.3 8.7 0 2.6 9.1 394.06
climatbambey 2012 3 19 79 26.1 40.8 22.3 8.2 0 2.4 11.4 394.06
climatbambey 2012 3 20 80 23.2 40.5 22.4 7.2 0 2.5 21.9 394.06
climatbambey 2012 3 21 81 18 35 22.4 5.7 0 2.4 21.3 394.06
climatbambey 2012 3 22 82 17 32 22.5 5.1 0 2.2 20.1 394.06
climatbambey 2012 3 23 83 16.1 35.5 22.5 5.8 0 2.7 20.8 394.06
climatbambey 2012 3 24 84 18 32.5 22.5 5.5 0 2.6 19.9 394.06
climatbambey 2012 3 25 85 17 33.6 22.6 5.3 0 2.2 20.3 394.06
climatbambey 2012 3 26 86 16.5 32.5 22.6 4.9 0 1.8 20.4 394.06
climatbambey 2012 3 27 87 17.4 30 22.6 4.7 0 1.8 19.9 394.06
climatbambey 2012 3 28 88 17 23.5 22.7 3.7 0 1.4 20.9 394.06
climatbambey 2012 3 29 89 17.8 31.5 22.7 4.8 0 1.9 21.7 394.06
climatbambey 2012 3 30 90 19.5 34.8 22.7 5.9 0 2.3 20.1 394.06
climatbambey 2012 3 31 91 19 35.2 23.1 5.8 0 2.6 22.8 394.06
climatbambey 2012 4 1 92 19.5 33.5 23.1 5.7 0 2.4 21.3 394.06
climatbambey 2012 4 2 93 19 32.1 23.1 5.6 0 2.6 20.1 394.06
climatbambey 2012 4 3 94 18.2 32.6 23.2 5.8 0 2.6 19 394.06
climatbambey 2012 4 4 95 17.6 32.5 23.2 5.4 0 1.9 18.1 394.06
climatbambey 2012 4 5 96 17 36 23.2 5.8 0 2.2 20.9 394.06
climatbambey 2012 4 6 97 17 36.7 23.2 6.2 0 2.3 19.6 394.06
climatbambey 2012 4 7 98 19 37.5 23.2 6.5 0 2.2 19.2 394.06
climatbambey 2012 4 8 99 19.5 34.5 23.3 6 0 2.1 18.4 394.06
climatbambey 2012 4 9 100 20.4 38 23.3 7.6 0 3.1 18.2 394.06
climatbambey 2012 4 10 101 23.4 38.5 23.3 7.6 0 2.8 19.5 394.06
climatbambey 2012 4 11 102 21.8 32.8 23.3 6.1 0 2.8 21.2 394.06
climatbambey 2012 4 12 103 19.8 36.5 23.3 6.4 0 2.4 20.6 394.06
climatbambey 2012 4 13 104 20.6 37.5 23.3 5.7 0 1.3 22.3 394.06
climatbambey 2012 4 14 105 22.8 37.5 23.4 6.4 0 2.1 23.8 394.06
climatbambey 2012 4 15 106 23.8 38.2 23.4 7.5 0 2.4 16.4 394.06
climatbambey 2012 4 16 107 21 39 23.4 7.3 0 2.3 16.1 394.06
climatbambey 2012 4 17 108 20.4 37.8 23.4 7.4 0 2.8 17.9 394.06
climatbambey 2012 4 18 109 17.7 32.2 23.4 5.6 0 2.5 19.4 394.06
climatbambey 2012 4 19 110 16 32 23.4 5.4 0 2.4 18.9 394.06
climatbambey 2012 4 20 111 17 34 23.4 5.3 0 2.1 21.9 394.06
climatbambey 2012 4 21 112 17.5 35.4 23.4 5.5 0 1.9 22.4 394.06
climatbambey 2012 4 22 113 19 38.8 23.4 6.2 0 2.3 25.3 394.06
climatbambey 2012 4 23 114 21.6 41 23.4 7.4 0 2.4 21.5 394.06
climatbambey 2012 4 24 115 22.4 37.2 23.4 6.7 0 2.6 22.9 394.06
climatbambey 2012 4 25 116 18.4 34.9 23.4 5.7 0 2.3 22.5 394.06
climatbambey 2012 4 26 117 18 36.5 23.4 5.8 0 2 22.2 394.06
climatbambey 2012 4 27 118 19 37.5 23.4 6.2 0 2.5 23.6 394.06
climatbambey 2012 4 28 119 20.4 38.5 23.4 6.5 0 2.3 23.2 394.06
climatbambey 2012 4 29 120 30.4 39.6 23.4 8 0 2.4 19.7 394.06
climatbambey 2012 4 30 121 28 42 22.8 8.5 0 2.6 18.6 394.06
climatbambey 2012 5 1 122 22.4 41.5 22.8 8.1 0 2.5 16.1 394.06
climatbambey 2012 5 2 123 23.8 41.8 22.8 8.1 0 2.6 18.4 394.06
climatbambey 2012 5 3 124 22 40.8 22.8 7.4 0 2.4 19.8 394.06
climatbambey 2012 5 4 125 20.8 43.5 22.8 7.6 0 2.1 18.2 394.06
climatbambey 2012 5 5 126 21 43 22.8 6.8 0 1.6 20.4 394.06
climatbambey 2012 5 6 127 20.8 43.8 22.8 6.6 0 1.4 19.3 394.06
climatbambey 2012 5 7 128 21.5 44.2 22.8 7.3 0 1.9 21.9 394.06
climatbambey 2012 5 8 129 25.2 44 22.8 8.2 0 2.2 16 394.06
climatbambey 2012 5 9 130 21.8 38.2 22.8 6.2 0 2 24.4 394.06
climatbambey 2012 5 10 131 19.6 38.5 22.8 5.6 0 1.4 24.7 394.06
climatbambey 2012 5 11 132 20.4 39.5 22.8 5.8 0 1.6 26.4 394.06
climatbambey 2012 5 12 133 20.8 39.5 22.7 6 0 1.8 25.9 394.06
climatbambey 2012 5 13 134 20 40 22.7 6.1 0 2.1 26.9 394.06
climatbambey 2012 5 14 135 21.8 34.8 22.7 5.7 0 2.6 26.5 394.06
climatbambey 2012 5 15 136 21.4 35.5 22.7 5.4 0 1.6 24.8 394.06
climatbambey 2012 5 16 137 21.5 37 22.7 5.7 0 1.7 25.8 394.06
climatbambey 2012 5 17 138 21.5 37.4 22.7 5.8 0 1.7 24.3 394.06
climatbambey 2012 5 18 139 23.6 38.6 22.7 5.9 0 1.6 26.9 394.06
climatbambey 2012 5 19 140 23.5 36 22.7 5.6 0 1.6 25.9 394.06
climatbambey 2012 5 20 141 22.4 41.8 22.7 6.6 0 1.9 26.3 394.06
climatbambey 2012 5 21 142 24.4 36.2 22.7 6.3 0 2.3 25 394.06
climatbambey 2012 5 22 143 24.8 37 22.6 6.1 0 2 27 394.06
climatbambey 2012 5 23 144 24 38 22.6 6.3 0 2.1 26.1 394.06
climatbambey 2012 5 24 145 23.5 37.5 22.6 6.2 0 2.1 25.5 394.06
climatbambey 2012 5 25 146 23 35.5 22.6 5.9 0 2.4 25.8 394.06
climatbambey 2012 5 26 147 23 36.8 22.6 5.9 0 2 26.4 394.06
climatbambey 2012 5 27 148 23.2 38.8 22.6 5.7 0 1.5 29.9 394.06
climatbambey 2012 5 28 149 22.5 41.5 22.6 6.5 0 1.8 25.4 394.06
climatbambey 2012 5 29 150 19.4 38 22.6 5.8 0 2 25 394.06
climatbambey 2012 5 30 151 19.5 38.5 22.6 6 0 2 24 394.06
climatbambey 2012 5 31 152 21 39.5 20.8 5.9 0 1.8 24.5 394.06
climatbambey 2012 6 1 153 20 37.6 20.8 5.6 0 2.1 24.9 394.06
climatbambey 2012 6 2 154 21.5 34.4 20.8 4.8 0 1.4 26.6 394.06
climatbambey 2012 6 3 155 23.8 39.2 20.8 5.6 0 1.7 29.6 394.06
climatbambey 2012 6 4 156 23.8 40.4 20.8 5.6 0 1.4 29.4 394.06
climatbambey 2012 6 5 157 22.4 41.5 20.8 5.7 0 1.5 29.6 394.06
climatbambey 2012 6 6 158 22.8 36.5 20.8 5.3 0 2 28.9 394.06
climatbambey 2012 6 7 159 22.4 38.4 20.8 5.5 0 1.8 28 394.06
climatbambey 2012 6 8 160 22 39.4 20.8 5.5 0 1.7 28.9 394.06
climatbambey 2012 6 9 161 23.5 38.6 20.8 5.5 0 1.7 29.5 394.06
climatbambey 2012 6 10 162 25.2 39.8 20.8 6 0 1.9 29.8 394.06
climatbambey 2012 6 11 163 23.5 39.6 20.8 5.8 0 1.9 29 394.06
climatbambey 2012 6 12 164 24 36.5 20.8 5.6 0 2.6 29.5 394.06
climatbambey 2012 6 13 165 25 35 20.8 5.7 0 2.6 28.2 394.06
climatbambey 2012 6 14 166 23.5 38.5 20.7 5.7 0 2.1 29.2 394.06
climatbambey 2012 6 15 167 23.5 38.5 20.7 5.5 0 1.7 28.8 394.06
climatbambey 2012 6 16 168 23.5 40 20.7 6 0 2.7 31.9 394.06
climatbambey 2012 6 17 169 25.8 37 20.7 5.9 0 2.7 30.8 394.06
climatbambey 2012 6 18 170 24.8 33.8 20.7 5.2 0 2.1 28.5 394.06
climatbambey 2012 6 19 171 24.6 37 20.7 5.4 0 1.6 28.6 394.06
climatbambey 2012 6 20 172 25 37.2 20.7 5.4 0 1.6 29.4 394.06
climatbambey 2012 6 21 173 24.8 39 20.7 6 0 2.2 29.8 394.06
climatbambey 2012 6 22 174 24.8 40.4 20.7 6 0 2.1 31.2 394.06
climatbambey 2012 6 23 175 26 34.5 20.7 5.7 0 3.1 29.7 394.06
climatbambey 2012 6 24 176 26.4 35.8 20.7 5.5 0 2.2 31 394.06
climatbambey 2012 6 25 177 24.8 35 20.7 5.2 0 1.8 29.1 394.06
climatbambey 2012 6 26 178 23.4 36.8 20.7 5.4 0 1.8 27.3 394.06
climatbambey 2012 6 27 179 24.5 38.8 20.7 5.6 0 1.5 27.7 394.06
climatbambey 2012 6 28 180 24.5 36.2 20.7 5.1 0 1.5 30.1 394.06
climatbambey 2012 6 29 181 25.5 36 20.7 5.6 0 2.1 28.6 394.06
climatbambey 2012 6 30 182 22.8 36.7 20.5 5.3 0 1.8 28 394.06
climatbambey 2012 7 1 183 24.7 35.5 20.5 5.3 0 2.2 29.7 394.06
climatbambey 2012 7 2 184 25.4 36.4 20.5 5.2 19.2 1.8 32.4 394.06
climatbambey 2012 7 3 185 23.8 32 20.5 4.4 0 1 30.2 394.06
climatbambey 2012 7 4 186 25.2 35 20.5 5 0 1.7 31.6 394.06
climatbambey 2012 7 5 187 26.2 34.6 20.5 5.2 0 2 31 394.06
climatbambey 2012 7 6 188 25.8 37.8 20.5 5.2 8.6 1.5 33.6 394.06
climatbambey 2012 7 7 189 23.4 34 20.5 4.5 13.2 1.1 31.3 394.06
climatbambey 2012 7 8 190 24.4 30 20.5 4.2 24.2 1.1 30.8 394.06
climatbambey 2012 7 9 191 24.4 33.6 20.5 4.7 0 1.6 31.4 394.06
climatbambey 2012 7 10 192 24.4 33.8 20.5 5 0 1.9 28.8 394.06
climatbambey 2012 7 11 193 23.5 33.4 20.5 4.8 0 1.7 27.7 394.06
climatbambey 2012 7 12 194 25.5 34.5 20.5 4.8 0 1.4 32.5 394.06
climatbambey 2012 7 13 195 25.4 34.5 20.5 4.9 0 1.7 31.3 394.06
climatbambey 2012 7 14 196 24.9 34.5 20.5 4.9 1.4 1.7 30.7 394.06
climatbambey 2012 7 15 197 23.5 32.5 20.5 4.4 0 1 31 394.06
climatbambey 2012 7 16 198 23.8 34 20.5 4.6 36 1.2 30.7 394.06
climatbambey 2012 7 17 199 22.8 33.5 20.5 4.4 1 0.9 31.8 394.06
climatbambey 2012 7 18 200 25.4 34.4 20.5 4.7 0 1.2 33.3 394.06
climatbambey 2012 7 19 201 25.4 34.4 20.5 4.8 0 1.6 32.9 394.06
climatbambey 2012 7 20 202 25 33.8 20.5 4.6 1.4 1.1 32.6 394.06
climatbambey 2012 7 21 203 25 28.8 20.5 4.1 15.4 1 33.1 394.06
climatbambey 2012 7 22 204 25.5 31.8 20.5 4.4 0 1.9 33.9 394.06
climatbambey 2012 7 23 205 25.5 30.6 20.6 4.3 0 1.4 32.8 394.06
climatbambey 2012 7 24 206 24.8 33 20.6 4.5 0 1.2 33.1 394.06
climatbambey 2012 7 25 207 24.5 33.2 20.6 4.9 0 2.2 30.2 394.06
climatbambey 2012 7 26 208 24.5 36 20.6 4.9 0 1.2 31.2 394.06
climatbambey 2012 7 27 209 25.8 36.4 20.6 5 13 1.3 33 394.06
climatbambey 2012 7 28 210 21.8 33.2 20.6 4.4 0 1.1 28.6 394.06
climatbambey 2012 7 29 211 25.2 35 20.6 4.9 0 1.4 31.8 394.06
climatbambey 2012 7 30 212 24.8 35.6 20.6 4.9 0 1.2 30.9 394.06
climatbambey 2012 7 31 213 25.8 34.4 20.4 4.9 0.4 1.4 30.9 394.06
climatbambey 2012 8 1 214 25.5 31.4 20.4 4.5 4.8 1.2 30.5 394.06
climatbambey 2012 8 2 215 25.2 34.5 20.4 4.8 0 1.6 31.8 394.06
climatbambey 2012 8 3 216 25.4 33.4 20.4 4.9 0 2 30.3 394.06
climatbambey 2012 8 4 217 25.4 28.6 20.4 4.1 32 1 31.9 394.06
climatbambey 2012 8 5 218 21.8 32.5 20.4 4.3 0 1.2 28.9 394.06
climatbambey 2012 8 6 219 24.5 32.8 20.4 4.5 0 1.3 30.8 394.06
climatbambey 2012 8 7 220 24.8 32.5 20.4 4.5 0 1.6 31.8 394.06
climatbambey 2012 8 8 221 25.5 33 20.4 4.8 0 2.4 31.7 394.06
climatbambey 2012 8 9 222 25 31.2 20.4 4.5 102 1.8 30.2 394.06
climatbambey 2012 8 10 223 23.8 32 20.4 4.3 8.7 1.1 31 394.06
climatbambey 2012 8 11 224 24.8 33 20.4 4.5 65 1.5 33.4 394.06
climatbambey 2012 8 12 225 22.4 32 20.4 4.3 12.5 1 29.4 394.06
climatbambey 2012 8 13 226 24.5 31.5 20.4 4.3 1.7 0.8 31.9 394.06
climatbambey 2012 8 14 227 24.8 30.5 20.4 4.2 2.3 1.1 33.1 394.06
climatbambey 2012 8 15 228 25 32.6 20.4 4.4 1.3 1 33.3 394.06
climatbambey 2012 8 16 229 25 34 20.4 4.5 0 0.8 33.8 394.06
climatbambey 2012 8 17 230 25.8 32 20.4 4.4 0.5 0.8 33.6 394.06
climatbambey 2012 8 18 231 21.8 28 20.4 3.9 2.6 1.5 27.4 394.06
climatbambey 2012 8 19 232 24.4 33 20.4 4.4 0 0.9 31.9 394.06
climatbambey 2012 8 20 233 24.2 34.5 20.4 4.5 0 0.9 32.1 394.06
climatbambey 2012 8 21 234 25.5 33.4 20.3 4.5 4.2 1.1 33.3 394.06
climatbambey 2012 8 22 235 24.5 32 20.3 4.5 0 1.7 31.1 394.06
climatbambey 2012 8 23 236 24 31 20.3 4.2 1.8 1 30.6 394.06
climatbambey 2012 8 24 237 24.5 32.4 20.3 4.4 2 1 31.4 394.06
climatbambey 2012 8 25 238 24.5 32.5 20.3 4.3 14 1 32.7 394.06
climatbambey 2012 8 26 239 24.2 32 20.3 4.3 5.5 1.4 32.3 394.06
climatbambey 2012 8 27 240 24.5 32.4 20.3 4.3 4.8 0.7 32 394.06
climatbambey 2012 8 28 241 23.4 32.8 20.3 4.3 3.8 1.1 31.2 394.06
climatbambey 2012 8 29 242 21.8 30 20.3 4 2.7 1.1 29.2 394.06
climatbambey 2012 8 30 243 24.4 34.5 20.2 4.6 0 1.5 32.9 394.06
climatbambey 2012 8 31 244 24.4 31.8 20 4.2 6.2 1.3 32.5 394.06
climatbambey 2012 9 1 245 24.5 33.2 20 4.5 0 1.5 31.2 394.06
climatbambey 2012 9 2 246 23.8 31 20 4.2 0 1.3 30.1 394.06
climatbambey 2012 9 3 247 24.4 33.5 20 4.4 0 1.2 32.1 394.06
climatbambey 2012 9 4 248 24.5 33.6 19.9 4.4 10 1.2 31.9 394.06
climatbambey 2012 9 5 249 24.8 33.5 19.9 4.5 0 1.5 32.1 394.06
climatbambey 2012 9 6 250 26.5 33.5 19.9 4.7 4.7 1.8 32.9 394.06
climatbambey 2012 9 7 251 25 32.6 19.9 4.3 1.2 1.4 32.9 394.06
climatbambey 2012 9 8 252 24 32.5 19.8 4.4 0 1.6 31.3 394.06
climatbambey 2012 9 9 253 24.4 35 19.8 4.6 15 1.4 32.3 394.06
climatbambey 2012 9 10 254 20.8 34.5 19.8 4.3 2.7 1.1 29.3 394.06
climatbambey 2012 9 11 255 24.2 35.5 19.8 4.5 7 0.9 32.8 394.06
climatbambey 2012 9 12 256 24 34.2 19.7 4.3 0 0.8 32.6 394.06
climatbambey 2012 9 13 257 25.2 34.5 19.7 4.5 0 1.3 34.5 394.06
climatbambey 2012 9 14 258 25 34.5 19.7 4.5 0 1.3 33.2 394.06
climatbambey 2012 9 15 259 24.8 31.5 19.6 4.2 1 1.1 31.6 394.06
climatbambey 2012 9 16 260 23.8 35 19.6 4.5 1.8 1.5 32 394.06
climatbambey 2012 9 17 261 24 35.6 19.6 4.5 0 1.2 32.3 394.06
climatbambey 2012 9 18 262 22.5 30.5 19.5 4 0 1.2 28.9 394.06
climatbambey 2012 9 19 263 25 31.5 19.5 4.2 0 1.2 32 394.06
climatbambey 2012 9 20 264 24.3 33.8 19.5 4.3 4.6 1.2 32.1 394.06
climatbambey 2012 9 21 265 22.2 33.2 19.4 4.1 70 1.1 30.5 394.06
climatbambey 2012 9 22 266 23.4 28.5 19.4 3.8 1.6 1 30.3 394.06
climatbambey 2012 9 23 267 24 31.2 19.4 4 2 1.3 31.6 394.06
climatbambey 2012 9 24 268 24.8 31.5 19.3 4.1 12.1 0.9 32.2 394.06
climatbambey 2012 9 25 269 23 34.2 19.3 4.2 0.8 1 31.3 394.06
climatbambey 2012 9 26 270 23.4 35.2 19.2 4.3 0 0.9 32.6 394.06
climatbambey 2012 9 27 271 25.8 35 19.2 4.5 9.5 1.6 35.2 394.06
climatbambey 2012 9 28 272 22.4 32.5 19.1 4.1 18 1 28.5 394.06
climatbambey 2012 9 29 273 22.6 30.2 19.1 3.9 0 1.1 27.5 394.06
climatbambey 2012 9 30 274 25.8 33.2 20.4 4.4 5.6 1 33.8 394.06
climatbambey 2012 10 1 275 22 34 20.4 4.3 0 0.8 29.1 394.06
climatbambey 2012 10 2 276 25 36 20.3 4.7 0 1 31.7 394.06
climatbambey 2012 10 3 277 24 34.6 20.3 4.5 0 1.3 32.8 394.06
climatbambey 2012 10 4 278 24.4 34 20.2 4.3 0.2 0.7 31.8 394.06
climatbambey 2012 10 5 279 25.2 32 20.2 4.3 0 1.1 31.5 394.06
climatbambey 2012 10 6 280 25.5 36 20.1 4.6 0 1 33.2 394.06
climatbambey 2012 10 7 281 25 36.5 20.1 4.8 0 1.6 33.7 394.06
climatbambey 2012 10 8 282 22.4 36.5 20 4.6 1.3 1 29 394.06
climatbambey 2012 10 9 283 23.5 35 20 4.3 0 0.8 32.1 394.06
climatbambey 2012 10 10 284 24.4 34.8 19.9 4.4 20 1.1 32.3 394.06
climatbambey 2012 10 11 285 23.2 34 19.9 4.3 0 1.1 31.7 394.06
climatbambey 2012 10 12 286 25.4 36.4 19.8 4.5 0 0.9 34.8 394.06
climatbambey 2012 10 13 287 24.8 35.9 19.7 4.5 0 1.2 33.1 394.06
climatbambey 2012 10 14 288 24.4 36 19.7 4.4 0 1 33.5 394.06
climatbambey 2012 10 15 289 23.5 36.2 19.6 4.4 0 1 31.8 394.06
climatbambey 2012 10 16 290 24 36.8 19.6 4.5 0 0.9 30.8 394.06
climatbambey 2012 10 17 291 24 37 19.5 4.4 0 0.7 31.2 394.06
climatbambey 2012 10 18 292 23 36 19.5 4.3 0 0.9 31.1 394.06
climatbambey 2012 10 19 293 22 35 19.4 4.3 0 1 28.2 394.06
climatbambey 2012 10 20 294 23.2 35.5 19.3 4.2 0 0.9 32.7 394.06
climatbambey 2012 10 21 295 23 31.7 19.3 3.9 0 0.7 26.6 394.06
climatbambey 2012 10 22 296 24.2 36.2 19.2 4.4 0 1.1 30.9 394.06
climatbambey 2012 10 23 297 24.5 38 19.2 4.6 0 1.1 32.4 394.06
climatbambey 2012 10 24 298 24.9 39.4 19.1 4.6 0 0.9 31.7 394.06
climatbambey 2012 10 25 299 23.8 39 19 4.7 0 1 28.7 394.06
climatbambey 2012 10 26 300 23.2 39 19 4.6 0 1 28.7 394.06
climatbambey 2012 10 27 301 22.9 38.6 18.9 5.2 0 2.1 28.8 394.06
climatbambey 2012 10 28 302 22.8 36 18.9 4.2 0 0.9 28.5 394.06
climatbambey 2012 10 29 303 22.8 36 18.8 4.3 0 1.1 28.3 394.06
climatbambey 2012 10 30 304 22.4 37.8 18.8 4.5 0 1 26.2 394.06
climatbambey 2012 10 31 305 23.4 38 19.1 4.5 0 1 29.8 394.06
climatbambey 2012 11 1 306 24 37.5 19 4.5 0 1.2 31.2 394.06
climatbambey 2012 11 2 307 23.4 38.5 18.9 5.2 0 2.2 30.5 394.06
climatbambey 2012 11 3 308 23 39.5 18.9 4.2 0 0.5 26.7 394.06
climatbambey 2012 11 4 309 22 38.5 18.8 4.5 0 1.1 28.8 394.06
climatbambey 2012 11 5 310 22 37.5 18.8 4.3 0 1.1 30.1 394.06
climatbambey 2012 11 6 311 23 38.5 18.7 4.4 0 1 29.7 394.06
climatbambey 2012 11 7 312 24.2 38.2 18.7 4.6 0 1.2 30 394.06
climatbambey 2012 11 8 313 23 38 18.6 4.8 0 1.6 28.4 394.06
climatbambey 2012 11 9 314 23.5 37.5 18.6 4.3 0 0.9 29.7 394.06
climatbambey 2012 11 10 315 21.4 39 18.5 4.4 0 1 28.5 394.06
climatbambey 2012 11 11 316 22.6 38.5 18.5 4.4 0 1 26.9 394.06
climatbambey 2012 11 12 317 22.4 37.5 18.4 4.3 0 0.9 25.2 394.06
climatbambey 2012 11 13 318 21.8 38 18.4 4.3 0 0.9 25.5 394.06
climatbambey 2012 11 14 319 20.2 37.5 18.3 4.2 0 1 24.2 394.06
climatbambey 2012 11 15 320 20.4 38 18.3 4.2 0 0.9 21.9 394.06
climatbambey 2012 11 16 321 20.5 37.2 18.2 4.5 0 1.4 23.2 394.06
climatbambey 2012 11 17 322 22 39.5 18.2 4.9 0 1.5 25.5 394.06
climatbambey 2012 11 18 323 22 38.4 18.1 4.6 0 1.2 21.5 394.06
climatbambey 2012 11 19 324 19 38.5 18.1 4.3 0 1 22.7 394.06
climatbambey 2012 11 20 325 20.8 36.4 18 4.3 0 1.4 24.7 394.06
climatbambey 2012 11 21 326 21.8 35 18 4.3 0 1.5 25 394.06
climatbambey 2012 11 22 327 22 34.4 17.9 4.2 0 1.3 23.7 394.06
climatbambey 2012 11 23 328 20 35 17.9 4.1 0 1.2 21.3 394.06
climatbambey 2012 11 24 329 21 34.2 17.9 3.9 0 1 23.8 394.06
climatbambey 2012 11 25 330 21.2 34 17.8 4 0 1.4 26.2 394.06
climatbambey 2012 11 26 331 19.4 34.5 17.8 4 0 1.4 23.8 394.06
climatbambey 2012 11 27 332 21.6 32.8 17.8 3.8 0 1.2 25.2 394.06
climatbambey 2012 11 28 333 22 35.4 17.7 4.2 0 1.2 22.2 394.06
climatbambey 2012 11 29 334 22 35 17.7 4.3 0 1.3 21.4 394.06
climatbambey 2012 11 30 335 23 35 16.9 4.5 0 1.5 19 394.06
climatbambey 2012 12 1 336 22 27.6 16.9 3.7 0 1.1 13 394.06
climatbambey 2012 12 2 337 19.4 31.5 16.9 3.7 0 1 14 394.06
climatbambey 2012 12 3 338 21.8 27 16.9 4 0 1.4 11.8 394.06
climatbambey 2012 12 4 339 19.8 25.5 16.8 3.7 0 1.1 7.1 394.06
climatbambey 2012 12 5 340 16.9 30 16.8 3.8 0 1.1 7.8 394.06
climatbambey 2012 12 6 341 13 32.4 16.8 4.1 0 1.3 9.5 394.06
climatbambey 2012 12 7 342 13.9 34.8 16.8 4.2 0 1.2 9.9 394.06
climatbambey 2012 12 8 343 16.5 36.5 16.8 4.1 0 1 10.4 394.06
climatbambey 2012 12 9 344 17.2 37.2 16.7 4.3 0 1.1 12.3 394.06
climatbambey 2012 12 10 345 17 37.5 16.7 4.2 0 1 11.6 394.06
climatbambey 2012 12 11 346 15 37.5 16.7 3.9 0 1 16.9 394.06
climatbambey 2012 12 12 347 15.6 32.5 16.7 3.6 0 1.2 18.4 394.06
climatbambey 2012 12 13 348 15.6 30.7 16.7 3.3 0 1.2 19.3 394.06
climatbambey 2012 12 14 349 14.5 34 16.7 4 0 1.7 18.2 394.06
climatbambey 2012 12 15 350 17.2 34.8 16.7 4.8 0 1.5 8.7 394.06
climatbambey 2012 12 16 351 16.5 32.8 16.7 4.6 0 1.5 7.9 394.06
climatbambey 2012 12 17 352 18 34.9 16.7 4.5 0 1.3 9.1 394.06
climatbambey 2012 12 18 353 16.5 36 16.7 4.7 0 1.5 11.9 394.06
climatbambey 2012 12 19 354 15.4 37.4 16.7 4.1 0 1 12.7 394.06
climatbambey 2012 12 20 355 16.5 37.5 16.7 4.1 0 1 14.4 394.06
climatbambey 2012 12 21 356 18 35.5 16.7 5.2 0 1.7 8.8 394.06
climatbambey 2012 12 22 357 12.6 35.5 16.7 4.7 0 1.8 13 394.06
climatbambey 2012 12 23 358 14 37 16.7 4.5 0 1.5 15.5 394.06
climatbambey 2012 12 24 359 17.5 35.6 16.7 4.1 0 1.3 18.2 394.06
climatbambey 2012 12 25 360 17.2 36.4 16.7 4 0 1.2 19.6 394.06
climatbambey 2012 12 26 361 14.8 36.6 16.7 3.8 0 1.1 19.1 394.06
climatbambey 2012 12 27 362 17.5 34.5 16.7 4.8 0 1.6 11.1 394.06
climatbambey 2012 12 28 363 16.5 35.2 16.7 5.5 0 2.1 10.3 394.06
climatbambey 2012 12 29 364 18.8 32.8 16.8 5.2 0 2.1 11.3 394.06
climatbambey 2012 12 30 365 15 28.5 16.8 4.9 0 2.7 10.8 394.06
climatbambey 2012 12 31 366 13.9 31.5 16.8 5.1 0 2.4 10.8 394.06
