climatbambey 2005 1 2 2 17 31.4 17.2 6 0 2.5 6.6 379.98
climatbambey 2005 1 3 3 15 30 17.2 5.4 0 2.2 5.4 379.98
climatbambey 2005 1 4 4 13.4 30.1 17.2 5.2 0 2 4.6 379.98
climatbambey 2005 1 5 5 14.1 32 17.2 4.5 0 1.5 8.2 379.98
climatbambey 2005 1 6 6 15.5 33.2 17.3 4.6 0 1.6 10.8 379.98
climatbambey 2005 1 7 7 20.5 31.4 17.3 5.7 0 2.3 8.5 379.98
climatbambey 2005 1 8 8 18.6 31.5 17.3 6.1 0 2.5 6.4 379.98
climatbambey 2005 1 9 9 16.6 32.4 17.4 5.8 0 2.4 8 379.98
climatbambey 2005 1 10 10 19 32.6 17.4 6.1 0 2.5 8.1 379.98
climatbambey 2005 1 11 11 21 31.1 17.4 6 0 2.6 9.3 379.98
climatbambey 2005 1 12 12 17.5 31.6 17.5 5.7 0 2.5 9.7 379.98
climatbambey 2005 1 13 13 17 30.1 17.5 5.1 0 2.1 9.3 379.98
climatbambey 2005 1 14 14 15 33.4 17.5 5.3 0 1.9 7.7 379.98
climatbambey 2005 1 15 15 14 33.1 17.6 4.7 0 1.4 5.7 379.98
climatbambey 2005 1 16 16 13.6 34 17.6 3.8 0 1 15.2 379.98
climatbambey 2005 1 17 17 17 32.5 17.7 3.8 0 1.2 18.4 379.98
climatbambey 2005 1 18 18 16.6 35.6 17.7 4.4 0 1.7 19.8 379.98
climatbambey 2005 1 19 19 22 33.3 17.8 5.5 0 2.4 16.5 379.98
climatbambey 2005 1 20 20 19.1 34 17.8 6.3 0 2.5 8.9 379.98
climatbambey 2005 1 21 21 21.8 35 17.8 5.2 0 1.6 9.9 379.98
climatbambey 2005 1 22 22 14.5 34.7 17.9 4.6 0 1.3 8.2 379.98
climatbambey 2005 1 23 23 16 34.7 17.9 4.5 0 1.4 14.7 379.98
climatbambey 2005 1 24 24 14.2 33.5 18 3.9 0 1.5 19.7 379.98
climatbambey 2005 1 25 25 13.6 32.9 18 4.1 0 1.9 18.7 379.98
climatbambey 2005 1 26 26 15 33 18.1 4.8 0 2.2 15.8 379.98
climatbambey 2005 1 27 27 13 32.6 18.2 4.2 0 1.8 16.2 379.98
climatbambey 2005 1 28 28 13.5 31 18.2 4.2 0 2.1 16.6 379.98
climatbambey 2005 1 29 29 12.5 32.6 18.3 4.1 0 1.6 16.1 379.98
climatbambey 2005 1 30 30 14.4 32.7 18.3 4.6 0 2 15.4 379.98
climatbambey 2005 1 31 31 16.5 31.9 18.4 5.2 0 2.6 14.8 379.98
climatbambey 2005 2 1 32 15.5 33 19.3 5.5 0 2.6 14.2 379.98
climatbambey 2005 2 2 33 16 35 19.4 5.7 0 2.2 13.4 379.98
climatbambey 2005 2 3 34 19.5 34.4 19.4 6.2 0 2.4 11.6 379.98
climatbambey 2005 2 4 35 18.5 33.1 19.5 5.5 0 2.4 15.1 379.98
climatbambey 2005 2 5 36 15.9 32.1 19.5 4.7 0 2.2 17.3 379.98
climatbambey 2005 2 6 37 15 31.8 19.6 4.7 0 2.4 17.3 379.98
climatbambey 2005 2 7 38 13.7 30.6 19.7 5.4 0 2.9 13.1 379.98
climatbambey 2005 2 8 39 11 30.1 19.7 5.5 0 2.7 9.5 379.98
climatbambey 2005 2 9 40 12.1 31.6 19.8 5.4 0 2.3 10.5 379.98
climatbambey 2005 2 10 41 14 33 19.8 5.8 0 2.4 10.6 379.98
climatbambey 2005 2 11 42 16 34.6 19.9 6.1 0 2.5 12.7 379.98
climatbambey 2005 2 12 43 18.1 28.1 20 4.9 0 2.8 15.8 379.98
climatbambey 2005 2 13 44 18.2 32.8 20 5.9 0 3.2 17 379.98
climatbambey 2005 2 14 45 22.1 30.9 20.1 4.7 0 2.3 23 379.98
climatbambey 2005 2 15 46 16 32.1 20.2 4.8 0 2.5 18.8 379.98
climatbambey 2005 2 16 47 16.6 33.9 20.2 5.5 0 2.6 17.7 379.98
climatbambey 2005 2 17 48 18 33.6 20.3 5.8 0 2.7 16.6 379.98
climatbambey 2005 2 18 49 17.5 33 20.3 5.3 0 2.6 18.8 379.98
climatbambey 2005 2 19 50 17.5 33.3 20.4 5.1 0 2.6 20.1 379.98
climatbambey 2005 2 20 51 18.5 32 20.5 5.1 0 2.9 20.7 379.98
climatbambey 2005 2 21 52 17 32.1 20.5 4.7 0 2.5 20.8 379.98
climatbambey 2005 2 22 53 17.5 33.1 20.6 5.4 0 2.3 16.9 379.98
climatbambey 2005 2 23 54 19 32.4 20.7 6 0 2.6 14.2 379.98
climatbambey 2005 2 24 55 18.5 32.6 20.7 6 0 3.2 17.3 379.98
climatbambey 2005 2 25 56 17.4 31.4 20.8 5.5 0 2.8 16.6 379.98
climatbambey 2005 2 26 57 18.5 32.7 20.8 5.1 0 2.1 19 379.98
climatbambey 2005 2 27 58 19.5 33.6 20.9 5.6 0 2.6 19.8 379.98
climatbambey 2005 2 28 59 18 33.1 21 5 0 2.7 22.6 379.98
climatbambey 2005 3 1 60 18.1 32.6 21.4 5 0 2.6 21.7 379.98
climatbambey 2005 3 2 61 17.7 33.5 21.4 5 0 2.1 21.2 379.98
climatbambey 2005 3 3 62 18 33.5 21.5 5 0 2.3 22.7 379.98
climatbambey 2005 3 4 63 17.5 33.5 21.5 5.1 0 2.9 22.8 379.98
climatbambey 2005 3 5 64 18 32.1 21.6 4.8 0 3.3 23.7 379.98
climatbambey 2005 3 6 65 16.5 33.5 21.7 5 0 2.6 21.8 379.98
climatbambey 2005 3 7 66 16.5 37.1 21.7 5.8 0 2.6 21.8 379.98
climatbambey 2005 3 8 67 16 37.6 21.8 6.2 0 2.3 17.3 379.98
climatbambey 2005 3 9 68 16 40.4 21.8 7.1 0 2.6 17.6 379.98
climatbambey 2005 3 10 69 20.5 40.1 21.9 7.2 0 2.5 17.7 379.98
climatbambey 2005 3 11 70 21.6 39.5 21.9 6 0 1.8 23.4 379.98
climatbambey 2005 3 12 71 18 37.1 22 5.8 0 2.5 23.4 379.98
climatbambey 2005 3 13 72 16.6 33.1 22 5.1 0 2.8 21.7 379.98
climatbambey 2005 3 14 73 15.1 36.8 22.1 5.5 0 2.6 22.4 379.98
climatbambey 2005 3 15 74 14.1 39.6 22.1 6.7 0 2.8 19.1 379.98
climatbambey 2005 3 16 75 18 40.5 22.2 7.6 0 2.6 15.2 379.98
climatbambey 2005 3 17 76 19.4 41.8 22.2 7.3 0 2.2 17.3 379.98
climatbambey 2005 3 18 77 19.5 40.6 22.3 7.2 0 2.7 20.6 379.98
climatbambey 2005 3 19 78 17.9 41.9 22.3 6.6 0 2.3 23.6 379.98
climatbambey 2005 3 20 79 19.6 41 22.3 7.7 0 3.1 20.9 379.98
climatbambey 2005 3 21 80 18.5 40.2 22.4 8 0 2.8 13.9 379.98
climatbambey 2005 3 22 81 18.5 40.2 22.9 7.8 0 2.8 16.6 379.98
climatbambey 2005 3 23 82 18.5 40.2 23.7 7 0 2.8 23.1 379.98
climatbambey 2005 3 24 83 17.1 39.1 24 6.9 0 3.2 22.6 379.98
climatbambey 2005 3 25 84 15.5 39.5 24 6.9 0 3.5 22.9 379.98
climatbambey 2005 3 26 85 17.4 41 24.2 7.9 0 3.5 21.3 379.98
climatbambey 2005 3 27 86 18 42.1 24.1 7.3 0 2.8 24.5 379.98
climatbambey 2005 3 28 87 15.5 40.5 24.6 6.4 0 1.8 21.2 379.98
climatbambey 2005 3 29 88 18.1 42 24.7 7.1 0 2.1 21.3 379.98
climatbambey 2005 3 30 89 18.1 42.6 23.9 6.6 0 1.8 24.2 379.98
climatbambey 2005 3 31 90 19.2 43.2 24.3 8.7 0 3.3 20.9 379.98
climatbambey 2005 4 1 91 19.5 42 24.3 6.4 0 1.4 22.4 379.98
climatbambey 2005 4 2 92 17.5 41 24.3 7 0 2.8 24.6 379.98
climatbambey 2005 4 3 93 16.6 39.5 24.8 6.7 0 2.8 23.7 379.98
climatbambey 2005 4 4 94 18 40 24.3 7.2 0 3.1 23.2 379.98
climatbambey 2005 4 5 95 19 42.6 24.2 8.3 0 3.4 22.9 379.98
climatbambey 2005 4 6 96 19.6 42.9 24.4 8.6 0 2.8 17.1 379.98
climatbambey 2005 4 7 97 19 43 22.5 8.8 0 3.4 18.9 379.98
climatbambey 2005 4 8 98 18 42.1 24 8.3 0 3.2 19.6 379.98
climatbambey 2005 4 9 99 19.5 41.1 24.2 8.1 0 3.2 20.7 379.98
climatbambey 2005 4 10 100 20.5 41.9 24.5 8.2 0 3.1 21.8 379.98
climatbambey 2005 4 11 101 20 42 23.5 8.2 0 2.9 19.3 379.98
climatbambey 2005 4 12 102 21.5 41.5 24.7 6.8 0 2 27 379.98
climatbambey 2005 4 13 103 19.5 36.7 24 6.2 0 2.7 24.7 379.98
climatbambey 2005 4 14 104 19 34.5 24.5 6.3 0 3.5 22.8 379.98
climatbambey 2005 4 15 105 18.9 34.5 22.6 5.9 0 3.3 22.8 379.98
climatbambey 2005 4 16 106 19.1 35.5 23.1 6.5 0 3.4 21.6 379.98
climatbambey 2005 4 17 107 18.1 34.9 23.3 6.8 0 3.4 18.3 379.98
climatbambey 2005 4 18 108 18 35.2 21.2 6 0 3.1 20.9 379.98
climatbambey 2005 4 19 109 17 35.1 19.5 5.4 0 2.6 20.7 379.98
climatbambey 2005 4 20 110 19.1 38.9 20.3 5.8 0 2 22.6 379.98
climatbambey 2005 4 21 111 21.4 40 22.1 7.5 0 2.7 19.7 379.98
climatbambey 2005 4 22 112 18.4 40.4 25.7 7.4 0 3 24 379.98
climatbambey 2005 4 23 113 17.6 36.4 25.6 6.5 0 2.9 22.5 379.98
climatbambey 2005 4 24 114 17.6 35.5 24.6 5.9 0 2.5 22.6 379.98
climatbambey 2005 4 25 115 17.3 34.9 19.9 5.4 0 2.8 21.5 379.98
climatbambey 2005 4 26 116 19 36.8 20.6 5.8 0 2.6 23.5 379.98
climatbambey 2005 4 27 117 20.8 40.5 24.8 7.2 0 2.9 26.6 379.98
climatbambey 2005 4 28 118 21.4 41 25.8 7.3 0 2.7 27.9 379.98
climatbambey 2005 4 29 119 21.6 43.1 23.8 6.9 0 1.7 24.5 379.98
climatbambey 2005 4 30 120 22.5 41.1 25.1 7.1 0 2.5 28.7 379.98
climatbambey 2005 5 1 121 21.5 38.9 24.6 6.1 0 1.8 29 379.98
climatbambey 2005 5 2 122 19.5 40.1 25.2 6.3 0 2 28.3 379.98
climatbambey 2005 5 3 123 20 38.1 25.8 6.4 0 2.2 25.7 379.98
climatbambey 2005 5 4 124 19 35.6 25.8 6.2 0 2.6 23.9 379.98
climatbambey 2005 5 5 125 19.2 39.1 25.5 6.4 0 2 25.7 379.98
climatbambey 2005 5 6 126 20.1 37.6 25.6 6.6 0 2.5 24.4 379.98
climatbambey 2005 5 7 127 21 36.1 25.5 6.4 0 2.5 24.8 379.98
climatbambey 2005 5 8 128 21 39.5 24.9 6.4 0 2 27.3 379.98
climatbambey 2005 5 9 129 23 39.6 24.2 6.7 0 2.5 28.6 379.98
climatbambey 2005 5 10 130 23.5 38.1 20.1 5.6 0 2.2 29.1 379.98
climatbambey 2005 5 11 131 22 38.5 24 6.3 0 2.3 28.2 379.98
climatbambey 2005 5 12 132 24 38.5 22.3 6 0 2.1 29.8 379.98
climatbambey 2005 5 13 133 24 40.4 23.4 6.7 0 2.3 29.6 379.98
climatbambey 2005 5 14 134 24 40.6 24.5 7 0 2.4 29.5 379.98
climatbambey 2005 5 15 135 24.5 41.1 21.9 6.9 0 3.2 32.1 379.98
climatbambey 2005 5 16 136 25 37.2 24.3 6.4 0 2.9 31.2 379.98
climatbambey 2005 5 17 137 23 40.2 24.4 6.8 0 2.5 29.1 379.98
climatbambey 2005 5 18 138 22 38.5 21.9 6 0 2.2 27.5 379.98
climatbambey 2005 5 19 139 20.5 39 23.2 6.4 0 2.6 26.3 379.98
climatbambey 2005 5 20 140 25.3 41 18 5.9 0 2.3 30.4 379.98
climatbambey 2005 5 21 141 26.4 39 14 5.2 0 3 32.4 379.98
climatbambey 2005 5 22 142 24.6 34.5 12.3 3.9 0 2.4 29.8 379.98
climatbambey 2005 5 23 143 23.8 36.5 17.5 5.3 0 3 29.1 379.98
climatbambey 2005 5 24 144 24.7 37.7 12.3 4.4 0 1.9 27.3 379.98
climatbambey 2005 5 25 145 24 36.1 14.5 4.5 0 2.3 28.7 379.98
climatbambey 2005 5 26 146 24.6 36.7 20 5.8 0 2.8 28.8 379.98
climatbambey 2005 5 27 147 24.2 35.5 20.7 5.7 0 3.3 29.9 379.98
climatbambey 2005 5 28 148 24.6 36.5 19.5 5.3 0 2.5 31.3 379.98
climatbambey 2005 5 29 149 22.5 39.1 23.2 6.1 0 2.1 29.8 379.98
climatbambey 2005 5 30 150 23.2 38.9 24.2 6.2 0 2.6 32.4 379.98
climatbambey 2005 5 31 151 22 40.2 24.9 7.1 0 2.6 26.4 379.98
climatbambey 2005 6 1 152 22 37 20.7 5.8 0 2.5 26.4 379.98
climatbambey 2005 6 2 153 21 37.4 20.7 5.9 0 2.7 25.7 379.98
climatbambey 2005 6 3 154 22 35.1 20.7 5.6 0 2.5 24.8 379.98
climatbambey 2005 6 4 155 23.4 37 16 5 1.4 2.2 26.8 379.98
climatbambey 2005 6 5 156 23.9 37.1 18.1 4.7 3.2 1.7 32.1 379.98
climatbambey 2005 6 6 157 24 36 21 5.2 0 1.8 29.9 379.98
climatbambey 2005 6 7 158 25.1 38 20.5 6 0 2.4 29.2 379.98
climatbambey 2005 6 8 159 25.5 38 17.8 5.6 0 2.8 30.7 379.98
climatbambey 2005 6 9 160 25.1 39.6 24.2 7 0 3.1 31.8 379.98
climatbambey 2005 6 10 161 24.7 38.5 23.2 6.1 0 2.1 31.6 379.98
climatbambey 2005 6 11 162 24 38.8 23 6.2 0 2.1 29.6 379.98
climatbambey 2005 6 12 163 23.5 38.8 23.2 6.3 0 2.4 30.1 379.98
climatbambey 2005 6 13 164 23.1 37.2 20.4 5.5 0 2.6 30.2 379.98
climatbambey 2005 6 14 165 23.6 34.3 12.5 3.7 0 2.2 29.4 379.98
climatbambey 2005 6 15 166 23.2 39.6 22.5 6.1 3.5 2.3 30.8 379.98
climatbambey 2005 6 16 167 23.2 37.5 14.9 4.4 6.5 1.9 30.1 379.98
climatbambey 2005 6 17 168 24 37.6 20.2 5.9 0 2.4 27.1 379.98
climatbambey 2005 6 18 169 25.5 40.2 20.8 6.5 0 2.4 28.7 379.98
climatbambey 2005 6 19 170 25 38.8 20.4 5.7 0 2 31.2 379.98
climatbambey 2005 6 20 171 22 37 23.9 5.9 0 2 27.4 379.98
climatbambey 2005 6 21 172 24 34.5 15.2 4.5 0 2.1 26.8 379.98
climatbambey 2005 6 22 173 22 35.6 25.4 6.2 0 2.4 26.3 379.98
climatbambey 2005 6 23 174 23.4 37.6 26 6.5 0 2.1 28.4 379.98
climatbambey 2005 6 24 175 24.1 37 21.7 5.9 0 2.3 28.5 379.98
climatbambey 2005 6 25 176 25 36.6 22.1 6.4 0 3.1 28.4 379.98
climatbambey 2005 6 26 177 25 35.7 24.1 6.2 0 2.3 27.7 379.98
climatbambey 2005 6 27 178 24.2 37.6 23.6 6.1 13 2.3 30.2 379.98
climatbambey 2005 6 28 179 23 34 16.9 4 0 1.9 31.1 379.98
climatbambey 2005 6 29 180 26.1 35.6 19.2 5.2 0 2.2 31 379.98
climatbambey 2005 6 30 181 26 36.1 24.5 6.2 0 2.5 31.1 379.98
climatbambey 2005 7 1 182 26 37.1 17.2 4.8 0 1.9 32.9 379.98
climatbambey 2005 7 2 183 25 37.6 24.7 6.5 0 3.2 32.9 379.98
climatbambey 2005 7 3 184 26 34.1 19.6 5.3 0 3 30.6 379.98
climatbambey 2005 7 4 185 24.5 35.6 24 5.9 0 2 28.9 379.98
climatbambey 2005 7 5 186 26.5 36.8 22.9 5.5 0 1.1 32.2 379.98
climatbambey 2005 7 6 187 22.7 31.5 12.7 3.6 2.5 3.7 28.9 379.98
climatbambey 2005 7 7 188 24.2 35.5 23.3 5.6 0 2.6 31.5 379.98
climatbambey 2005 7 8 189 23.6 35 24.9 5.9 0 1.9 27.1 379.98
climatbambey 2005 7 9 190 23.5 35.5 21.3 5.3 0 1.9 28.9 379.98
climatbambey 2005 7 10 191 25 35.9 17 4.6 32.9 2 32 379.98
climatbambey 2005 7 11 192 22 31.4 18.7 3.8 0 2.2 30.8 379.98
climatbambey 2005 7 12 193 25 33.1 19.2 4.8 6 2.6 30.7 379.98
climatbambey 2005 7 13 194 21.7 31.2 15.7 3.5 0 1.3 27.3 379.98
climatbambey 2005 7 14 195 24 33.1 20.6 4.7 0 1.8 30.6 379.98
climatbambey 2005 7 15 196 25 32.1 16.5 3.8 20 1.6 33 379.98
climatbambey 2005 7 16 197 23 31 17.5 3.7 0 1.5 30.7 379.98
climatbambey 2005 7 17 198 24 34 25.5 5.4 0 1.5 33.6 379.98
climatbambey 2005 7 18 199 25.5 34.5 22.4 5.6 0 2.9 31.6 379.98
climatbambey 2005 7 19 200 25.4 32.9 19.4 5.1 0 3.3 30.1 379.98
climatbambey 2005 7 20 201 23.1 31.3 12.5 2.9 78.5 1.2 30.7 379.98
climatbambey 2005 7 21 202 23.8 32.8 20.4 4.4 0 1.4 32.1 379.98
climatbambey 2005 7 22 203 24.7 34.6 19.8 4.7 0 1.7 32.2 379.98
climatbambey 2005 7 23 204 26 35.4 22.9 5.3 0 1.4 33.1 379.98
climatbambey 2005 7 24 205 25.6 34.5 20.2 4.7 0 1.8 34 379.98
climatbambey 2005 7 25 206 21.4 29.1 12.8 2.6 82.1 1.2 29.7 379.98
climatbambey 2005 7 26 207 24.1 33.6 23.8 5.3 0 1.8 30.8 379.98
climatbambey 2005 7 27 208 25.2 34 24.5 5.4 0 2 33.4 379.98
climatbambey 2005 7 28 209 25.2 34.7 23 5.3 0 2.1 33.8 379.98
climatbambey 2005 7 29 210 25 34 24.4 5.3 0 2.5 34.6 379.98
climatbambey 2005 7 30 211 26 34.4 21.5 4.9 0 2.4 35.8 379.98
climatbambey 2005 7 31 212 26 34 22.7 5.4 0 2.6 33.1 379.98
climatbambey 2005 8 1 213 21.1 32.5 20.7 4.3 48.5 1.4 29.4 379.98
climatbambey 2005 8 2 214 24.5 34.5 22.6 4.9 0 0.9 33.2 379.98
climatbambey 2005 8 3 215 26 36 21.7 5.1 0 1.2 33.5 379.98
climatbambey 2005 8 4 216 25.7 35.3 24.3 5.7 0 1.7 32.7 379.98
climatbambey 2005 8 5 217 24.5 36.1 24.2 5.6 0 1.5 32.4 379.98
climatbambey 2005 8 6 218 24.5 35.6 22.8 5.3 0 1.4 31.9 379.98
climatbambey 2005 8 7 219 26.1 36.5 23.4 5.6 0 1.9 35.4 379.98
climatbambey 2005 8 8 220 25.5 34.6 22.5 5.2 0 1.8 33.6 379.98
climatbambey 2005 8 9 221 23.4 33.5 22.9 4.9 0 1.9 32 379.98
climatbambey 2005 8 10 222 24.5 34.4 19 4.5 0 1.5 31.7 379.98
climatbambey 2005 8 11 223 23.5 32.1 15.6 3.4 53.2 1.2 33.1 379.98
climatbambey 2005 8 12 224 24 31.9 22.8 4.8 0 1.5 31.3 379.98
climatbambey 2005 8 13 225 24.2 34.6 22.2 4.9 0 1.4 32.8 379.98
climatbambey 2005 8 14 226 25.9 35.1 23.5 5.5 0 1.8 33.6 379.98
climatbambey 2005 8 15 227 25 33.1 22 5 0 2.3 32.3 379.98
climatbambey 2005 8 16 228 23.9 28.5 12.4 2.7 2.8 1.7 30.6 379.98
climatbambey 2005 8 17 229 24 29.5 15.7 3.2 13 1.6 32.5 379.98
climatbambey 2005 8 18 230 24.5 31.1 20.3 4.1 19.7 1.4 33.8 379.98
climatbambey 2005 8 19 231 21.6 29.5 12.9 2.6 83 1.1 30.9 379.98
climatbambey 2005 8 20 232 23.2 31.6 18.2 3.8 1.1 1.4 32.8 379.98
climatbambey 2005 8 21 233 24.1 31.9 15.5 3.4 3.1 1.3 34 379.98
climatbambey 2005 8 22 234 23 27.6 12.6 2.5 22.4 1.2 31.3 379.98
climatbambey 2005 8 23 235 23.5 31.9 19.1 3.9 0 1.7 33.6 379.98
climatbambey 2005 8 24 236 24.5 33.5 23.3 4.9 0 1 34.8 379.98
climatbambey 2005 8 25 237 25 34.6 21.6 4.7 0 1.2 36.1 379.98
climatbambey 2005 8 26 238 25 34 22.3 4.8 0 1.6 35.7 379.98
climatbambey 2005 8 27 239 25.5 33.5 13.9 3.2 0 1.5 36.7 379.98
climatbambey 2005 8 28 240 24.5 33.5 17 3.8 0.3 0.8 34.2 379.98
climatbambey 2005 8 29 241 22.8 34.5 21.2 4.6 16 1.5 32.4 379.98
climatbambey 2005 8 30 242 21.8 32 15.7 3.2 0 1 33.5 379.98
climatbambey 2005 8 31 243 24.2 33.3 23 4.9 32 1.5 33.6 379.98
climatbambey 2005 9 1 244 20.6 30.9 14.7 3.1 0 0.9 27.6 379.98
climatbambey 2005 9 2 245 22.9 29.1 13.5 2.9 14 1.1 29.2 379.98
climatbambey 2005 9 3 246 23.6 31.4 13.7 3 0 1.3 32.1 379.98
climatbambey 2005 9 4 247 23.1 29.9 14.4 3 11.5 0.8 30.8 379.98
climatbambey 2005 9 5 248 23.4 32.3 24.6 5 0 1.4 31.7 379.98
climatbambey 2005 9 6 249 25 32.8 22.4 4.9 0 1.7 32.3 379.98
climatbambey 2005 9 7 250 24.5 34.2 18.2 4.1 2.2 1 33.7 379.98
climatbambey 2005 9 8 251 23 30.4 14 3 3 1 30.3 379.98
climatbambey 2005 9 9 252 23.5 32.5 22.9 4.8 14.6 1.5 30.8 379.98
climatbambey 2005 9 10 253 22.3 31.5 19.6 4 0 1.1 29.9 379.98
climatbambey 2005 9 11 254 23.5 33.8 19.1 4.2 0 1.4 32.6 379.98
climatbambey 2005 9 12 255 25.5 36.4 22.8 5.1 0 1.3 38.1 379.98
climatbambey 2005 9 13 256 26 36.1 20.7 4.8 30.8 1.7 38.1 379.98
climatbambey 2005 9 14 257 21.6 32.3 19.6 4.2 15.5 1.5 28.8 379.98
climatbambey 2005 9 15 258 23 32.6 13.3 3 0.4 0.8 31.6 379.98
climatbambey 2005 9 16 259 23 32.6 17.1 3.7 0 1.3 32.7 379.98
climatbambey 2005 9 17 260 25.3 30.2 21.1 4.4 0 1.6 30.5 379.98
climatbambey 2005 9 18 261 24.5 35 24.1 5.2 0 1.1 33.9 379.98
climatbambey 2005 9 19 262 23.5 36.1 20.6 4.6 0 1.1 34.8 379.98
climatbambey 2005 9 20 263 25 35.1 22.7 5.2 0 1.8 33 379.98
climatbambey 2005 9 21 264 25.9 35 21.9 5 0 1.8 35.7 379.98
climatbambey 2005 9 22 265 24.6 34.6 13 3.2 0 1.2 34 379.98
climatbambey 2005 9 23 266 24 34.4 21.3 4.7 0.9 1.2 32.4 379.98
climatbambey 2005 9 24 267 24.6 36.1 22.2 4.9 0 1 36.4 379.98
climatbambey 2005 9 25 268 23 35.1 23.4 5.1 0 1.6 31.9 379.98
climatbambey 2005 9 26 269 24.5 32.5 13.1 3.3 0 1.6 31.1 379.98
climatbambey 2005 9 27 270 24 33.6 19.6 4.4 0 1.5 31.5 379.98
climatbambey 2005 9 28 271 23.9 33.3 20.2 4.5 0 1.3 29.7 379.98
climatbambey 2005 9 29 272 22.2 34.4 18.7 4.3 0 1.5 29 379.98
climatbambey 2005 9 30 273 24.1 34.5 18.1 4.3 0 1.5 31.4 379.98
climatbambey 2005 10 1 274 25.9 38 19.1 4.8 0 1.3 34.9 379.98
climatbambey 2005 10 2 275 26.3 36.5 14.5 3.8 0 1.2 34 379.98
climatbambey 2005 10 3 276 24 34.4 20.5 4.6 0 1.3 31.2 379.98
climatbambey 2005 10 4 277 25 35.1 22.9 5.2 0 1.3 30.4 379.98
climatbambey 2005 10 5 278 25 37.1 16.1 4.1 0 1.2 33.1 379.98
climatbambey 2005 10 6 279 23 32.7 19.8 4.3 18 1.3 28.3 379.98
climatbambey 2005 10 7 280 23.5 35.6 21.1 4.8 0 1.2 28.9 379.98
climatbambey 2005 10 8 281 25.5 36.1 19.9 4.9 8 1.3 29.1 379.98
climatbambey 2005 10 9 282 23.6 35.9 12.7 3.4 0.4 1.1 29.9 379.98
climatbambey 2005 10 10 283 25 35.6 18.3 4.2 0 1 34.3 379.98
climatbambey 2005 10 11 284 25.1 34.9 18.3 4.3 0 1.5 33.9 379.98
climatbambey 2005 10 12 285 24 36 20.7 4.8 0 1.6 33.3 379.98
climatbambey 2005 10 13 286 22.1 27.5 10.9 2.3 0.8 1.3 27.8 379.98
climatbambey 2005 10 14 287 22.2 36 20.7 4.5 0 1.4 33.2 379.98
climatbambey 2005 10 15 288 24.3 36.9 21 4.9 0 1.4 33.2 379.98
climatbambey 2005 10 16 289 25.5 37.5 21.9 5.1 0 1.1 34.4 379.98
climatbambey 2005 10 17 290 24.9 38.5 21.4 5.2 0 1.3 32.3 379.98
climatbambey 2005 10 18 291 21.6 38.4 21.4 5 0 1.2 29.1 379.98
climatbambey 2005 10 19 292 22 36.5 20.4 4.7 0 1.4 30.3 379.98
climatbambey 2005 10 20 293 23.3 30.1 11.3 2.4 0.5 1 32.9 379.98
climatbambey 2005 10 21 294 22 38.5 21.9 5.1 0 1.3 31.9 379.98
climatbambey 2005 10 22 295 24 40.2 21.2 5.2 0 1.3 33.7 379.98
climatbambey 2005 10 23 296 23.8 36 21 4.9 13.5 2.4 33.7 379.98
climatbambey 2005 10 24 297 20.7 31.5 10.5 2.4 0 1.1 28.6 379.98
climatbambey 2005 10 25 298 24.4 35.2 15.8 3.6 0 0.8 32.9 379.98
climatbambey 2005 10 26 299 24.6 35.4 18.3 4.1 0 1 33.3 379.98
climatbambey 2005 10 27 300 23.5 34.5 16.3 3.6 0 1.1 32.4 379.98
climatbambey 2005 10 28 301 23 37.1 20.6 4.6 0 0.9 32.3 379.98
climatbambey 2005 10 29 302 23.3 36 20.3 4.5 0 0.9 29.5 379.98
climatbambey 2005 10 30 303 23.8 35 21.3 4.7 0 1 27.5 379.98
climatbambey 2005 10 31 304 22.2 38.3 20.2 4.7 0 1.2 31.9 379.98
climatbambey 2005 11 1 305 21.4 37.7 19.1 4.7 0 1.4 26.9 379.98
climatbambey 2005 11 2 306 21.5 38.1 19 4.7 0 1.4 26.7 379.98
climatbambey 2005 11 3 307 21.6 38.4 18.9 4.7 0 1.3 26.5 379.98
climatbambey 2005 11 4 308 21.4 38.4 18.9 4.6 0 1.1 25.2 379.98
climatbambey 2005 11 5 309 20.8 38.4 18.8 4.5 0 1.1 24.4 379.98
climatbambey 2005 11 6 310 20.5 38.5 18.8 4.4 0 0.9 23.5 379.98
climatbambey 2005 11 7 311 20.2 38.7 18.7 4.5 0 1 22.8 379.98
climatbambey 2005 11 8 312 20.1 38.7 18.7 4.6 0 1.1 22.3 379.98
climatbambey 2005 11 9 313 19.7 38.5 18.6 4.8 0 1.4 21.8 379.98
climatbambey 2005 11 10 314 19.6 38.3 18.6 4.7 0 1.3 21 379.98
climatbambey 2005 11 11 315 19.4 38 18.5 4.6 0 1.2 20.1 379.98
climatbambey 2005 11 12 316 19.1 37.8 18.5 4.9 0 1.5 19.8 379.98
climatbambey 2005 11 13 317 19 37.7 18.4 4.4 0 1.1 20.5 379.98
climatbambey 2005 11 14 318 19.1 37.8 18.4 4.6 0 1.3 21.2 379.98
climatbambey 2005 11 15 319 19.3 37.9 18.3 4.6 0 1.4 22 379.98
climatbambey 2005 11 16 320 19.3 38 18.3 4.6 0 1.4 22.2 379.98
climatbambey 2005 11 17 321 18.9 37.9 18.2 4.9 0 1.7 21.7 379.98
climatbambey 2005 11 18 322 18.8 38 18.2 5 0 1.8 21.2 379.98
climatbambey 2005 11 19 323 18.7 38.1 18.1 4.7 0 1.5 21.4 379.98
climatbambey 2005 11 20 324 18.5 38.2 18.1 4.5 0 1.3 21.8 379.98
climatbambey 2005 11 21 325 18.5 38.1 18 4.6 0 1.5 21.8 379.98
climatbambey 2005 11 22 326 18.2 38 18 4.6 0 1.5 21.2 379.98
climatbambey 2005 11 23 327 18 37.6 17.9 4.9 0 1.8 20 379.98
climatbambey 2005 11 24 328 17.6 37.3 17.9 5.1 0 2 18.8 379.98
climatbambey 2005 11 25 329 17 36.9 17.9 4.6 0 1.5 17.8 379.98
climatbambey 2005 11 26 330 16.8 36.5 17.8 4.1 0 1 17.3 379.98
climatbambey 2005 11 27 331 16.7 35.9 17.8 4 0 1 16.9 379.98
climatbambey 2005 11 28 332 16.8 35.4 17.8 4.4 0 1.4 16.3 379.98
climatbambey 2005 11 29 333 16.9 34.9 17.7 5.2 0 2.3 15.7 379.98
climatbambey 2005 11 30 334 16.8 34.3 17.7 4.9 0 1.9 14.6 379.98
climatbambey 2005 12 1 335 16.8 33.7 16.9 4.5 0 1.6 13.6 379.98
climatbambey 2005 12 2 336 16.7 33.2 16.9 4.2 0 1.3 12.9 379.98
climatbambey 2005 12 3 337 16.7 32.8 16.9 4.4 0 1.5 12.4 379.98
climatbambey 2005 12 4 338 16.9 32.5 16.9 3.8 0 1 11.9 379.98
climatbambey 2005 12 5 339 16.9 32.3 16.8 3.8 0 1 11.3 379.98
climatbambey 2005 12 6 340 16.4 32.6 16.8 4.4 0 1.5 11 379.98
climatbambey 2005 12 7 341 16.3 32.7 16.8 4.2 0 1.3 10.8 379.98
climatbambey 2005 12 8 342 16.1 32.9 16.8 4.2 0 1.3 10.9 379.98
climatbambey 2005 12 9 343 16.1 33.5 16.8 4.2 0 1.3 11.5 379.98
climatbambey 2005 12 10 344 16.2 34 16.7 3.8 0 1 12.2 379.98
climatbambey 2005 12 11 345 16.6 34.3 16.7 4 0 1.1 12.6 379.98
climatbambey 2005 12 12 346 16.9 34.5 16.7 4.5 0 1.5 13.3 379.98
climatbambey 2005 12 13 347 17.1 34.7 16.7 4.3 0 1.4 14.1 379.98
climatbambey 2005 12 14 348 17.2 34.9 16.7 4.6 0 1.7 14.8 379.98
climatbambey 2005 12 15 349 17.6 35 16.7 4.3 0 1.4 15.3 379.98
climatbambey 2005 12 16 350 17.8 35.2 16.7 3.9 0 1 15.9 379.98
climatbambey 2005 12 17 351 17.9 35.2 16.7 3.9 0 1 16 379.98
climatbambey 2005 12 18 352 17.9 35.2 16.7 4.6 0 1.7 16 379.98
climatbambey 2005 12 19 353 17.9 35.5 16.7 4.6 0 1.7 16.2 379.98
climatbambey 2005 12 20 354 17.7 35.9 16.7 4.3 0 1.4 16.7 379.98
climatbambey 2005 12 21 355 17.6 36.1 16.7 4 0 1.1 16.7 379.98
climatbambey 2005 12 22 356 17.6 36.2 16.7 3.8 0 0.9 16.3 379.98
climatbambey 2005 12 23 357 17.6 36.2 16.7 4.1 0 1.1 15.7 379.98
climatbambey 2005 12 24 358 17.5 36.2 16.7 4.1 0 1.1 15.2 379.98
climatbambey 2005 12 25 359 17.4 36 16.7 4.2 0 1.2 14.3 379.98
climatbambey 2005 12 26 360 17.2 35.7 16.7 4.1 0 1.1 13.2 379.98
climatbambey 2005 12 27 361 16.9 35.1 16.7 4.2 0 1.2 12.2 379.98
climatbambey 2005 12 28 362 16.8 34.5 16.7 5.1 0 1.9 11.3 379.98
climatbambey 2005 12 29 363 16.8 34 16.7 5.7 0 2.4 10.5 379.98
climatbambey 2005 12 30 364 16.6 33.5 16.8 5.4 0 2.1 9.6 379.98
climatbambey 2005 12 31 365 16.4 32.9 16.8 5.6 0 2.3 9 379.98
