climatbambey 2008 1 2 2 12.9 31.6 17.2 4.7 0 1.7 7.9 385.83
climatbambey 2008 1 3 3 16.5 31 17.2 5.2 0 1.9 5.9 385.83
climatbambey 2008 1 4 4 16.5 32.1 17.2 4.7 0 1.6 8.8 385.83
climatbambey 2008 1 5 5 11.1 31.6 17.2 4.1 0 1.7 13.2 385.83
climatbambey 2008 1 6 6 11.9 31.6 17.3 4.1 0 2 15.2 385.83
climatbambey 2008 1 7 7 13.4 29.9 17.3 5.2 0 2.2 6.6 385.83
climatbambey 2008 1 8 8 14.4 29.8 17.3 5.4 0 2.2 6 385.83
climatbambey 2008 1 9 9 13.2 31.1 17.4 5.2 0 2 6.7 385.83
climatbambey 2008 1 10 10 14.2 31.4 17.4 4.5 0 1.6 9.3 385.83
climatbambey 2008 1 11 11 12.4 32 17.4 3.9 0 1.7 16 385.83
climatbambey 2008 1 12 12 16.3 33 17.5 4 0 1.5 18.6 385.83
climatbambey 2008 1 13 13 18.2 33 17.5 4.2 0 1.4 16.6 385.83
climatbambey 2008 1 14 14 18.8 33.5 17.5 4.5 0 1.6 16.6 385.83
climatbambey 2008 1 15 15 19.9 33.3 17.6 4.9 0 1.8 14.4 385.83
climatbambey 2008 1 16 16 21.3 33.6 17.6 6.3 0 2.4 7.7 385.83
climatbambey 2008 1 17 17 19.8 32.5 17.7 5.9 0 2.3 8.3 385.83
climatbambey 2008 1 18 18 20.8 33.3 17.7 5.5 0 2 10.9 385.83
climatbambey 2008 1 19 19 17.4 34.5 17.8 5.3 0 1.8 10.2 385.83
climatbambey 2008 1 20 20 18.9 35.5 17.8 4.7 0 1.4 13.5 385.83
climatbambey 2008 1 21 21 16.5 36.6 17.8 5.1 0 1.5 10.4 385.83
climatbambey 2008 1 22 22 17 35.6 17.9 5.7 0 1.8 6.8 385.83
climatbambey 2008 1 23 23 20.5 36 17.9 5.3 0 1.5 7.1 385.83
climatbambey 2008 1 24 24 15 35.1 18 5.1 0 1.5 7.6 385.83
climatbambey 2008 1 25 25 17.5 35 18 5.6 0 1.8 7 385.83
climatbambey 2008 1 26 26 19.5 36.1 18.1 6.2 0 2 6.4 385.83
climatbambey 2008 1 27 27 20 35.6 18.2 6.3 0 2.1 6 385.83
climatbambey 2008 1 28 28 21.4 34.4 18.2 5.6 0 1.8 8.3 385.83
climatbambey 2008 1 29 29 17 35 18.3 5.2 0 1.5 6.4 385.83
climatbambey 2008 1 30 30 14.2 35.9 18.3 5.7 0 1.8 7 385.83
climatbambey 2008 1 31 31 18 35.6 19.2 6.3 0 2.1 6.9 385.83
climatbambey 2008 2 1 32 22.6 36.4 19.3 5.9 0 1.7 6 385.83
climatbambey 2008 2 2 33 22 36.6 19.4 5.1 0 1.3 12.2 385.83
climatbambey 2008 2 3 34 18.4 36.6 19.4 5.6 0 1.8 13.9 385.83
climatbambey 2008 2 4 35 20.1 36.2 19.5 5.3 0 1.7 17.3 385.83
climatbambey 2008 2 5 36 20.7 37.2 19.5 5.3 0 1.6 18.2 385.83
climatbambey 2008 2 6 37 19.2 37.6 19.6 5.8 0 1.9 14.9 385.83
climatbambey 2008 2 7 38 19.3 38.2 19.7 6.2 0 2.3 17 385.83
climatbambey 2008 2 8 39 20.7 35.1 19.7 5.7 0 3 21.8 385.83
climatbambey 2008 2 9 40 19 31.4 19.8 4.6 0 2.3 21 385.83
climatbambey 2008 2 10 41 16.5 30.6 19.8 4.5 0 2.3 18.9 385.83
climatbambey 2008 2 11 42 16.5 30.5 19.9 4.4 0 2.1 19 385.83
climatbambey 2008 2 12 43 18.7 30 20 4.2 0 1.7 20.7 385.83
climatbambey 2008 2 13 44 18.1 33.4 20 4.7 0 2.4 22.7 385.83
climatbambey 2008 2 14 45 18.2 34.6 20.1 5.2 0 2.4 20.8 385.83
climatbambey 2008 2 15 46 18.9 36.8 20.2 5.2 0 2.2 23.6 385.83
climatbambey 2008 2 16 47 21.4 38.2 20.2 5.7 0 1.8 20.8 385.83
climatbambey 2008 2 17 48 20.3 41.2 20.3 5.7 0 1.6 23.3 385.83
climatbambey 2008 2 18 49 20 40.6 20.3 6.5 0 1.9 14.9 385.83
climatbambey 2008 2 19 50 24.5 40.1 20.4 7.1 0 2 6.3 385.83
climatbambey 2008 2 20 51 17.5 40.1 20.5 5.8 0 1.6 17 385.83
climatbambey 2008 2 21 52 17 39.1 20.5 5.5 0 1.5 17.8 385.83
climatbambey 2008 2 22 53 18 39.1 20.6 5.4 0 1.3 16.6 385.83
climatbambey 2008 2 23 54 19.5 38.2 20.7 6.6 0 2.1 12.3 385.83
climatbambey 2008 2 24 55 18.5 37.4 20.7 6 0 2.6 21.3 385.83
climatbambey 2008 2 25 56 18.5 38 20.8 5.9 0 2.5 22.2 385.83
climatbambey 2008 2 26 57 19 38.1 20.8 6.3 0 2.6 20.5 385.83
climatbambey 2008 2 27 58 18 38.1 20.9 6.2 0 2.1 17.1 385.83
climatbambey 2008 2 28 59 18 38.6 21.3 5.6 0 1.8 21.9 385.83
climatbambey 2008 2 29 60 19 40.1 21.4 5.9 0 1.7 20.9 385.83
climatbambey 2008 3 1 61 21.5 40.1 21.4 6.7 0 1.8 11.8 385.83
climatbambey 2008 3 2 62 21.5 39.6 21.5 6.4 0 1.6 9.2 385.83
climatbambey 2008 3 3 63 20.8 40 21.5 6.3 0 1.5 9.8 385.83
climatbambey 2008 3 4 64 22.4 40.6 21.6 6.4 0 1.8 19.4 385.83
climatbambey 2008 3 5 65 19.3 40 21.7 6.4 0 2.2 21.2 385.83
climatbambey 2008 3 6 66 18.4 40.4 21.7 6.7 0 2.5 21.5 385.83
climatbambey 2008 3 7 67 20 41.4 21.8 7.4 0 2.5 17.7 385.83
climatbambey 2008 3 8 68 21.8 41.4 21.8 7.8 0 2.7 17.4 385.83
climatbambey 2008 3 9 69 21.9 40.6 21.9 8.3 0 3.4 18.9 385.83
climatbambey 2008 3 10 70 20 37.5 21.9 6 0 2.4 23.1 385.83
climatbambey 2008 3 11 71 17.8 35.4 22 5.6 0 2.7 22.5 385.83
climatbambey 2008 3 12 72 17 37 22 5.5 0 2.1 22.6 385.83
climatbambey 2008 3 13 73 18.9 35.3 22.1 5.2 0 1.9 23.7 385.83
climatbambey 2008 3 14 74 19.3 33.3 22.1 5.1 0 2.5 23.9 385.83
climatbambey 2008 3 15 75 20 37.7 22.2 6.4 0 3.2 24.4 385.83
climatbambey 2008 3 16 76 22.4 39.1 22.2 8.2 0 4.7 23.9 385.83
climatbambey 2008 3 17 77 22.1 41.8 22.3 8.5 0 3.2 18.5 385.83
climatbambey 2008 3 18 78 21.2 40.8 22.3 7.9 0 3.1 19.8 385.83
climatbambey 2008 3 19 79 20.3 40.2 22.3 7.4 0 2.7 19.2 385.83
climatbambey 2008 3 20 80 19.4 42.8 22.4 6.7 0 1.9 22.6 385.83
climatbambey 2008 3 21 81 18.5 35.2 22.4 6.1 0 3.3 22.1 385.83
climatbambey 2008 3 22 82 17.2 36.1 22.5 6.5 0 3.7 21.1 385.83
climatbambey 2008 3 23 83 17.5 34.6 22.5 6.4 0 3.7 19.7 385.83
climatbambey 2008 3 24 84 17 34.1 22.5 6.3 0 3.8 19.3 385.83
climatbambey 2008 3 25 85 18 35.2 22.6 6.4 0 3.8 21.1 385.83
climatbambey 2008 3 26 86 19 34.4 22.6 6.9 0 4.1 19.4 385.83
climatbambey 2008 3 27 87 20.4 39.6 22.6 7.8 0 3.9 22.5 385.83
climatbambey 2008 3 28 88 21.2 39 22.7 8.3 0 3.9 19.4 385.83
climatbambey 2008 3 29 89 22.5 40.1 22.7 7.2 0 2.5 21.3 385.83
climatbambey 2008 3 30 90 21.4 42.6 23.1 5.9 0 1 22.6 385.83
climatbambey 2008 3 31 91 19.8 43.5 23.1 7.3 0 2 20.5 385.83
climatbambey 2008 4 1 92 21 42.9 23.4 7.3 0 2.2 22.8 385.83
climatbambey 2008 4 2 93 22 39.5 23.6 6.6 0 2.3 25.7 385.83
climatbambey 2008 4 3 94 22.4 38.4 23.5 6.1 0 2 28 385.83
climatbambey 2008 4 4 95 22.2 39.4 23.2 6.2 0 1.9 26.9 385.83
climatbambey 2008 4 5 96 21.2 38.5 23 6.5 0 2.8 26.1 385.83
climatbambey 2008 4 6 97 20 40 23.9 7.1 0 3 24.8 385.83
climatbambey 2008 4 7 98 19.8 40 25 7.8 0 3.5 23.4 385.83
climatbambey 2008 4 8 99 19.7 42 25.3 8.4 0 3.3 21.8 385.83
climatbambey 2008 4 9 100 19.7 41.7 23.5 8 0 3.6 23.8 385.83
climatbambey 2008 4 10 101 21.4 41.2 24.7 9 0 4.6 24 385.83
climatbambey 2008 4 11 102 20.2 37.9 23.9 7.6 0 4.1 22.5 385.83
climatbambey 2008 4 12 103 19 41.1 24.3 7.2 0 2.5 23.2 385.83
climatbambey 2008 4 13 104 19.8 42.7 24.9 7.5 0 2.4 23.7 385.83
climatbambey 2008 4 14 105 19.5 42.2 25.9 8.5 0 3.6 23.6 385.83
climatbambey 2008 4 15 106 18.7 41.5 25.9 8.2 0 3.6 23.9 385.83
climatbambey 2008 4 16 107 18.5 41 25.9 9.2 0 4.3 20.1 385.83
climatbambey 2008 4 17 108 18.5 42.5 24.1 8.7 0 4.3 23.8 385.83
climatbambey 2008 4 18 109 17.5 34.1 24.4 6.4 0 3.7 20.4 385.83
climatbambey 2008 4 19 110 18.5 36.9 24.9 6.6 0 3.2 23.4 385.83
climatbambey 2008 4 20 111 19 37.1 24.8 6.8 0 3.5 23.7 385.83
climatbambey 2008 4 21 112 19.6 38.6 24.5 7.3 0 3.7 24.2 385.83
climatbambey 2008 4 22 113 20.6 41.2 24.5 8.1 0 3.8 24.8 385.83
climatbambey 2008 4 23 114 20.5 42.1 24.7 8.2 0 2.7 19.9 385.83
climatbambey 2008 4 24 115 21.4 41 24.6 7.4 0 2.5 23.9 385.83
climatbambey 2008 4 25 116 19.4 40.6 24.6 6.9 0 2.3 24 385.83
climatbambey 2008 4 26 117 20.1 37.9 23.5 6.4 0 2.3 23.4 385.83
climatbambey 2008 4 27 118 20.5 42 12.3 4.8 0 1.7 23.5 385.83
climatbambey 2008 4 28 119 21.3 42.4 23.5 7 0 2.1 25.5 385.83
climatbambey 2008 4 29 120 19.5 39.9 24.1 6.6 0 2.2 24.2 385.83
climatbambey 2008 4 30 121 18.4 39.9 25.3 7 0 2.5 23 385.83
climatbambey 2008 5 1 122 19.3 37.4 25.3 6.5 0 2.4 23.3 385.83
climatbambey 2008 5 2 123 19.1 37 21.4 6.1 0 2.8 22.9 385.83
climatbambey 2008 5 3 124 20.8 39.2 24.9 7.3 0 2.8 23.1 385.83
climatbambey 2008 5 4 125 23.4 45.6 22.8 8.9 0 3.2 25.4 385.83
climatbambey 2008 5 5 126 24.4 41.7 24.5 7.9 0 2.4 21.7 385.83
climatbambey 2008 5 6 127 22.1 37 24.2 6.4 0 2.3 24.6 385.83
climatbambey 2008 5 7 128 20.4 36.4 23.8 6.4 0 3.1 24.6 385.83
climatbambey 2008 5 8 129 19.3 33.8 25.2 6.2 0 3.2 22.7 385.83
climatbambey 2008 5 9 130 19.1 35 25.6 6.6 0 3.5 22.9 385.83
climatbambey 2008 5 10 131 20 39 24.3 7.1 0 3 23.9 385.83
climatbambey 2008 5 11 132 20.7 40 23.9 8.1 0 3.6 22.1 385.83
climatbambey 2008 5 12 133 21 40.1 19.9 7.6 0 3 18.2 385.83
climatbambey 2008 5 13 134 20.5 40.6 24.8 7.8 0 2.5 18.4 385.83
climatbambey 2008 5 14 135 20.5 38.2 24.7 7.2 0 2.3 17.6 385.83
climatbambey 2008 5 15 136 21.1 39.1 21.1 6.7 0 2.3 20.3 385.83
climatbambey 2008 5 16 137 20 36.4 25.2 8 0 3.8 18.2 385.83
climatbambey 2008 5 17 138 21 38.1 24.5 8.1 0 4.2 21.9 385.83
climatbambey 2008 5 18 139 20 38.9 25.1 8.1 0 3.7 21 385.83
climatbambey 2008 5 19 140 20.5 39.9 25 8 0 3 19.7 385.83
climatbambey 2008 5 20 141 21.8 38 23.3 6.8 0 2.1 18.8 385.83
climatbambey 2008 5 21 142 22 37.6 21.8 6.5 0 2.6 23.1 385.83
climatbambey 2008 5 22 143 25 40.6 20.9 7 0 2.5 25.4 385.83
climatbambey 2008 5 23 144 26 42.6 23.3 7.9 0 2.5 24.6 385.83
climatbambey 2008 5 24 145 22.8 42.4 23.3 9.5 0 4 20.7 385.83
climatbambey 2008 5 25 146 20.5 38.1 24.1 7.4 0 3.2 21.4 385.83
climatbambey 2008 5 26 147 18.4 37.4 22 6.2 0 2.4 21.2 385.83
climatbambey 2008 5 27 148 20.2 38.6 24.4 6.8 0 2.6 24 385.83
climatbambey 2008 5 28 149 22 42.4 24.7 8.5 0 3.3 23.3 385.83
climatbambey 2008 5 29 150 24.5 43.1 23.3 10 0 3.3 12.9 385.83
climatbambey 2008 5 30 151 23.4 43.4 24.4 8.1 0 2.3 19.6 385.83
climatbambey 2008 5 31 152 22.1 37.6 25.5 7.5 0 2.6 19.1 385.83
climatbambey 2008 6 1 153 23.4 38.6 20.3 6.5 0 2.5 24 385.83
climatbambey 2008 6 2 154 23.8 39 21.9 6.5 0 2.4 26 385.83
climatbambey 2008 6 3 155 23.7 39.2 22.9 7.1 0 2.8 25.4 385.83
climatbambey 2008 6 4 156 24.2 44.4 23.5 8.8 0 3 23 385.83
climatbambey 2008 6 5 157 26 37.2 25.3 7.5 0 3 25.3 385.83
climatbambey 2008 6 6 158 25 37.3 21.2 6.8 0 3.2 25.8 385.83
climatbambey 2008 6 7 159 23.3 37.2 24.2 6.6 0 2.7 26.3 385.83
climatbambey 2008 6 8 160 21.2 37.9 25 6.4 0 2.1 25.6 385.83
climatbambey 2008 6 9 161 22.3 43.2 24.9 7.4 0 2.3 28.3 385.83
climatbambey 2008 6 10 162 22.9 43.4 24.5 8.8 0 3.8 27.1 385.83
climatbambey 2008 6 11 163 22.8 41.5 25.2 7.9 0 3 26.4 385.83
climatbambey 2008 6 12 164 23.7 35.8 23.6 6.4 0 2.6 24.7 385.83
climatbambey 2008 6 13 165 22.9 31.3 13.8 3.5 1.3 1.7 26.9 385.83
climatbambey 2008 6 14 166 23.9 39.4 24.7 7.3 0 3.1 27.7 385.83
climatbambey 2008 6 15 167 25.5 37.5 24.3 6.9 0 3.2 29.6 385.83
climatbambey 2008 6 16 168 23 36.4 12.2 3.9 20 2.5 30.9 385.83
climatbambey 2008 6 17 169 23 34.4 23.9 5.9 0 2.5 26.2 385.83
climatbambey 2008 6 18 170 23 40 20.2 6.7 0 2.7 25.2 385.83
climatbambey 2008 6 19 171 24.4 35.2 22.3 6 0 2.9 27.7 385.83
climatbambey 2008 6 20 172 25.5 35.6 19.8 5.9 0 3.4 29.3 385.83
climatbambey 2008 6 21 173 24.4 38.1 20.1 6 0 2.4 27.6 385.83
climatbambey 2008 6 22 174 24.5 36.1 22.6 6.2 0 2.8 28.3 385.83
climatbambey 2008 6 23 175 25 36.1 21.4 6.1 0 3.2 29.6 385.83
climatbambey 2008 6 24 176 25 35.6 22.9 6.6 0 3.2 26.5 385.83
climatbambey 2008 6 25 177 24.6 35.6 20.9 5.9 0 2.4 25.4 385.83
climatbambey 2008 6 26 178 24.5 36.1 23.9 6.2 0 2.5 28.1 385.83
climatbambey 2008 6 27 179 23.9 35.6 20.7 5.6 0 2.7 28.9 385.83
climatbambey 2008 6 28 180 25 32.5 12.2 3.3 19.4 1.5 29.6 385.83
climatbambey 2008 6 29 181 24.4 33.5 17.6 4.2 0 1.5 30.8 385.83
climatbambey 2008 6 30 182 24.2 34.2 18.4 4.7 16.5 2.7 31 385.83
climatbambey 2008 7 1 183 23.1 32.6 16.5 3.9 2.2 1.9 30 385.83
climatbambey 2008 7 2 184 22.8 30.4 13.3 3.1 3.8 1.9 29.2 385.83
climatbambey 2008 7 3 185 24.7 33.6 22.5 5 23 1.8 32.3 385.83
climatbambey 2008 7 4 186 22 33.2 24.1 5.1 0 2.2 29.7 385.83
climatbambey 2008 7 5 187 25.4 34.7 19 5.4 0 2.5 28.1 385.83
climatbambey 2008 7 6 188 24.1 33.1 19 4.5 0 1.7 29.4 385.83
climatbambey 2008 7 7 189 23.8 34.7 25 5.9 0 2 28.2 385.83
climatbambey 2008 7 8 190 25.5 35.7 23.2 5.8 0 2.2 30.5 385.83
climatbambey 2008 7 9 191 25.6 35.1 25.6 6.2 0 2.2 29.4 385.83
climatbambey 2008 7 10 192 24.7 36.3 22.3 5.5 4.2 2 32.1 385.83
climatbambey 2008 7 11 193 24.7 33.9 23.6 5.3 0 1.5 31.2 385.83
climatbambey 2008 7 12 194 26.4 35.5 23.3 5.7 0 2 32.3 385.83
climatbambey 2008 7 13 195 24.1 35.5 22.9 5.4 0 1.6 29.8 385.83
climatbambey 2008 7 14 196 25 35.6 23.6 5.5 0 1.5 31.3 385.83
climatbambey 2008 7 15 197 25.9 36.1 21.8 5.6 0.6 2.7 33.5 385.83
climatbambey 2008 7 16 198 26.5 34 22.3 5.7 0 2.7 30.6 385.83
climatbambey 2008 7 17 199 25.2 33.1 12.5 4 0 2.7 29.1 385.83
climatbambey 2008 7 18 200 24 32.1 20.3 4.7 25.6 2.2 29.2 385.83
climatbambey 2008 7 19 201 25 34.1 22.4 5.4 0 2.3 30.4 385.83
climatbambey 2008 7 20 202 21.6 28.6 12.8 2.8 21 1.6 27.2 385.83
climatbambey 2008 7 21 203 23 31.1 16.4 3.8 28.5 2.1 28.6 385.83
climatbambey 2008 7 22 204 23 31.1 14.6 3.3 0 1.7 30 385.83
climatbambey 2008 7 23 205 24 32.1 19 4.2 0 1.4 30.3 385.83
climatbambey 2008 7 24 206 24.4 34.1 23.9 5.5 0 1.9 29.3 385.83
climatbambey 2008 7 25 207 25 33.6 21.3 4.9 41 1.7 31.2 385.83
climatbambey 2008 7 26 208 23 32 16.6 3.6 31 1.2 31.2 385.83
climatbambey 2008 7 27 209 22.6 32.6 22.7 4.9 0 2.2 30.1 385.83
climatbambey 2008 7 28 210 24.6 33.1 24 5.3 0 1.5 30.2 385.83
climatbambey 2008 7 29 211 23.9 30.6 19.2 4.2 26.7 2.6 30.2 385.83
climatbambey 2008 7 30 212 23.5 29.5 17.2 3.5 5 1.8 31.2 385.83
climatbambey 2008 7 31 213 23.5 32 20.7 4.4 3.5 1.4 30.5 385.83
climatbambey 2008 8 1 214 25.7 33.2 24.7 5.6 0 2 31.2 385.83
climatbambey 2008 8 2 215 24.4 33.4 24.2 5.3 0 2 31.5 385.83
climatbambey 2008 8 3 216 24.2 33.4 18.8 4.3 0 1.6 31.5 385.83
climatbambey 2008 8 4 217 21.6 30.2 14.4 3.1 39.5 1.2 28.6 385.83
climatbambey 2008 8 5 218 24.1 31.8 15.5 3.5 0 1.4 32.2 385.83
climatbambey 2008 8 6 219 24.8 31.7 12.9 3.2 0 1.7 31.4 385.83
climatbambey 2008 8 7 220 24.8 33.8 23.2 5.1 9.9 1.3 32.8 385.83
climatbambey 2008 8 8 221 23.4 33.7 22.9 5 2 1.3 29.9 385.83
climatbambey 2008 8 9 222 25.4 33.5 20.9 4.8 0 1.7 32.3 385.83
climatbambey 2008 8 10 223 25.2 32.1 18.1 4.1 0 1.7 32 385.83
climatbambey 2008 8 11 224 25.2 33.1 22.4 5 0 1.7 32.5 385.83
climatbambey 2008 8 12 225 24 34.1 23.9 5.4 0 2.3 31.5 385.83
climatbambey 2008 8 13 226 25 34.1 24.5 5.7 0 2 30 385.83
climatbambey 2008 8 14 227 24 35.6 24.9 5.6 9.5 1.3 31.9 385.83
climatbambey 2008 8 15 228 24 31.6 17.3 3.9 0.4 2 31.2 385.83
climatbambey 2008 8 16 229 24.4 33.1 22.5 5 0 2.7 32.4 385.83
climatbambey 2008 8 17 230 24.4 33.1 20.1 4.5 0 1.6 31.2 385.83
climatbambey 2008 8 18 231 24 34.1 24.3 5.3 0 2 32.5 385.83
climatbambey 2008 8 19 232 23.5 30.1 13.5 2.9 34 1 31.4 385.83
climatbambey 2008 8 20 233 23.1 33.1 16.4 3.7 15.2 1.3 31.9 385.83
climatbambey 2008 8 21 234 21.6 30.6 15.6 3.3 39.5 1.3 29.6 385.83
climatbambey 2008 8 22 235 23 33.1 24.4 5.1 4 1.4 31.1 385.83
climatbambey 2008 8 23 236 24 32.1 17.7 3.9 0 1.4 31.1 385.83
climatbambey 2008 8 24 237 23.9 32.1 13.8 3.2 12.8 1.4 32.1 385.83
climatbambey 2008 8 25 238 23.3 30 17.6 3.8 67 1.9 28.8 385.83
climatbambey 2008 8 26 239 23.2 30.7 21.4 4.5 2.6 1.6 29.1 385.83
climatbambey 2008 8 27 240 22.6 29.9 16.8 3.5 13.7 1.2 29.2 385.83
climatbambey 2008 8 28 241 23.8 33.2 24.6 5.2 3 1.5 30.7 385.83
climatbambey 2008 8 29 242 24.7 31.1 20.8 4.5 0.2 1.9 30.8 385.83
climatbambey 2008 8 30 243 24.2 32.5 23.3 5.1 14.8 2.3 30.9 385.83
climatbambey 2008 8 31 244 22.5 32.9 21.5 4.6 44.4 1.4 29.9 385.83
climatbambey 2008 9 1 245 22.6 32.4 19.9 4.3 0.3 1.2 29.7 385.83
climatbambey 2008 9 2 246 25.4 33.7 23.2 5.3 32.7 2.2 32.2 385.83
climatbambey 2008 9 3 247 21.2 29.6 14.9 3.1 0 1 28.1 385.83
climatbambey 2008 9 4 248 25.2 31.5 19.5 4.2 1.6 1.2 32.6 385.83
climatbambey 2008 9 5 249 25 34.2 23.1 5.1 34.8 1.3 32.3 385.83
climatbambey 2008 9 6 250 21.5 32.5 21.6 4.5 0 1 28.3 385.83
climatbambey 2008 9 7 251 25 33.9 24.3 5.3 0 1.2 32.1 385.83
climatbambey 2008 9 8 252 24.3 34.6 20.5 4.8 52 1.5 30.4 385.83
climatbambey 2008 9 9 253 20.6 34.1 21.7 4.5 0 0.9 29.5 385.83
climatbambey 2008 9 10 254 25.2 35 22 5 0 1.4 33.5 385.83
climatbambey 2008 9 11 255 25.5 34.1 23.8 5.2 0 1.9 34.4 385.83
climatbambey 2008 9 12 256 25 35.1 22.9 5.2 0 1.4 32.6 385.83
climatbambey 2008 9 13 257 24 34.1 21.7 4.7 0 1.1 31.9 385.83
climatbambey 2008 9 14 258 24 35.1 24.4 5.3 0 0.9 31 385.83
climatbambey 2008 9 15 259 25.1 35.1 22.8 5.2 0 1.4 32.9 385.83
climatbambey 2008 9 16 260 24.6 34.6 19.4 4.5 0 1.3 31.7 385.83
climatbambey 2008 9 17 261 23.4 33.1 14 3.3 5.8 0.9 30.5 385.83
climatbambey 2008 9 18 262 24.4 33.1 19.2 4.2 1.4 1.2 32.4 385.83
climatbambey 2008 9 19 263 24.4 34.1 23.5 5.1 12.8 1.3 31.3 385.83
climatbambey 2008 9 20 264 22.5 33.9 23.8 5 0 1.1 30.2 385.83
climatbambey 2008 9 21 265 24.3 34.1 22.9 5 0 1.3 30.8 385.83
climatbambey 2008 9 22 266 25 35.2 21.8 4.8 0 0.9 33.1 385.83
climatbambey 2008 9 23 267 24.4 36.6 23.6 5.2 0 0.9 32.7 385.83
climatbambey 2008 9 24 268 25.3 36.8 21.2 5 32 1.2 33.3 385.83
climatbambey 2008 9 25 269 21.7 33.7 20.7 4.4 2.8 1 28.8 385.83
climatbambey 2008 9 26 270 21.6 30.7 14.1 3.1 14.5 1 28.3 385.83
climatbambey 2008 9 27 271 22.8 32.9 17.5 3.8 0 1 29.8 385.83
climatbambey 2008 9 28 272 24.9 35.8 21.9 4.9 0 1 32.5 385.83
climatbambey 2008 9 29 273 25.3 36.3 22.4 5.1 0 1 34.2 385.83
climatbambey 2008 9 30 274 21.7 30.4 12.2 2.7 5.6 1.3 28.6 385.83
climatbambey 2008 10 1 275 24.8 36.3 20.3 4.7 0 1.1 32.4 385.83
climatbambey 2008 10 2 276 24.7 33.9 21.7 4.7 0 1.2 31.6 385.83
climatbambey 2008 10 3 277 24 31.1 15.6 3.5 3.4 1.4 30 385.83
climatbambey 2008 10 4 278 24.1 33 14.1 3.3 0 1 30.4 385.83
climatbambey 2008 10 5 279 25.4 34.9 18.1 4.1 0 0.9 32.5 385.83
climatbambey 2008 10 6 280 24.8 36.5 19.8 4.5 0 0.9 32.8 385.83
climatbambey 2008 10 7 281 23.6 36.4 21.8 5.1 0 1.5 31 385.83
climatbambey 2008 10 8 282 25.3 34.6 21.3 4.8 0 1.2 31.9 385.83
climatbambey 2008 10 9 283 24.9 36.2 21.2 4.8 0 1.1 32.4 385.83
climatbambey 2008 10 10 284 24.8 34.8 20.6 4.5 0 0.9 32.3 385.83
climatbambey 2008 10 11 285 22 34 21.7 4.5 0 0.9 28.7 385.83
climatbambey 2008 10 12 286 22 36.1 21.6 4.7 0 0.9 27.5 385.83
climatbambey 2008 10 13 287 21.5 35.7 22.1 4.8 0 1.2 28.4 385.83
climatbambey 2008 10 14 288 24.2 36.8 21.1 5 6.4 1.3 31 385.83
climatbambey 2008 10 15 289 23.5 34.6 20.6 4.4 10.9 0.7 30.5 385.83
climatbambey 2008 10 16 290 22.6 31.7 12.1 2.7 0 0.8 29.3 385.83
climatbambey 2008 10 17 291 25.4 37.9 21 5 0 1.1 32.6 385.83
climatbambey 2008 10 18 292 25.1 36.9 20.6 4.8 0 1.1 32.6 385.83
climatbambey 2008 10 19 293 24.4 37.8 20.7 5 0 1.2 30.3 385.83
climatbambey 2008 10 20 294 22.9 33.4 16.6 3.7 2 1.2 29.4 385.83
climatbambey 2008 10 21 295 23 32.1 12.4 2.9 0 0.8 27.8 385.83
climatbambey 2008 10 22 296 22.6 34.3 21.3 4.5 0 1 28.9 385.83
climatbambey 2008 10 23 297 23.6 36.7 21.7 4.9 0 1.1 30 385.83
climatbambey 2008 10 24 298 23.9 38.3 22 5.2 0 1.2 28.5 385.83
climatbambey 2008 10 25 299 23.3 37.7 21.9 5.1 0 1.1 27.9 385.83
climatbambey 2008 10 26 300 19.2 36.9 19.6 4.7 0 1.2 20.7 385.83
climatbambey 2008 10 27 301 18.8 34.9 22 4.6 0 1 22.8 385.83
climatbambey 2008 10 28 302 18.5 34.7 21.8 4.5 0 1.1 23.3 385.83
climatbambey 2008 10 29 303 20.1 34.3 20.7 4.3 0 1 24.9 385.83
climatbambey 2008 10 30 304 21.4 35.9 21.5 4.6 0 1 26.7 385.83
climatbambey 2008 10 31 305 18.8 36 21.1 4.7 0 1.2 20.6 385.83
climatbambey 2008 11 1 306 19.9 36.8 21.6 4.8 0 1.1 23.9 385.83
climatbambey 2008 11 2 307 20 36.1 21.5 5.1 0 1.6 22.2 385.83
climatbambey 2008 11 3 308 21.4 36.6 19.7 4.9 0 1.5 23 385.83
climatbambey 2008 11 4 309 20.3 38.8 20.8 4.8 0 1 25 385.83
climatbambey 2008 11 5 310 18.7 38.2 20.7 4.5 0 0.8 22.5 385.83
climatbambey 2008 11 6 311 19.3 39.3 20.6 4.8 0 1 23.8 385.83
climatbambey 2008 11 7 312 17.7 38.8 20.1 4.6 0 1 23.6 385.83
climatbambey 2008 11 8 313 18.2 37.6 20.6 4.4 0 0.8 23.7 385.83
climatbambey 2008 11 9 314 19.7 36.8 19.5 4.5 0 1.2 24.5 385.83
climatbambey 2008 11 10 315 17.7 36.3 20.5 4.3 0 0.9 20.7 385.83
climatbambey 2008 11 11 316 14.8 36.2 20.3 4.3 0 0.9 14.2 385.83
climatbambey 2008 11 12 317 14.5 37.2 20.5 4.3 0 0.9 17.5 385.83
climatbambey 2008 11 13 318 18 37.6 19.7 4.7 0 1.2 19.6 385.83
climatbambey 2008 11 14 319 17.6 37.4 14.2 3.6 0 0.9 19.5 385.83
climatbambey 2008 11 15 320 19 38.2 19.6 4.3 0 0.8 19.6 385.83
climatbambey 2008 11 16 321 20 38.6 19.4 4.6 0 1 17.3 385.83
climatbambey 2008 11 17 322 18.7 38.3 16 3.9 0 0.9 19.6 385.83
climatbambey 2008 11 18 323 16 38.1 18.4 4.4 0 1 14.1 385.83
climatbambey 2008 11 19 324 20 38.1 14.2 4 0 1 14.9 385.83
climatbambey 2008 11 20 325 17.4 35.1 19.5 4.4 0 1.2 17.2 385.83
climatbambey 2008 11 21 326 15.5 36.6 19.6 4.1 0 0.9 19.2 385.83
climatbambey 2008 11 22 327 16 37.1 20.1 4.6 0 1.2 16.3 385.83
climatbambey 2008 11 23 328 21.2 36 11.1 3.7 0 1.2 16.4 385.83
climatbambey 2008 11 24 329 22.2 37.1 15.7 4.3 0 1.2 17.5 385.83
climatbambey 2008 11 25 330 20.8 37.3 19 4.8 0 1.4 19.5 385.83
climatbambey 2008 11 26 331 19.7 37.6 20.1 4.9 0 1.4 20.8 385.83
climatbambey 2008 11 27 332 19.6 36.9 19.8 5.1 0 1.6 17.1 385.83
climatbambey 2008 11 28 333 20.2 36.1 20.1 4.9 0 1.4 16 385.83
climatbambey 2008 11 29 334 18.3 35.9 19.8 4.6 0 1.2 15.2 385.83
climatbambey 2008 11 30 335 16.9 34.7 18.4 4.1 0 1.1 15.9 385.83
climatbambey 2008 12 1 336 16.2 36.9 19.5 4.2 0 0.9 17 385.83
climatbambey 2008 12 2 337 17.9 37.2 19.6 4.5 0 1.1 16.9 385.83
climatbambey 2008 12 3 338 18.9 35.2 19.6 4.5 0 1.3 16.6 385.83
climatbambey 2008 12 4 339 14.4 33.2 19.7 4.2 0 1.2 13.6 385.83
climatbambey 2008 12 5 340 13.7 31.9 19.3 4.1 0 1.1 8.9 385.83
climatbambey 2008 12 6 341 14.9 32.2 19.4 4.4 0 1.3 8.7 385.83
climatbambey 2008 12 7 342 14.4 32.8 17.5 3.8 0 1 9.6 385.83
climatbambey 2008 12 8 343 13.5 33.6 18.3 3.8 0 0.9 7.4 385.83
climatbambey 2008 12 9 344 15.3 34.3 15.4 4.3 0 1.3 9.4 385.83
climatbambey 2008 12 10 345 14.7 34.8 16.9 3.5 0 0.7 14 385.83
climatbambey 2008 12 11 346 14.5 35.1 13.7 3.7 0 1.1 12.8 385.83
climatbambey 2008 12 12 347 18.5 33.6 18.8 4.5 0 1.6 16.7 385.83
climatbambey 2008 12 13 348 16 32.1 19.5 4.4 0 1.6 14.7 385.83
climatbambey 2008 12 14 349 15.5 32.4 19 4.3 0 1.5 14.1 385.83
climatbambey 2008 12 15 350 14.6 32.4 17.9 4.1 0 1.3 12.2 385.83
climatbambey 2008 12 16 351 14.5 32.1 19.1 4.1 0 1.3 13.6 385.83
climatbambey 2008 12 17 352 14.5 32.1 19.2 4.1 0 1.3 13.6 385.83
climatbambey 2008 12 18 353 14.8 31.6 16.3 3.8 0 1.2 10.8 385.83
climatbambey 2008 12 19 354 17 33.1 16.3 4.2 0 1.3 11 385.83
climatbambey 2008 12 20 355 18 35.1 16.7 4 0 1 11.6 385.83
climatbambey 2008 12 21 356 20 36.5 18.8 4.9 0 1.4 13 385.83
climatbambey 2008 12 22 357 16.1 36.6 18.5 4.5 0 1.2 11.5 385.83
climatbambey 2008 12 23 358 19 34.6 18 4.8 0 1.5 11.6 385.83
climatbambey 2008 12 24 359 17 36.1 17.1 4.2 0 1.1 12.3 385.83
climatbambey 2008 12 25 360 18 32.6 17.6 4.2 0 1.4 14.8 385.83
climatbambey 2008 12 26 361 17.4 34.1 17.5 4.2 0 1.4 16.6 385.83
climatbambey 2008 12 27 362 16.6 32.1 16.4 3.9 0 1.4 15.5 385.83
climatbambey 2008 12 28 363 17.5 35.1 16.9 4 0 1.1 15.7 385.83
climatbambey 2008 12 29 364 18.3 38.5 19.1 4.7 0 1.3 18.8 385.83
climatbambey 2008 12 30 365 16 38.6 17.6 4.3 0 1.1 17.6 385.83
climatbambey 2008 12 31 366 18.5 39 18.4 5.2 0 1.5 14 385.83
