climatbambey 2011 1 2 2 16.7 34 17.2 4.3 0 1.3 11.3 391.85
climatbambey 2011 1 3 3 16 35.3 17.2 4.4 0 1.4 14.5 391.85
climatbambey 2011 1 4 4 15.8 35.9 17.2 4.5 0 1.3 11.5 391.85
climatbambey 2011 1 5 5 15.4 36 17.2 4.3 0 1.2 12.9 391.85
climatbambey 2011 1 6 6 14 36 17.3 3.9 0 1 16.1 391.85
climatbambey 2011 1 7 7 13.4 36 17.3 4.2 0 1.3 15.4 391.85
climatbambey 2011 1 8 8 13.9 36.5 17.3 4.7 0 1.7 16 391.85
climatbambey 2011 1 9 9 16.8 36.8 17.4 4.9 0 1.6 13.7 391.85
climatbambey 2011 1 10 10 19.8 33.9 17.4 5.2 0 2 13.6 391.85
climatbambey 2011 1 11 11 19.6 32.5 17.4 4.8 0 1.5 6.1 391.85
climatbambey 2011 1 12 12 18.8 33.5 17.5 4.9 0 1.5 6.3 391.85
climatbambey 2011 1 13 13 19.8 33.6 17.5 5 0 1.5 6 391.85
climatbambey 2011 1 14 14 21.5 33.5 17.5 4.8 0 1.5 10.3 391.85
climatbambey 2011 1 15 15 14.6 32.6 17.6 4.3 0 1.3 9 391.85
climatbambey 2011 1 16 16 15.5 34.5 17.6 4.4 0 1.3 12.5 391.85
climatbambey 2011 1 17 17 15 35.2 17.7 4.7 0 1.8 16.1 391.85
climatbambey 2011 1 18 18 14.8 34.3 17.7 4.2 0 1.4 15.9 391.85
climatbambey 2011 1 19 19 20.4 30.8 17.8 4.5 0 1.3 7.1 391.85
climatbambey 2011 1 20 20 18.8 30.5 17.8 4.1 0 1.1 7.4 391.85
climatbambey 2011 1 21 21 18.9 33.4 17.8 4.3 0 1.2 12.4 391.85
climatbambey 2011 1 22 22 18.2 34.8 17.9 5.3 0 1.9 13 391.85
climatbambey 2011 1 23 23 15.9 34.6 17.9 4.7 0 1.9 17.4 391.85
climatbambey 2011 1 24 24 17.4 31.5 18 3.9 0 1.2 16.4 391.85
climatbambey 2011 1 25 25 18 30.1 18 4.6 0 2.3 16.2 391.85
climatbambey 2011 1 26 26 18.3 31.5 18.1 4.5 0 1.9 17.5 391.85
climatbambey 2011 1 27 27 19.9 31.4 18.2 4.3 0 1.7 19.7 391.85
climatbambey 2011 1 28 28 18.6 31.2 18.2 4.1 0 1.4 17.2 391.85
climatbambey 2011 1 29 29 18.4 34.3 18.3 5 0 2 17.3 391.85
climatbambey 2011 1 30 30 21.2 36.4 18.3 5.5 0 2.2 19.8 391.85
climatbambey 2011 1 31 31 19 35 18.4 4.7 0 2.4 23.9 391.85
climatbambey 2011 2 1 32 19.6 32 19.3 4.1 0 2 25.2 391.85
climatbambey 2011 2 2 33 19.4 31.5 19.4 4 0 1.9 24.6 391.85
climatbambey 2011 2 3 34 20.5 33.5 19.4 4.9 0 2.9 24.6 391.85
climatbambey 2011 2 4 35 21.8 31.4 19.5 5.8 0 3 16.9 391.85
climatbambey 2011 2 5 36 21.2 32.8 19.5 5.1 0 2.5 21.6 391.85
climatbambey 2011 2 6 37 20.8 34 19.6 5.4 0 2 16.1 391.85
climatbambey 2011 2 7 38 19.9 34.9 19.7 5.7 0 1.8 10 391.85
climatbambey 2011 2 8 39 19 33 19.7 5.1 0 1.7 13.1 391.85
climatbambey 2011 2 9 40 19.5 30 19.8 4.3 0 1.5 19 391.85
climatbambey 2011 2 10 41 15 32 19.8 4.4 0 2.2 19.4 391.85
climatbambey 2011 2 11 42 14 31.2 19.9 4.4 0 2.4 18.6 391.85
climatbambey 2011 2 12 43 13.8 33.6 20 5.5 0 2.3 13.3 391.85
climatbambey 2011 2 13 44 15 32.5 20 6 0 2.5 10.4 391.85
climatbambey 2011 2 14 45 15.4 33 20.1 5.3 0 2.4 15.7 391.85
climatbambey 2011 2 15 46 14.8 33.5 20.2 5.1 0 2 15 391.85
climatbambey 2011 2 16 47 13.5 35.2 20.2 5.2 0 2 16.1 391.85
climatbambey 2011 2 17 48 15 35.4 20.3 4.8 0 1.9 20.3 391.85
climatbambey 2011 2 18 49 15 35.2 20.3 4.7 0 1.8 20.4 391.85
climatbambey 2011 2 19 50 15.4 36.5 20.4 4.9 0 1.6 20.6 391.85
climatbambey 2011 2 20 51 15 38.5 20.5 5.3 0 1.4 14.9 391.85
climatbambey 2011 2 21 52 16 40.5 20.5 5.4 0 1.3 16.9 391.85
climatbambey 2011 2 22 53 16.8 40.2 20.6 5.2 0 1.2 19.6 391.85
climatbambey 2011 2 23 54 16.5 39 20.7 6.1 0 1.8 14.3 391.85
climatbambey 2011 2 24 55 22.5 39.5 20.7 6.2 0 1.6 11.5 391.85
climatbambey 2011 2 25 56 20.8 38 20.8 6.1 0 1.7 13.5 391.85
climatbambey 2011 2 26 57 19.4 36.2 20.8 7 0 2.7 13.1 391.85
climatbambey 2011 2 27 58 21 33.6 20.9 6.4 0 2.3 12 391.85
climatbambey 2011 2 28 59 20.4 35.6 21 5.7 0 1.8 16.8 391.85
climatbambey 2011 3 1 60 18.8 37.5 21.4 5.7 0 1.7 17.5 391.85
climatbambey 2011 3 2 61 19.7 37.5 21.4 5.7 0 2.2 24.1 391.85
climatbambey 2011 3 3 62 17.2 35.6 21.5 5 0 2.3 24.6 391.85
climatbambey 2011 3 4 63 16 34.2 21.5 4.6 0 2.2 24.2 391.85
climatbambey 2011 3 5 64 16 34.5 21.6 5.5 0 2 16.9 391.85
climatbambey 2011 3 6 65 18.3 32.8 21.7 5.1 0 2.4 21.1 391.85
climatbambey 2011 3 7 66 16.9 32.7 21.7 5.5 0 2.9 19.2 391.85
climatbambey 2011 3 8 67 16.5 33.5 21.8 5.6 0 2.7 18.5 391.85
climatbambey 2011 3 9 68 17 35.4 21.8 5.7 0 2.4 19.9 391.85
climatbambey 2011 3 10 69 17.2 36.5 21.9 5.3 0 2.3 24 391.85
climatbambey 2011 3 11 70 17 35 21.9 5.2 0 2.7 23.9 391.85
climatbambey 2011 3 12 71 17.5 35.4 22 5.1 0 2.5 25.5 391.85
climatbambey 2011 3 13 72 17 32.2 22 4.6 0 2.8 23.8 391.85
climatbambey 2011 3 14 73 16 31.9 22.1 4.6 0 3.3 23 391.85
climatbambey 2011 3 15 74 16.8 31.4 22.1 4.7 0 3 22.4 391.85
climatbambey 2011 3 16 75 16.8 36 22.2 5 0 2.2 25.5 391.85
climatbambey 2011 3 17 76 17.8 39 22.2 5.7 0 2 25 391.85
climatbambey 2011 3 18 77 17.8 40.8 22.3 6.1 0 1.6 19.4 391.85
climatbambey 2011 3 19 78 18.9 42 22.3 7.5 0 2.7 20.2 391.85
climatbambey 2011 3 20 79 21.4 41 22.3 6.8 0 2.2 22.7 391.85
climatbambey 2011 3 21 80 18 41.1 22.4 6.2 0 2.1 25.4 391.85
climatbambey 2011 3 22 81 20 40 22.4 6.6 0 2.7 25.2 391.85
climatbambey 2011 3 23 82 19 37.5 22.5 5.8 0 2.7 26.5 391.85
climatbambey 2011 3 24 83 17.2 37.8 22.5 5.6 0 2.4 25.3 391.85
climatbambey 2011 3 25 84 18 39 22.5 5.7 0 2.4 27.8 391.85
climatbambey 2011 3 26 85 19.2 39.7 22.6 6.2 0 2.7 27.5 391.85
climatbambey 2011 3 27 86 20 39.5 22.6 5.6 0 2.2 30.9 391.85
climatbambey 2011 3 28 87 15 43 22.6 6.7 0 2 21.4 391.85
climatbambey 2011 3 29 88 19.8 43.2 22.7 6.9 0 1.8 21 391.85
climatbambey 2011 3 30 89 19.2 42 22.7 6 0 1.4 23.9 391.85
climatbambey 2011 3 31 90 20.3 38.4 22.7 5.8 0 2 26.8 391.85
climatbambey 2011 4 1 91 19.4 38.4 23.1 5.8 0 1.9 26.1 391.85
climatbambey 2011 4 2 92 18.9 41 23.1 6.2 0 1.9 26.2 391.85
climatbambey 2011 4 3 93 19.5 41 23.1 6.3 0 1.9 25.8 391.85
climatbambey 2011 4 4 94 18.5 41.2 23.2 6.3 0 2.1 26.1 391.85
climatbambey 2011 4 5 95 19 39.2 23.2 6.6 0 2.9 25 391.85
climatbambey 2011 4 6 96 17.5 38 23.2 6 0 2.2 23.3 391.85
climatbambey 2011 4 7 97 17.6 40.5 23.2 6.8 0 2.6 22.7 391.85
climatbambey 2011 4 8 98 22.5 40.7 23.2 6.9 0 2.2 24.6 391.85
climatbambey 2011 4 9 99 21 43 23.3 8.6 0 3.3 21.9 391.85
climatbambey 2011 4 10 100 21.8 41.5 23.3 7.5 0 2.5 22.4 391.85
climatbambey 2011 4 11 101 17.4 41 23.3 6.7 0 2.3 22.5 391.85
climatbambey 2011 4 12 102 19.4 41.4 23.3 6.8 0 2.1 23.2 391.85
climatbambey 2011 4 13 103 19.8 37.5 23.3 6 0 2.7 26.5 391.85
climatbambey 2011 4 14 104 18.5 36.4 23.3 5.7 0 2.3 24.3 391.85
climatbambey 2011 4 15 105 19.5 34.6 23.4 5.4 0 2.7 26.6 391.85
climatbambey 2011 4 16 106 19.4 37.4 23.4 5.7 0 2.5 28 391.85
climatbambey 2011 4 17 107 20 37.5 23.4 6 0 2.5 26.1 391.85
climatbambey 2011 4 18 108 20 37.5 23.4 6.2 0 2.8 26.1 391.85
climatbambey 2011 4 19 109 21 35 23.4 5.5 0 1.9 25.1 391.85
climatbambey 2011 4 20 110 19.7 33 23.4 5 0 1.7 25 391.85
climatbambey 2011 4 21 111 19 34.5 23.4 5.4 0 2.5 25.1 391.85
climatbambey 2011 4 22 112 19.5 36.4 23.4 5.5 0 2.3 28.1 391.85
climatbambey 2011 4 23 113 20 38.6 23.4 5.6 0 1.8 30.4 391.85
climatbambey 2011 4 24 114 19.2 39 23.4 5.6 0 1.6 29 391.85
climatbambey 2011 4 25 115 19.8 39.4 23.4 5.6 0 1.7 30.3 391.85
climatbambey 2011 4 26 116 20.5 36.6 23.4 6 0 1.9 22.4 391.85
climatbambey 2011 4 27 117 19.2 37.5 23.4 6.1 0 2 22.2 391.85
climatbambey 2011 4 28 118 19.8 36 23.4 6.3 0 2.4 20.9 391.85
climatbambey 2011 4 29 119 19.5 35.4 23.4 5.9 0 1.7 18.5 391.85
climatbambey 2011 4 30 120 18.8 33 23.4 5.6 0 2 19.5 391.85
climatbambey 2011 5 1 121 19 33 22.8 5.7 0 2 17.8 391.85
climatbambey 2011 5 2 122 19 36.4 22.8 6.1 0 2.2 20.4 391.85
climatbambey 2011 5 3 123 18.8 39 22.8 6.7 0 2.3 19.7 391.85
climatbambey 2011 5 4 124 19.8 41.2 22.8 6.9 0 2 19.4 391.85
climatbambey 2011 5 5 125 22 41.5 22.8 7.7 0 2.5 19.9 391.85
climatbambey 2011 5 6 126 21.5 38.5 22.8 6.3 0 2 22.9 391.85
climatbambey 2011 5 7 127 19.5 36.6 22.8 5.9 0 2.2 23.3 391.85
climatbambey 2011 5 8 128 19.7 36.2 22.8 5.5 0 1.6 23.4 391.85
climatbambey 2011 5 9 129 19.2 32.5 22.8 5.1 0 1.9 22.8 391.85
climatbambey 2011 5 10 130 20.2 34.4 22.8 5.6 0 2.2 23.6 391.85
climatbambey 2011 5 11 131 18.6 32.9 22.8 5.3 0 2 21.4 391.85
climatbambey 2011 5 12 132 18.5 31.9 22.8 5.2 0 2 20.7 391.85
climatbambey 2011 5 13 133 18 33.5 22.7 5.3 0 1.8 20.9 391.85
climatbambey 2011 5 14 134 19 34.2 22.7 5.6 0 2 21.1 391.85
climatbambey 2011 5 15 135 20.9 37.4 22.7 5.9 0 1.9 24.4 391.85
climatbambey 2011 5 16 136 22 32.5 22.7 5.5 0 1.9 21.5 391.85
climatbambey 2011 5 17 137 23.5 40 22.7 6.2 0 1.8 28.1 391.85
climatbambey 2011 5 18 138 22.8 39 22.7 6.3 0 2 25.5 391.85
climatbambey 2011 5 19 139 22 37.5 22.7 5.9 0 1.7 24.5 391.85
climatbambey 2011 5 20 140 21 39.8 22.7 6.3 0 2.1 26 391.85
climatbambey 2011 5 21 141 22 38.5 22.7 5.8 0 1.7 27.8 391.85
climatbambey 2011 5 22 142 20.4 36.3 22.7 5.8 0 2.3 25.1 391.85
climatbambey 2011 5 23 143 21 37 22.6 6 0 2.4 25.8 391.85
climatbambey 2011 5 24 144 19 38.2 22.6 5.9 0 2.1 24.5 391.85
climatbambey 2011 5 25 145 21 39.9 22.6 5.8 0 1.5 27.2 391.85
climatbambey 2011 5 26 146 21.9 37 22.6 5.5 0 1.9 29.2 391.85
climatbambey 2011 5 27 147 20 36 22.6 5.2 0 1.9 27.8 391.85
climatbambey 2011 5 28 148 20 36 22.6 5.3 0 2 27.4 391.85
climatbambey 2011 5 29 149 19.4 36.4 22.6 5.4 0 2.4 28 391.85
climatbambey 2011 5 30 150 20.2 37.4 22.6 5.2 0 1.4 29.1 391.85
climatbambey 2011 5 31 151 23 35 22.6 5.2 1.5 1.9 31 391.85
climatbambey 2011 6 1 152 23.4 38 20.8 5.2 0 1.9 33.8 391.85
climatbambey 2011 6 2 153 26 37.2 20.8 5.4 0 2.1 34.6 391.85
climatbambey 2011 6 3 154 22.5 41 20.8 6.2 0 2.4 30.2 391.85
climatbambey 2011 6 4 155 21.8 38.2 20.8 5.7 0 2.3 28.4 391.85
climatbambey 2011 6 5 156 21.6 35.5 20.8 5 0 1.5 26.1 391.85
climatbambey 2011 6 6 157 20.6 34 20.8 4.8 0 1.4 25 391.85
climatbambey 2011 6 7 158 21.6 35.5 20.8 5.2 0 1.9 25.9 391.85
climatbambey 2011 6 8 159 22.9 36.9 20.8 5.4 0 1.7 26.4 391.85
climatbambey 2011 6 9 160 22.5 38 20.8 5.7 0 2.1 27.3 391.85
climatbambey 2011 6 10 161 24 38.4 20.8 5.8 0.5 1.8 26.8 391.85
climatbambey 2011 6 11 162 25.4 44.8 20.8 7.2 0 2.1 26.3 391.85
climatbambey 2011 6 12 163 23.4 41.5 20.8 6.4 0 2.2 28.8 391.85
climatbambey 2011 6 13 164 22.8 37 20.8 5.7 0 2.4 27.2 391.85
climatbambey 2011 6 14 165 22.7 36.8 20.8 5.5 0 1.9 26.6 391.85
climatbambey 2011 6 15 166 22.5 38.2 20.7 5.4 0 1.5 26.2 391.85
climatbambey 2011 6 16 167 22.8 36.6 20.7 5 0 1.1 25.9 391.85
climatbambey 2011 6 17 168 22.6 39 20.7 5.9 0 1.2 7.6 391.85
climatbambey 2011 6 18 169 22.5 38.5 20.7 5.6 0 1.9 27.9 391.85
climatbambey 2011 6 19 170 24 34 20.7 5.1 0 1.6 26.6 391.85
climatbambey 2011 6 20 171 22 33.2 20.7 4.9 0 1.7 25.7 391.85
climatbambey 2011 6 21 172 22 34.5 20.7 4.7 0 1 26.7 391.85
climatbambey 2011 6 22 173 23.5 35 20.7 4.8 0 1 27.4 391.85
climatbambey 2011 6 23 174 23.5 36.5 20.7 5.3 0 1.6 26.7 391.85
climatbambey 2011 6 24 175 23.4 36 20.7 5.1 0 1.6 29.6 391.85
climatbambey 2011 6 25 176 21.4 30.8 20.7 4.3 16.8 1.4 27.4 391.85
climatbambey 2011 6 26 177 24.5 35.2 20.7 5.1 0 1.8 30.5 391.85
climatbambey 2011 6 27 178 25 36.4 20.7 5.4 0 2.1 30.9 391.85
climatbambey 2011 6 28 179 24.7 35.8 20.7 5.4 0 1.9 28.6 391.85
climatbambey 2011 6 29 180 24 35.5 20.7 5.2 0 1.8 28.2 391.85
climatbambey 2011 6 30 181 25.2 35.1 20.7 5.1 0 1.5 29.3 391.85
climatbambey 2011 7 1 182 23.5 36.5 20.5 5.2 34.2 1.7 29.1 391.85
climatbambey 2011 7 2 183 25.8 36.2 20.5 4.8 0 0.8 33.5 391.85
climatbambey 2011 7 3 184 22 35 20.5 4.7 0 1.6 30.2 391.85
climatbambey 2011 7 4 185 24.4 33.5 20.5 4.8 0 1.8 29.8 391.85
climatbambey 2011 7 5 186 23.8 35 20.5 5.1 0 1.7 28.1 391.85
climatbambey 2011 7 6 187 24.4 34.5 20.5 4.7 0 1.1 29.2 391.85
climatbambey 2011 7 7 188 24.8 32.5 20.5 4.6 0 1.1 28.7 391.85
climatbambey 2011 7 8 189 24.2 35.9 20.5 5 0 1.3 28.5 391.85
climatbambey 2011 7 9 190 24.8 33 20.5 4.7 0 1.4 29.3 391.85
climatbambey 2011 7 10 191 23.9 33.8 20.5 5.1 0 1.9 26.4 391.85
climatbambey 2011 7 11 192 24.2 34.6 20.5 4.9 0 1.5 29.3 391.85
climatbambey 2011 7 12 193 23.4 34.5 20.5 4.6 19.3 1 28.8 391.85
climatbambey 2011 7 13 194 22.8 32.5 20.5 4.4 10 1.2 30 391.85
climatbambey 2011 7 14 195 24.8 34.8 20.5 4.8 0 1.2 30.2 391.85
climatbambey 2011 7 15 196 25.8 34 20.5 5 0 1.8 30.4 391.85
climatbambey 2011 7 16 197 24 35.5 20.5 4.8 35 1.2 31.2 391.85
climatbambey 2011 7 17 198 22.2 30.5 20.5 4.2 0.7 1.7 29.2 391.85
climatbambey 2011 7 18 199 24.8 34.8 20.5 4.8 0 2 33.3 391.85
climatbambey 2011 7 19 200 23.8 34 20.5 4.7 20 1.6 31.1 391.85
climatbambey 2011 7 20 201 25.4 34 20.5 4.9 0 1.5 30.4 391.85
climatbambey 2011 7 21 202 23.4 34 20.5 4.7 0 1.4 30.1 391.85
climatbambey 2011 7 22 203 24 34.6 20.5 4.7 0 1.3 31.4 391.85
climatbambey 2011 7 23 204 24 34.5 20.5 4.8 0 1.3 28.6 391.85
climatbambey 2011 7 24 205 23.8 35 20.6 4.9 0 1.9 30.7 391.85
climatbambey 2011 7 25 206 25.4 34.8 20.6 4.9 11.5 1.5 31.4 391.85
climatbambey 2011 7 26 207 21.6 31.9 20.6 4.5 0 2.5 28.3 391.85
climatbambey 2011 7 27 208 24.5 32.5 20.6 4.5 0 1.4 31.3 391.85
climatbambey 2011 7 28 209 23.8 33.5 20.6 4.9 0 1.9 29 391.85
climatbambey 2011 7 29 210 24.8 35.5 20.6 4.9 0 1.3 31.7 391.85
climatbambey 2011 7 30 211 25.6 33.9 20.6 4.7 0 1 32 391.85
climatbambey 2011 7 31 212 25.6 35 20.6 4.8 0 1.1 33.2 391.85
climatbambey 2011 8 1 213 26 35 20.4 4.8 0 1.1 33 391.85
climatbambey 2011 8 2 214 24.3 35.2 20.4 4.7 18 1.1 32.2 391.85
climatbambey 2011 8 3 215 24.7 33.8 20.4 4.5 12 1.3 33.5 391.85
climatbambey 2011 8 4 216 24 34 20.4 4.6 0 1.4 31.6 391.85
climatbambey 2011 8 5 217 25.2 33.5 20.4 4.6 0 1.9 33.9 391.85
climatbambey 2011 8 6 218 25.4 34.5 20.4 4.8 0 1.5 32.6 391.85
climatbambey 2011 8 7 219 26.5 35 20.4 4.7 2.4 1 33.4 391.85
climatbambey 2011 8 8 220 24.5 31.5 20.4 4.3 17.3 1.2 32.3 391.85
climatbambey 2011 8 9 221 25 31.8 20.4 4.4 0 1.2 32.9 391.85
climatbambey 2011 8 10 222 24.9 34.8 20.4 4.8 0 1.8 32.8 391.85
climatbambey 2011 8 11 223 24.5 36 20.4 4.8 0 1.2 31.9 391.85
climatbambey 2011 8 12 224 24.8 35 20.4 4.9 0 1.7 31.9 391.85
climatbambey 2011 8 13 225 25.6 32.4 20.4 4.7 0 2 31.4 391.85
climatbambey 2011 8 14 226 24.8 33.2 20.4 4.8 0 1.6 28.8 391.85
climatbambey 2011 8 15 227 23.8 34.4 20.4 4.7 0 1.5 30.6 391.85
climatbambey 2011 8 16 228 24.4 35 20.4 4.7 8.2 1.4 33.2 391.85
climatbambey 2011 8 17 229 23.6 32 20.4 4.3 10.7 1.3 31.6 391.85
climatbambey 2011 8 18 230 23 32.8 20.4 4.4 24 1.3 30.2 391.85
climatbambey 2011 8 19 231 24.5 32 20.4 4.4 33.5 1.9 32 391.85
climatbambey 2011 8 20 232 23.8 27.7 20.4 3.7 13.9 1.5 32.1 391.85
climatbambey 2011 8 21 233 24 31.4 20.4 4.2 0 2.5 32.3 391.85
climatbambey 2011 8 22 234 26.3 31.8 20.3 4.4 1 1.4 34.7 391.85
climatbambey 2011 8 23 235 24 32.2 20.3 4.4 0 1.9 31.7 391.85
climatbambey 2011 8 24 236 23.2 32.5 20.3 4.3 62.1 1.3 32 391.85
climatbambey 2011 8 25 237 23 27.5 20.3 3.8 53.8 1 31.2 391.85
climatbambey 2011 8 26 238 23.6 29.5 20.3 4 3.7 1.1 32.3 391.85
climatbambey 2011 8 27 239 23.8 33.9 20.3 4.4 0 1.1 32.8 391.85
climatbambey 2011 8 28 240 23.9 35 20.3 4.5 0 0.9 32.7 391.85
climatbambey 2011 8 29 241 25 34 20.3 4.6 26.7 1.9 34.4 391.85
climatbambey 2011 8 30 242 22.4 32.5 20.3 4.2 2.3 1 31.7 391.85
climatbambey 2011 8 31 243 25 33.6 20.2 4.4 4 1.3 34.8 391.85
climatbambey 2011 9 1 244 22.8 35.5 20 4.4 38.2 1.2 33.9 391.85
climatbambey 2011 9 2 245 21.5 32.5 20 4.2 0.7 1.1 29.9 391.85
climatbambey 2011 9 3 246 24.2 33.4 20 4.3 2.6 1 33.5 391.85
climatbambey 2011 9 4 247 24.8 35.2 20 4.5 0 1.2 35 391.85
climatbambey 2011 9 5 248 25 34.2 19.9 4.4 0 1.5 35 391.85
climatbambey 2011 9 6 249 24.4 35.6 19.9 4.6 17.6 1.2 34.2 391.85
climatbambey 2011 9 7 250 23 33.7 19.9 4.3 0 0.9 31.8 391.85
climatbambey 2011 9 8 251 25 34.4 19.9 4.5 0 1.3 33.8 391.85
climatbambey 2011 9 9 252 24.5 33 19.8 4.4 0 1.5 32 391.85
climatbambey 2011 9 10 253 24.7 33 19.8 4.5 0 1.4 30.2 391.85
climatbambey 2011 9 11 254 23.8 35.5 19.8 4.6 2.3 1.3 31.4 391.85
climatbambey 2011 9 12 255 21.8 35.2 19.8 4.4 27.6 1.3 30.5 391.85
climatbambey 2011 9 13 256 21.5 30.5 19.7 4 0 0.9 28.1 391.85
climatbambey 2011 9 14 257 25 33 19.7 4.3 0 1.1 33 391.85
climatbambey 2011 9 15 258 25.4 34.8 19.7 4.5 0 1.1 33.1 391.85
climatbambey 2011 9 16 259 25 34.5 19.6 4.4 0 1 32.8 391.85
climatbambey 2011 9 17 260 23.4 33.5 19.6 4.3 0 1.1 30.3 391.85
climatbambey 2011 9 18 261 25 35.8 19.6 4.5 0 1.1 33.4 391.85
climatbambey 2011 9 19 262 24.5 34.8 19.5 4.5 0 1.3 32.4 391.85
climatbambey 2011 9 20 263 24.5 30.6 19.5 4.1 0 1.2 30.7 391.85
climatbambey 2011 9 21 264 24.8 35.5 19.5 4.5 0 1.1 33.2 391.85
climatbambey 2011 9 22 265 26 36.5 19.4 4.8 0 1.5 34.4 391.85
climatbambey 2011 9 23 266 24.2 31 19.4 4.1 0 1.2 29.7 391.85
climatbambey 2011 9 24 267 24.5 33 19.4 4.2 14.6 1 33.2 391.85
climatbambey 2011 9 25 268 24.5 32 19.3 4.2 6.2 1.1 30.9 391.85
climatbambey 2011 9 26 269 23.8 35.2 19.3 4.3 3.9 0.8 32.6 391.85
climatbambey 2011 9 27 270 25.8 36 19.2 4.6 0 1.3 33.3 391.85
climatbambey 2011 9 28 271 25.4 35.4 19.2 4.5 0 1.5 34.3 391.85
climatbambey 2011 9 29 272 25 34.8 19.1 4.5 0 1.5 32.7 391.85
climatbambey 2011 9 30 273 20.9 30.5 19.1 3.8 35.1 1.2 27.1 391.85
climatbambey 2011 10 1 274 22.8 29.4 20.4 4 4.6 1 29.1 391.85
climatbambey 2011 10 2 275 24 30.6 20.4 4.1 0 0.9 30.8 391.85
climatbambey 2011 10 3 276 24 34.6 20.3 4.5 0 0.9 31.4 391.85
climatbambey 2011 10 4 277 25 36.5 20.3 4.7 0 1 33.7 391.85
climatbambey 2011 10 5 278 25.4 37.5 20.2 4.7 0 0.9 33.2 391.85
climatbambey 2011 10 6 279 25.5 37.5 20.2 4.7 0 0.8 33.3 391.85
climatbambey 2011 10 7 280 25.5 38.8 20.1 4.8 0 0.8 32.8 391.85
climatbambey 2011 10 8 281 26 37.4 20.1 4.7 0 0.9 33.2 391.85
climatbambey 2011 10 9 282 24 36 20 4.5 0 1 31.8 391.85
climatbambey 2011 10 10 283 24 37.5 20 4.8 0 1.2 31 391.85
climatbambey 2011 10 11 284 25.4 38.5 19.9 5 0 1.2 29.6 391.85
climatbambey 2011 10 12 285 22.8 37.9 19.9 4.8 0 1.1 26.2 391.85
climatbambey 2011 10 13 286 24.2 36.5 19.8 4.6 0 1.1 30.1 391.85
climatbambey 2011 10 14 287 23.5 36.2 19.7 4.5 0 0.9 29.2 391.85
climatbambey 2011 10 15 288 24.6 36.8 19.7 4.6 0 1.1 31.6 391.85
climatbambey 2011 10 16 289 25 37 19.6 4.7 0 1.2 30.6 391.85
climatbambey 2011 10 17 290 25.2 36.5 19.6 4.7 6.5 1.5 33.6 391.85
climatbambey 2011 10 18 291 22.6 35 19.5 4.2 0 0.8 28.7 391.85
climatbambey 2011 10 19 292 25 36.2 19.5 4.8 0 1.3 27.9 391.85
climatbambey 2011 10 20 293 19.5 37 19.4 4.4 0 0.9 22.6 391.85
climatbambey 2011 10 21 294 21 38 19.3 4.6 0 1 24.7 391.85
climatbambey 2011 10 22 295 23 34.5 19.3 4.6 0 1.8 27.8 391.85
climatbambey 2011 10 23 296 24.2 33.5 19.2 4.6 0 1.3 23 391.85
climatbambey 2011 10 24 297 21.9 36.5 19.2 4.8 0 1.5 24.7 391.85
climatbambey 2011 10 25 298 22.5 37 19.1 4.6 0 1.2 25.3 391.85
climatbambey 2011 10 26 299 22.4 37.5 19 4.5 0 1.1 27.1 391.85
climatbambey 2011 10 27 300 24 39.5 19 4.9 0 1.3 30.7 391.85
climatbambey 2011 10 28 301 25 40.4 18.9 5.1 0 1.2 26.7 391.85
climatbambey 2011 10 29 302 21.8 39 18.9 4.4 0 0.9 28.9 391.85
climatbambey 2011 10 30 303 23.5 39 18.8 4.7 0 1.2 28.3 391.85
climatbambey 2011 10 31 304 24 39 18.8 4.6 0 1 27.7 391.85
climatbambey 2011 11 1 305 23.2 38.8 19.1 4.6 0 1 27.9 391.85
climatbambey 2011 11 2 306 22.5 34.8 19 4 0 0.6 27.5 391.85
climatbambey 2011 11 3 307 20.4 40 18.9 4.4 0 0.8 26.4 391.85
climatbambey 2011 11 4 308 20.5 34.4 18.9 4.1 0 1 22.5 391.85
climatbambey 2011 11 5 309 23.6 39 18.8 4.9 0 1.3 26.5 391.85
climatbambey 2011 11 6 310 20.6 39 18.8 4.6 0 1.1 25.2 391.85
climatbambey 2011 11 7 311 20 38.5 18.7 4.3 0 1 26.6 391.85
climatbambey 2011 11 8 312 19 38 18.7 4.5 0 1.2 23.7 391.85
climatbambey 2011 11 9 313 20.4 37 18.6 4.5 0 1.2 21.5 391.85
climatbambey 2011 11 10 314 19.8 38.5 18.6 4.5 0 1.2 24.8 391.85
climatbambey 2011 11 11 315 20.5 37.8 18.5 4.4 0 1.2 25.7 391.85
climatbambey 2011 11 12 316 21.8 36.6 18.5 4.3 0 1.2 26.9 391.85
climatbambey 2011 11 13 317 20.2 38.4 18.4 4.6 0 1.5 26.1 391.85
climatbambey 2011 11 14 318 19.4 39.8 18.4 4.6 0 1.2 25.3 391.85
climatbambey 2011 11 15 319 19 39.5 18.3 4.8 0 1.4 21.9 391.85
climatbambey 2011 11 16 320 17.8 39.5 18.3 4.5 0 1.1 21.2 391.85
climatbambey 2011 11 17 321 15.5 39.3 18.2 4.2 0 1 22.1 391.85
climatbambey 2011 11 18 322 16.2 39 18.2 4.3 0 1.1 23.3 391.85
climatbambey 2011 11 19 323 18.4 39.5 18.1 4.4 0 1.2 25.4 391.85
climatbambey 2011 11 20 324 16.2 37.5 18.1 4.3 0 1.6 24 391.85
climatbambey 2011 11 21 325 19.8 37.5 18 4.2 0 1.3 26.7 391.85
climatbambey 2011 11 22 326 18.2 38 18 4.5 0 1.3 21.1 391.85
climatbambey 2011 11 23 327 17.4 36.9 17.9 4.4 0 1.2 17.4 391.85
climatbambey 2011 11 24 328 17.8 35.5 17.9 4.2 0 1.2 18.2 391.85
climatbambey 2011 11 25 329 17.8 36 17.9 4.3 0 1.2 18.1 391.85
climatbambey 2011 11 26 330 17.5 36.5 17.8 4.3 0 1.3 19.8 391.85
climatbambey 2011 11 27 331 19.4 34 17.8 3.8 0 0.9 20.3 391.85
climatbambey 2011 11 28 332 20.8 36.4 17.8 4.1 0 1.1 23.1 391.85
climatbambey 2011 11 29 333 20.2 36.2 17.7 4.3 0 1.2 19.3 391.85
climatbambey 2011 11 30 334 20 37 17.7 4.6 0 1.3 16.5 391.85
climatbambey 2011 12 1 335 17.8 36.7 16.9 4.1 0 1.1 17.5 391.85
climatbambey 2011 12 2 336 18.8 37.5 16.9 4.1 0 1 18.1 391.85
climatbambey 2011 12 3 337 13.5 37.5 16.9 4.3 0 1.4 17.3 391.85
climatbambey 2011 12 4 338 18 36.2 16.9 4.1 0 1.1 15.4 391.85
climatbambey 2011 12 5 339 15.4 35.2 16.8 3.8 0 1.1 18.4 391.85
climatbambey 2011 12 6 340 16.4 35.8 16.8 4 0 1.3 19.3 391.85
climatbambey 2011 12 7 341 17.9 35.2 16.8 4.3 0 1.2 10.9 391.85
climatbambey 2011 12 8 342 18 36 16.8 4.1 0 1 11.9 391.85
climatbambey 2011 12 9 343 16.9 36.8 16.8 4.2 0 1.1 12.9 391.85
climatbambey 2011 12 10 344 16.2 36.5 16.7 3.8 0 1 19 391.85
climatbambey 2011 12 11 345 18.5 36.4 16.7 3.9 0 1 18.3 391.85
climatbambey 2011 12 12 346 21.5 36.5 16.7 4.4 0 1.2 13.6 391.85
climatbambey 2011 12 13 347 22 35 16.7 4.4 0 1.2 11.1 391.85
climatbambey 2011 12 14 348 20.8 34.5 16.7 5.2 0 1.7 8 391.85
climatbambey 2011 12 15 349 18.8 33.5 16.7 4.7 0 1.5 8.1 391.85
climatbambey 2011 12 16 350 20.8 31.5 16.7 4.4 0 1.5 11.9 391.85
climatbambey 2011 12 17 351 18.5 34.2 16.7 4.5 0 1.3 8.1 391.85
climatbambey 2011 12 18 352 17.5 33.4 16.7 4.7 0 1.5 7.5 391.85
climatbambey 2011 12 19 353 17.5 33.2 16.7 3.6 0 1 17.8 391.85
climatbambey 2011 12 20 354 15 34.6 16.7 3.6 0 1 17.7 391.85
climatbambey 2011 12 21 355 16 33.5 16.7 4.4 0 1.7 14.4 391.85
climatbambey 2011 12 22 356 17.5 32.5 16.7 5.1 0 1.8 7 391.85
climatbambey 2011 12 23 357 14.9 32.7 16.7 4.7 0 1.5 6 391.85
climatbambey 2011 12 24 358 16 32.5 16.7 4.3 0 1.3 6.4 391.85
climatbambey 2011 12 25 359 17.2 33.4 16.7 4.1 0 1.2 10.2 391.85
climatbambey 2011 12 26 360 16 33 16.7 3.9 0 1.1 10.8 391.85
climatbambey 2011 12 27 361 15.8 32.5 16.7 4.3 0 1.6 12.5 391.85
climatbambey 2011 12 28 362 16 34 16.7 5.1 0 2.1 12 391.85
climatbambey 2011 12 29 363 20.8 31.2 16.7 5.4 0 2.1 7.7 391.85
climatbambey 2011 12 30 364 18 27.5 16.8 5.7 0 2.7 6.5 391.85
climatbambey 2011 12 31 365 16.5 26.5 16.8 5.1 0 2.4 7 391.85
