climatbambey 2013 1 2 2 14.5 32.8 17.5 4.3 0 1.3 9.3 396.74
climatbambey 2013 1 3 3 16.8 32.1 17.5 4.2 0 1.2 7.4 396.74
climatbambey 2013 1 4 4 21 32.8 17.5 5 0 1.6 7.6 396.74
climatbambey 2013 1 5 5 18.5 28.2 17.5 4.7 0 1.7 6.7 396.74
climatbambey 2013 1 6 6 13.5 29.7 17.6 4.2 0 1.5 8.4 396.74
climatbambey 2013 1 7 7 11.4 21 17.6 3.2 0 1.2 6.3 396.74
climatbambey 2013 1 8 8 14.4 32.5 17.6 4.2 0 1.2 8.1 396.74
climatbambey 2013 1 9 9 13.4 33.8 17.7 3.9 0 1 11.2 396.74
climatbambey 2013 1 10 10 15.4 34 17.7 4 0 1 10.9 396.74
climatbambey 2013 1 11 11 17.4 34.5 17.7 4.2 0 1.1 11.1 396.74
climatbambey 2013 1 12 12 19.4 36 17.8 4.6 0 1.2 10.2 396.74
climatbambey 2013 1 13 13 18.6 38.5 17.8 4.8 0 1.2 10.3 396.74
climatbambey 2013 1 14 14 18.6 36 17.8 4.6 0 1.2 10.2 396.74
climatbambey 2013 1 15 15 18 36.4 17.9 5 0 1.4 6.9 396.74
climatbambey 2013 1 16 16 17 34.4 17.9 5.3 0 1.7 6.4 396.74
climatbambey 2013 1 17 17 16.2 33.4 18 4.8 0 1.4 5.5 396.74
climatbambey 2013 1 18 18 14 33.8 18 4.5 0 1.2 5.8 396.74
climatbambey 2013 1 19 19 15.5 34 18.1 4.3 0 1.1 6.7 396.74
climatbambey 2013 1 20 20 13.1 34.2 18.1 4 0 1.1 14 396.74
climatbambey 2013 1 21 21 13.4 35.2 18.2 4.1 0 1.2 16.2 396.74
climatbambey 2013 1 22 22 19.4 33.4 18.2 4.4 0 1.3 15.8 396.74
climatbambey 2013 1 23 23 20.8 32.4 18.3 4.2 0 1.2 17.1 396.74
climatbambey 2013 1 24 24 16.2 33.4 18.3 4.6 0 1.6 14.5 396.74
climatbambey 2013 1 25 25 18.8 25.8 18.4 3.3 0 0.7 14.3 396.74
climatbambey 2013 1 26 26 18.4 30.5 18.4 3.8 0 0.9 11.3 396.74
climatbambey 2013 1 27 27 14 33.4 18.5 4.4 0 1.3 11.7 396.74
climatbambey 2013 1 28 28 12.2 34.6 18.5 4.3 0 1.2 13.1 396.74
climatbambey 2013 1 29 29 16.4 34.6 18.6 5.3 0 1.7 9.6 396.74
climatbambey 2013 1 30 30 18 35 18.6 5.4 0 1.6 6.4 396.74
climatbambey 2013 1 31 31 19.8 36.5 18.7 4.7 0 1.1 8.8 396.74
climatbambey 2013 2 1 32 23 38 19.5 5.9 0 1.7 10.9 396.74
climatbambey 2013 2 2 33 21.8 37.2 19.6 5.4 0 1.5 14.6 396.74
climatbambey 2013 2 3 34 17 35.5 19.6 4.6 0 1.1 13.5 396.74
climatbambey 2013 2 4 35 14.8 36.8 19.7 4.7 0 1.3 17.3 396.74
climatbambey 2013 2 5 36 20.2 38 19.8 5.7 0 2.1 20.3 396.74
climatbambey 2013 2 6 37 25 36.8 19.8 5.6 0 1.6 17 396.74
climatbambey 2013 2 7 38 16.8 37.5 19.9 5.2 0 1.4 12.6 396.74
climatbambey 2013 2 8 39 20.8 37 19.9 5.9 0 1.8 11.7 396.74
climatbambey 2013 2 9 40 20 36 20 5.2 0 2 22.3 396.74
climatbambey 2013 2 10 41 17.8 34 20.1 4.7 0 1.9 21 396.74
climatbambey 2013 2 11 42 17.6 38 20.1 4.9 0 1.3 20.5 396.74
climatbambey 2013 2 12 43 17.5 38.5 20.2 4.8 0 1.1 19.5 396.74
climatbambey 2013 2 13 44 15.2 39 20.3 5.1 0 1.2 14.3 396.74
climatbambey 2013 2 14 45 17.2 39.5 20.3 5.3 0 1.2 13.5 396.74
climatbambey 2013 2 15 46 18.5 37.6 20.4 5.4 0 1.5 16.7 396.74
climatbambey 2013 2 16 47 17.2 35.2 20.4 4.9 0 1.7 20.6 396.74
climatbambey 2013 2 17 48 16.8 37.2 20.5 4.8 0 1.2 19.6 396.74
climatbambey 2013 2 18 49 15 37.9 20.6 4.9 0 1.2 17.4 396.74
climatbambey 2013 2 19 50 17.6 35 20.6 5.1 0 1.7 17.8 396.74
climatbambey 2013 2 20 51 15.4 36 20.7 4.9 0 1.5 18.7 396.74
climatbambey 2013 2 21 52 14.6 36.6 20.8 5 0 1.4 17.4 396.74
climatbambey 2013 2 22 53 18.8 38 20.8 5.4 0 1.4 16.8 396.74
climatbambey 2013 2 23 54 17 37.8 20.9 5.1 0 1.2 15.7 396.74
climatbambey 2013 2 24 55 16.6 38.8 21 5 0 1 16.2 396.74
climatbambey 2013 2 25 56 16 38.4 21 5.6 0 1.5 15.3 396.74
climatbambey 2013 2 26 57 17.5 36.6 21.1 5.6 0 1.7 15.9 396.74
climatbambey 2013 2 27 58 16.5 34.5 21.1 5 0 1.8 19.1 396.74
climatbambey 2013 2 28 59 16 34.8 21.2 5 0 1.8 19.3 396.74
climatbambey 2013 3 1 60 16.5 38 20.3 6 0 2.6 19.9 396.74
climatbambey 2013 3 2 61 19.5 37.5 23.1 6.7 0 2.6 19.5 396.74
climatbambey 2013 3 3 62 17.5 39.5 22.7 6.9 0 2.6 18.7 396.74
climatbambey 2013 3 4 63 16.8 33 22.9 5.3 0 2.6 20.6 396.74
climatbambey 2013 3 5 64 17.4 35 21.8 5.6 0 2.6 20.9 396.74
climatbambey 2013 3 6 65 16.9 35.5 21.9 5.5 0 2.6 21.9 396.74
climatbambey 2013 3 7 66 17.8 40.5 23.5 6.7 0 2.6 23.2 396.74
climatbambey 2013 3 8 67 19.4 42.5 23.4 7.4 0 2.6 22.8 396.74
climatbambey 2013 3 9 68 19.8 42 23.5 7.4 0 2.6 22.6 396.74
climatbambey 2013 3 10 69 19.2 41.8 23.8 7.2 0 2.6 23.1 396.74
climatbambey 2013 3 11 70 18.5 42.5 24 7.5 0 2.6 21.6 396.74
climatbambey 2013 3 12 71 19.8 41.5 23.8 7.5 0 2.6 20.5 396.74
climatbambey 2013 3 13 72 16.8 41.7 24.2 7.4 0 2.6 20.5 396.74
climatbambey 2013 3 14 73 18.1 41.5 24.3 7.8 0 2.6 17.2 396.74
climatbambey 2013 3 15 74 18 41 23.8 7.3 0 2.6 20.2 396.74
climatbambey 2013 3 16 75 20.7 38.6 23.4 7 0 2.6 20.2 396.74
climatbambey 2013 3 17 76 18.5 38.5 24.6 6.9 0 2.6 21 396.74
climatbambey 2013 3 18 77 18.8 36 24 6.1 0 2.6 22.4 396.74
climatbambey 2013 3 19 78 18.2 33.9 23.8 5.5 0 2.6 22.7 396.74
climatbambey 2013 3 20 79 19 39.2 23.8 6.4 0 2.6 25.4 396.74
climatbambey 2013 3 21 80 20.8 39.5 22.5 6.2 0 2.6 27.8 396.74
climatbambey 2013 3 22 81 20.6 41.2 22.2 6.5 0 2.6 27.7 396.74
climatbambey 2013 3 23 82 19.8 36.5 22.7 5.9 0 2.6 24.8 396.74
climatbambey 2013 3 24 83 20.2 40.8 23.5 6.9 0 2.6 25.1 396.74
climatbambey 2013 3 25 84 21.6 42.4 24.4 7.7 0 2.6 24 396.74
climatbambey 2013 3 26 85 20.4 39.4 24.7 7.6 0 2.6 17.7 396.74
climatbambey 2013 3 27 86 17.5 35 24.6 6.2 0 2.6 19.8 396.74
climatbambey 2013 3 28 87 18.2 38 24.7 6.9 0 2.6 20 396.74
climatbambey 2013 3 29 88 19.4 42 24.8 8.2 0 2.6 17 396.74
climatbambey 2013 3 30 89 20.8 42.5 25.5 8.5 0 2.6 17 396.74
climatbambey 2013 3 31 90 21 41.5 25.5 7.7 0 2.6 23.5 396.74
climatbambey 2013 4 1 91 18 39.2 24.7 6.8 0 2.9 24.1 396.74
climatbambey 2013 4 2 92 17.4 38 24.8 6.6 0 2.9 22.8 396.74
climatbambey 2013 4 3 93 18.5 35.5 25 6.2 0 2.9 22.8 396.74
climatbambey 2013 4 4 94 17.6 34.8 24.2 6.3 0 2.9 20.1 396.74
climatbambey 2013 4 5 95 17.5 36.5 24.2 7 0 2.9 17.3 396.74
climatbambey 2013 4 6 96 17.8 41 24 7.6 0 2.9 20.7 396.74
climatbambey 2013 4 7 97 22 38.8 23.2 7.7 0 2.9 18.7 396.74
climatbambey 2013 4 8 98 19 31.5 21.8 5.9 0 2.9 17.2 396.74
climatbambey 2013 4 9 99 16.5 35.2 25.1 6.7 0 2.9 18 396.74
climatbambey 2013 4 10 100 18.5 38.5 25.1 7.5 0 2.9 18.5 396.74
climatbambey 2013 4 11 101 18.5 40 25.3 7.8 0 2.9 19.7 396.74
climatbambey 2013 4 12 102 20.4 42 25.1 8 0 2.9 22.7 396.74
climatbambey 2013 4 13 103 19 41.6 25.6 7.8 0 2.9 23.1 396.74
climatbambey 2013 4 14 104 19 42.2 25.9 7.7 0 2.9 25.5 396.74
climatbambey 2013 4 15 105 18.5 44 26 8.7 0 2.9 21 396.74
climatbambey 2013 4 16 106 20.8 43.8 26.1 9.2 0 2.9 17.7 396.74
climatbambey 2013 4 17 107 19.5 38.4 26.3 7 0 2.9 24.4 396.74
climatbambey 2013 4 18 108 16.8 35.2 26.3 6.3 0 2.9 21.7 396.74
climatbambey 2013 4 19 109 16.2 31.5 25.7 5.5 0 2.9 20.4 396.74
climatbambey 2013 4 20 110 17.5 31.5 24.7 5.5 0 2.9 20.7 396.74
climatbambey 2013 4 21 111 17.2 34 25.4 6.1 0 2.9 20.7 396.74
climatbambey 2013 4 22 112 17.7 37.6 25.8 6.7 0 2.9 23.3 396.74
climatbambey 2013 4 23 113 19 38 25.8 6.7 0 2.9 24.9 396.74
climatbambey 2013 4 24 114 17.8 36 25.7 6.2 0 2.9 24.1 396.74
climatbambey 2013 4 25 115 20.2 38.2 22.5 6.3 0 2.9 25.7 396.74
climatbambey 2013 4 26 116 19.9 39 25.3 6.9 0 2.9 25.5 396.74
climatbambey 2013 4 27 117 19.5 41.6 25.7 7.4 0 2.9 26.7 396.74
climatbambey 2013 4 28 118 19.2 40.3 25.8 7.3 0 2.9 24.9 396.74
climatbambey 2013 4 29 119 20 37.3 26.2 6.9 0 2.9 23.7 396.74
climatbambey 2013 4 30 120 18.5 33.2 26.2 6.1 0 2.9 21.8 396.74
climatbambey 2013 5 1 121 18 36.6 26.7 6.9 0 2.7 20.7 396.74
climatbambey 2013 5 2 122 19 38.8 26.3 7.7 0 2.7 18.1 396.74
climatbambey 2013 5 3 123 19.5 39.8 26 8 0 2.7 18.1 396.74
climatbambey 2013 5 4 124 20 39.8 26.3 8.4 0 2.7 15.2 396.74
climatbambey 2013 5 5 125 20.8 41.2 26.1 8.5 0 2.7 17.3 396.74
climatbambey 2013 5 6 126 19.8 43 26.9 9 0 2.7 16.1 396.74
climatbambey 2013 5 7 127 19.4 44 26.7 9 0 2.7 17.5 396.74
climatbambey 2013 5 8 128 19.5 44 26.1 8.6 0 2.7 21.1 396.74
climatbambey 2013 5 9 129 22 43 25.6 8.1 0 2.7 24.9 396.74
climatbambey 2013 5 10 130 20.5 42.5 25.8 7.6 0 2.7 27 396.74
climatbambey 2013 5 11 131 19.8 37 26.1 6.6 0 2.7 24.6 396.74
climatbambey 2013 5 12 132 20.2 39.2 25.6 6.8 0 2.7 26.7 396.74
climatbambey 2013 5 13 133 20.8 41.2 25.8 7.4 0 2.7 26.7 396.74
climatbambey 2013 5 14 134 21.2 38.5 24.6 6.5 0 2.7 28.2 396.74
climatbambey 2013 5 15 135 22 38.8 25.2 7.3 0 2.7 23.4 396.74
climatbambey 2013 5 16 136 20.5 36.4 25.7 6.7 0 2.7 23.1 396.74
climatbambey 2013 5 17 137 19.2 35.6 23.3 6.1 0 2.7 22.4 396.74
climatbambey 2013 5 18 138 21.2 38.8 23 6.9 0 2.7 22.7 396.74
climatbambey 2013 5 19 139 23 39.8 19.3 6.1 0 2.7 28.5 396.74
climatbambey 2013 5 20 140 23.6 38.9 22.6 6.8 0 2.7 26.2 396.74
climatbambey 2013 5 21 141 23.5 41.2 23.7 7.2 0 2.7 28.4 396.74
climatbambey 2013 5 22 142 24.8 35.8 19.8 5.7 0 2.7 28.1 396.74
climatbambey 2013 5 23 143 24.4 42.8 22.8 7.4 0 2.7 29.7 396.74
climatbambey 2013 5 24 144 25 40.5 20.7 6.6 0 2.7 29.5 396.74
climatbambey 2013 5 25 145 25 41 22.4 7.1 0 2.7 28.9 396.74
climatbambey 2013 5 26 146 25 39.5 17.5 6.2 0 2.7 26.8 396.74
climatbambey 2013 5 27 147 24.5 40.5 23.4 7.1 0 2.7 28.1 396.74
climatbambey 2013 5 28 148 23 39.4 22.7 6.7 0 2.7 27.5 396.74
climatbambey 2013 5 29 149 24.4 39 22.3 6.7 0 2.7 27.6 396.74
climatbambey 2013 5 30 150 24.8 43 22.6 7.2 0 2.7 31.7 396.74
climatbambey 2013 5 31 151 24.6 42.6 18.8 6.6 0 2.7 29.9 396.74
climatbambey 2013 6 1 152 25.2 36.6 12.3 4.4 0 2.5 29.7 396.74
climatbambey 2013 6 2 153 24.5 36.2 19 5.4 0 2.5 29 396.74
climatbambey 2013 6 3 154 23 35.6 22.4 5.9 0 2.5 26.7 396.74
climatbambey 2013 6 4 155 23 35 23.6 5.9 0 2.5 27.2 396.74
climatbambey 2013 6 5 156 22.8 36 24 6.2 0 2.5 26 396.74
climatbambey 2013 6 6 157 22.5 38.6 23.4 6.5 0 2.5 27.4 396.74
climatbambey 2013 6 7 158 22.5 39.5 19.9 6 0 2.5 28.1 396.74
climatbambey 2013 6 8 159 25.5 37.8 19.2 5.8 0 2.5 29.6 396.74
climatbambey 2013 6 9 160 25.5 38.2 14.9 5.3 0 2.5 28.3 396.74
climatbambey 2013 6 10 161 24 41.2 21.4 6.7 0 2.5 29.3 396.74
climatbambey 2013 6 11 162 24.4 35 18.7 5.1 0 2.5 29.4 396.74
climatbambey 2013 6 12 163 24.8 40.4 23.8 7.1 0 2.5 28.3 396.74
climatbambey 2013 6 13 164 24 38.2 21.8 6.1 0 2.5 29.4 396.74
climatbambey 2013 6 14 165 23.8 36.5 18.2 5.2 0 2.5 29.1 396.74
climatbambey 2013 6 15 166 24.8 36.5 21.1 5.9 0 2.5 28 396.74
climatbambey 2013 6 16 167 24.2 37 22.4 6.2 0 2.5 27.4 396.74
climatbambey 2013 6 17 168 24.2 38.5 23.3 6.7 0 2.5 26.6 396.74
climatbambey 2013 6 18 169 24.7 36.6 16.3 5.3 0 2.5 26.6 396.74
climatbambey 2013 6 19 170 23.4 37.6 24 6.4 0 2.5 27.9 396.74
climatbambey 2013 6 20 171 23.4 39.6 22.8 6.5 0 2.5 29.1 396.74
climatbambey 2013 6 21 172 23.9 38.2 23.4 6.4 0 2.5 29.3 396.74
climatbambey 2013 6 22 173 22.8 36.8 23.1 6.1 0 2.5 27.5 396.74
climatbambey 2013 6 23 174 23 37.5 22 6.1 0 2.5 27.5 396.74
climatbambey 2013 6 24 175 22.4 39.9 22.3 6.4 0 2.5 28.5 396.74
climatbambey 2013 6 25 176 23.9 36 20.8 5.7 0 2.5 27.9 396.74
climatbambey 2013 6 26 177 23.8 38 20.6 6.1 0 2.5 26.6 396.74
climatbambey 2013 6 27 178 24.8 36.5 22 6.1 0 2.5 27.7 396.74
climatbambey 2013 6 28 179 22.4 34.4 21.7 5.8 0 2.5 23.8 396.74
climatbambey 2013 6 29 180 24 35.8 18.2 5.5 0 2.5 25.9 396.74
climatbambey 2013 6 30 181 25.4 38 23.6 6.3 11 2.5 32.3 396.74
climatbambey 2013 7 1 182 22.5 34 17.3 4.3 0 2.2 29.5 396.74
climatbambey 2013 7 2 183 24.5 33.8 17.2 4.5 0 2.2 29.9 396.74
climatbambey 2013 7 3 184 25.6 34.8 22.6 5.4 19.2 2.2 32.8 396.74
climatbambey 2013 7 4 185 22.8 33.4 23.3 5.2 0 2.2 29.7 396.74
climatbambey 2013 7 5 186 24.7 34.5 22.7 5.7 0 2.2 28.2 396.74
climatbambey 2013 7 6 187 25.8 34.5 21.5 5.6 0 2.2 28.2 396.74
climatbambey 2013 7 7 188 25 37 17.7 5.3 0 2.2 28.8 396.74
climatbambey 2013 7 8 189 25.4 37 18.3 5.3 0 2.2 29.5 396.74
climatbambey 2013 7 9 190 25.4 36.5 22.4 6 0 2.2 28.7 396.74
climatbambey 2013 7 10 191 24.2 35 21.2 5.4 0 2.2 28.4 396.74
climatbambey 2013 7 11 192 25.4 33.5 24 5.9 0 2.2 27.3 396.74
climatbambey 2013 7 12 193 22.8 36 22.1 5.8 0 2.2 25.6 396.74
climatbambey 2013 7 13 194 25.4 37.4 23.6 6.2 0 2.2 30.1 396.74
climatbambey 2013 7 14 195 26.4 38.8 20.2 5.9 7.5 2.2 31.5 396.74
climatbambey 2013 7 15 196 24.9 36.8 22.6 5.8 0 2.2 31.4 396.74
climatbambey 2013 7 16 197 24.8 35.2 20.5 5.3 0 2.2 29.5 396.74
climatbambey 2013 7 17 198 24.5 33.5 17.9 4.6 8.5 2.2 29.6 396.74
climatbambey 2013 7 18 199 25.5 35 22.7 5.7 0 2.2 29.5 396.74
climatbambey 2013 7 19 200 25.8 34.5 23.6 5.8 0 2.2 30 396.74
climatbambey 2013 7 20 201 24.6 36.2 24.5 5.9 38 2.2 31.5 396.74
climatbambey 2013 7 21 202 23 31.8 17 3.8 0 2.2 30.8 396.74
climatbambey 2013 7 22 203 24.6 34.4 20.6 4.9 1.3 2.2 31.9 396.74
climatbambey 2013 7 23 204 25.8 32.6 17.4 4.1 5.3 2.2 33.2 396.74
climatbambey 2013 7 24 205 25.8 35.2 22 5.3 0 2.2 33.4 396.74
climatbambey 2013 7 25 206 26.5 34.5 20.1 5.1 0 2.2 31.9 396.74
climatbambey 2013 7 26 207 24.6 35.2 19.2 4.9 26 2.2 31.6 396.74
climatbambey 2013 7 27 208 24.4 33.6 22.2 5 0 2.2 32 396.74
climatbambey 2013 7 28 209 26 35.5 22 5.4 0 2.2 33.4 396.74
climatbambey 2013 7 29 210 25.5 34 20.9 5.4 0 2.2 28.4 396.74
climatbambey 2013 7 30 211 26.2 32.5 12.2 3.8 0 2.2 29.2 396.74
climatbambey 2013 7 31 212 23.2 29.2 12.2 2.6 52.9 2.2 31.1 396.74
climatbambey 2013 8 1 213 24.1 30.2 16.8 3.7 0 1.8 30.4 396.74
climatbambey 2013 8 2 214 24.8 30.5 17.7 3.9 2.7 1.8 30.9 396.74
climatbambey 2013 8 3 215 24.9 32 18.8 4.2 1.1 1.8 31.8 396.74
climatbambey 2013 8 4 216 24 34 20.4 4.6 5 1.8 32.2 396.74
climatbambey 2013 8 5 217 24.4 34.2 17.9 4.3 0 1.8 31.8 396.74
climatbambey 2013 8 6 218 24.5 34.5 20.5 4.8 3 1.8 32.4 396.74
climatbambey 2013 8 7 219 24.2 32.8 16.3 3.8 17.1 1.8 31.9 396.74
climatbambey 2013 8 8 220 24.4 33.4 17.9 4.1 0 1.8 33.4 396.74
climatbambey 2013 8 9 221 25.6 32.8 19.1 4.4 0 1.8 32.6 396.74
climatbambey 2013 8 10 222 25.4 32.2 19.1 4.4 0 1.8 32.1 396.74
climatbambey 2013 8 11 223 24.8 33 15.7 3.8 6.5 1.8 32.5 396.74
climatbambey 2013 8 12 224 24 32.7 21.8 4.7 5.6 1.8 32.4 396.74
climatbambey 2013 8 13 225 25 29.5 13.3 3 0.4 1.8 32 396.74
climatbambey 2013 8 14 226 24.5 29.8 15.7 3.4 1.5 1.8 30.9 396.74
climatbambey 2013 8 15 227 24.6 32.2 21.5 4.6 5.1 1.8 32.3 396.74
climatbambey 2013 8 16 228 22.8 30.3 12.5 2.8 34.5 1.8 30.4 396.74
climatbambey 2013 8 17 229 25.5 31 20.1 4.4 0 1.8 31.1 396.74
climatbambey 2013 8 18 230 24.5 31.4 16.7 3.8 0 1.8 31.1 396.74
climatbambey 2013 8 19 231 24.5 29 15.2 3.3 33 1.8 30.9 396.74
climatbambey 2013 8 20 232 23.5 28.5 12.1 2.6 26.2 1.8 30.2 396.74
climatbambey 2013 8 21 233 23.4 30.6 17.1 3.7 19.7 1.8 30.7 396.74
climatbambey 2013 8 22 234 24.4 33.8 23.5 5.1 22 1.8 32.6 396.74
climatbambey 2013 8 23 235 23.2 31 20.2 4.2 0 1.8 30.7 396.74
climatbambey 2013 8 24 236 24.6 33 24.7 5.2 0.5 1.8 32.7 396.74
climatbambey 2013 8 25 237 24 30.2 12.1 2.8 0 1.8 31.2 396.74
climatbambey 2013 8 26 238 24 34.8 21.1 4.9 0.8 1.8 32.4 396.74
climatbambey 2013 8 27 239 25.5 33.8 18.5 4.3 1.5 1.8 34.5 396.74
climatbambey 2013 8 28 240 25.9 33.4 20.5 4.6 0 1.8 34.1 396.74
climatbambey 2013 8 29 241 25.5 34.3 20.4 4.7 14 1.8 34.6 396.74
climatbambey 2013 8 30 242 24.3 30.2 19.7 3.9 101 1.8 33.5 396.74
climatbambey 2013 8 31 243 22.2 28.3 14.7 2.9 1.8 1.8 29.4 396.74
climatbambey 2013 9 1 244 22.8 33.2 25 5.3 0 1.5 29.9 396.74
climatbambey 2013 9 2 245 23.4 33.5 22.5 4.8 0 1.5 32 396.74
climatbambey 2013 9 3 246 24.8 33 23.3 4.9 2 1.5 33.4 396.74
climatbambey 2013 9 4 247 25.2 31.8 22 4.7 12 1.5 32.3 396.74
climatbambey 2013 9 5 248 21.8 31 15.9 3.4 32.4 1.5 29.2 396.74
climatbambey 2013 9 6 249 24.2 27.8 12.1 2.5 13.8 1.5 31.4 396.74
climatbambey 2013 9 7 250 22.2 30.5 20.9 4.2 8.5 1.5 29.3 396.74
climatbambey 2013 9 8 251 24.5 31.8 24.5 5 0 1.5 32.2 396.74
climatbambey 2013 9 9 252 24.2 31 21 4.4 2.3 1.5 31.2 396.74
climatbambey 2013 9 10 253 23.5 32.8 22.8 4.8 0.5 1.5 31.3 396.74
climatbambey 2013 9 11 254 24.4 34.6 23.5 5.2 0 1.5 33 396.74
climatbambey 2013 9 12 255 25.2 34.5 22.6 5.1 0 1.5 33.4 396.74
climatbambey 2013 9 13 256 25.4 36.2 22.3 5.2 12.2 1.5 34 396.74
climatbambey 2013 9 14 257 23.8 31.4 19 4 13 1.5 32.3 396.74
climatbambey 2013 9 15 258 24.8 27.6 11.7 2.4 4.3 1.5 32.1 396.74
climatbambey 2013 9 16 259 24 33.5 19.4 4.3 10.3 1.5 32.2 396.74
climatbambey 2013 9 17 260 23.6 33.5 21.9 4.7 1.5 1.5 32.2 396.74
climatbambey 2013 9 18 261 25 34.8 21.4 4.8 20 1.5 34.4 396.74
climatbambey 2013 9 19 262 23.8 32 16.5 3.5 9.4 1.5 33.3 396.74
climatbambey 2013 9 20 263 22.9 29.5 11.7 2.7 0 1.5 29.2 396.74
climatbambey 2013 9 21 264 23.8 34.5 22.4 4.9 0 1.5 32.3 396.74
climatbambey 2013 9 22 265 25.9 37 23.3 5.5 0 1.5 34.8 396.74
climatbambey 2013 9 23 266 24 35.5 22.7 5.1 0 1.5 32.6 396.74
climatbambey 2013 9 24 267 26 34.2 21.3 4.7 0 1.5 35.2 396.74
climatbambey 2013 9 25 268 25.8 35.2 21 4.8 0 1.5 35.1 396.74
climatbambey 2013 9 26 269 25.4 36.5 21.3 5 1.3 1.5 35.4 396.74
climatbambey 2013 9 27 270 23.5 33.6 15.8 3.7 8.8 1.5 31.6 396.74
climatbambey 2013 9 28 271 23.8 32.2 16.3 3.7 0.7 1.5 31 396.74
climatbambey 2013 9 29 272 24.6 34.2 22.9 4.9 0 1.5 34 396.74
climatbambey 2013 9 30 273 23.5 35.4 22.4 4.9 0 1.5 33.3 396.74
climatbambey 2013 10 1 274 25.8 35.2 21.6 4.9 0 1.4 35.6 396.74
climatbambey 2013 10 2 275 25 36.5 22.2 5.1 0 1.4 33.9 396.74
climatbambey 2013 10 3 276 24.5 36.5 23.6 5.5 0 1.4 30.3 396.74
climatbambey 2013 10 4 277 22.7 35 13.7 3.5 0 1.4 30.2 396.74
climatbambey 2013 10 5 278 22 35 21.1 4.7 2.5 1.4 29.8 396.74
climatbambey 2013 10 6 279 22.5 36.5 21 4.8 11.4 1.4 31.5 396.74
climatbambey 2013 10 7 280 22.4 31.8 13.4 3 25.3 1.4 30.5 396.74
climatbambey 2013 10 8 281 23.8 34.5 19.6 4.3 0 1.4 33.1 396.74
climatbambey 2013 10 9 282 24.8 34 21.8 4.7 0 1.4 33 396.74
climatbambey 2013 10 10 283 23 34.5 21.9 4.8 0 1.4 30.2 396.74
climatbambey 2013 10 11 284 22.4 35 21.3 4.7 10.5 1.4 30.3 396.74
climatbambey 2013 10 12 285 23.4 33.6 18.1 4.1 0 1.4 30 396.74
climatbambey 2013 10 13 286 25.5 36 18.4 4.3 3.7 1.4 35 396.74
climatbambey 2013 10 14 287 23.5 34.2 20.9 4.5 0 1.4 32.2 396.74
climatbambey 2013 10 15 288 24.5 36.8 21.1 4.8 0 1.4 36.1 396.74
climatbambey 2013 10 16 289 25 36.2 21.9 5 0 1.4 34.3 396.74
climatbambey 2013 10 17 290 23.2 35.2 18.1 4.2 0 1.4 31.8 396.74
climatbambey 2013 10 18 291 25 33 12 3 0 1.4 32.6 396.74
climatbambey 2013 10 19 292 26.5 36.8 17.9 4.6 0 1.4 32.6 396.74
climatbambey 2013 10 20 293 23.5 37.8 21.4 5.1 0 1.4 31.7 396.74
climatbambey 2013 10 21 294 23.2 34.5 22.1 4.8 0 1.4 31 396.74
climatbambey 2013 10 22 295 23.8 36 20.9 4.7 2.4 1.4 32.3 396.74
climatbambey 2013 10 23 296 23.4 35.2 22 4.7 0 1.4 33.2 396.74
climatbambey 2013 10 24 297 21.4 37.3 22.1 5 0 1.4 29.8 396.74
climatbambey 2013 10 25 298 21.8 37 21.2 4.9 0 1.4 28.9 396.74
climatbambey 2013 10 26 299 24 33.4 13.5 3.3 0 1.4 30.9 396.74
climatbambey 2013 10 27 300 22 36 20.1 4.6 0 1.4 27.6 396.74
climatbambey 2013 10 28 301 23 32.2 10.6 2.7 0 1.4 29.7 396.74
climatbambey 2013 10 29 302 24.2 32.2 11.6 2.9 0 1.4 30.4 396.74
climatbambey 2013 10 30 303 23.5 35.2 14.9 3.8 0 1.4 28.4 396.74
climatbambey 2013 10 31 304 22.6 34.8 14.4 3.7 0 1.4 27.4 396.74
climatbambey 2013 11 1 305 23.5 34.2 13.1 3.6 0.5 1.5 26.2 396.74
climatbambey 2013 11 2 306 22 32 13.1 3.3 0 1.5 25.8 396.74
climatbambey 2013 11 3 307 22.2 34.8 18.3 4.4 0 1.5 24.9 396.74
climatbambey 2013 11 4 308 18.8 37.2 20.1 4.7 0 1.5 25.5 396.74
climatbambey 2013 11 5 309 20 39 19.8 4.9 0 1.5 27.4 396.74
climatbambey 2013 11 6 310 15.5 39.4 20.7 5.1 0 1.5 22 396.74
climatbambey 2013 11 7 311 16 38.2 21.4 5 0 1.5 22.2 396.74
climatbambey 2013 11 8 312 13.9 38.5 21.2 5 0 1.5 20.1 396.74
climatbambey 2013 11 9 313 18.6 38.4 20.5 4.9 0 1.5 25.1 396.74
climatbambey 2013 11 10 314 17.4 39.5 20.5 5.2 0 1.5 22.1 396.74
climatbambey 2013 11 11 315 16.4 39.4 21.2 5.4 0 1.5 18.6 396.74
climatbambey 2013 11 12 316 15.4 39.5 20.6 5.1 0 1.5 21.2 396.74
climatbambey 2013 11 13 317 16 38 19.8 4.7 0 1.5 22.1 396.74
climatbambey 2013 11 14 318 18.6 37.6 19 4.6 0 1.5 24.1 396.74
climatbambey 2013 11 15 319 18.4 37.5 19.4 4.7 0 1.5 23.4 396.74
climatbambey 2013 11 16 320 18.8 32.8 12 3 0 1.5 24.1 396.74
climatbambey 2013 11 17 321 22.8 31.8 9.6 3.1 0 1.5 22.3 396.74
climatbambey 2013 11 18 322 21.5 32.4 11 3.2 0 1.5 23.3 396.74
climatbambey 2013 11 19 323 19.5 34.5 11.9 3.5 0 1.5 21.2 396.74
climatbambey 2013 11 20 324 21.8 31.4 9.5 3.2 0 1.5 20 396.74
climatbambey 2013 11 21 325 20.8 25.4 9.5 2.6 0 1.5 18.9 396.74
climatbambey 2013 11 22 326 18.8 32.8 12.4 3.5 0 1.5 19.6 396.74
climatbambey 2013 11 23 327 18.6 33 9.6 3.1 0 1.5 19.6 396.74
climatbambey 2013 11 24 328 18.2 35.5 18.6 4.3 0 1.5 23 396.74
climatbambey 2013 11 25 329 17.8 35.5 20.9 4.6 0 1.5 22.3 396.74
climatbambey 2013 11 26 330 18.5 34 16.7 3.8 0 1.5 23.2 396.74
climatbambey 2013 11 27 331 17.6 34.5 17.4 3.9 0 1.5 23.1 396.74
climatbambey 2013 11 28 332 18.2 36.5 19.4 4.4 0 1.5 23.8 396.74
climatbambey 2013 11 29 333 18.5 39.5 19.1 5.1 0 1.5 19.4 396.74
climatbambey 2013 11 30 334 19.2 39.5 18.3 4.9 0 1.5 21.9 396.74
climatbambey 2013 12 1 335 18.6 37 18.2 4.7 0 1.8 22.4 396.74
climatbambey 2013 12 2 336 17.8 38.4 17.8 4.7 0 1.8 23.8 396.74
climatbambey 2013 12 3 337 20.8 37.5 18.7 4.7 0 1.8 26.3 396.74
climatbambey 2013 12 4 338 20.8 38.5 17.7 4.7 0 1.8 26.6 396.74
climatbambey 2013 12 5 339 20 37.8 10.5 3.7 0 1.8 24.7 396.74
climatbambey 2013 12 6 340 19.8 38 16.2 4.7 0 1.8 22.3 396.74
climatbambey 2013 12 7 341 17.5 37.8 17.6 4.7 0 1.8 21.1 396.74
climatbambey 2013 12 8 342 16.2 37 18.9 4.6 0 1.8 22.1 396.74
climatbambey 2013 12 9 343 17 36.5 18.4 4.7 0 1.8 20.2 396.74
climatbambey 2013 12 10 344 14.4 35.8 18.3 4.5 0 1.8 18.6 396.74
climatbambey 2013 12 11 345 17.8 33.5 15.9 4.6 0 1.8 14.3 396.74
climatbambey 2013 12 12 346 15.5 33.6 17.3 4.2 0 1.8 18.2 396.74
climatbambey 2013 12 13 347 16.2 30.5 15.7 3.5 0 1.8 19.8 396.74
climatbambey 2013 12 14 348 16.4 31.8 17.2 4 0 1.8 18.6 396.74
climatbambey 2013 12 15 349 17.4 30.6 12.9 3.4 0 1.8 18.5 396.74
climatbambey 2013 12 16 350 15.8 30.8 15.9 3.7 0 1.8 18.3 396.74
climatbambey 2013 12 17 351 19 32 11.6 3.9 0 1.8 16 396.74
climatbambey 2013 12 18 352 19.4 31 10.5 3.5 0 1.8 17.3 396.74
climatbambey 2013 12 19 353 18.8 30.2 9.9 3.8 0 1.8 12.9 396.74
climatbambey 2013 12 20 354 20 31.5 16.2 4.9 0 1.8 8.4 396.74
climatbambey 2013 12 21 355 16.8 32.5 19.3 4.8 0 1.8 12.9 396.74
climatbambey 2013 12 22 356 16 32 19.5 4.9 0 1.8 10 396.74
climatbambey 2013 12 23 357 14.5 31.6 18.8 4.8 0 1.8 9.4 396.74
climatbambey 2013 12 24 358 15.2 31.2 18.2 4.9 0 1.8 8.2 396.74
climatbambey 2013 12 25 359 15.5 33 15.5 4.7 0 1.8 10.1 396.74
climatbambey 2013 12 26 360 18.5 29.8 14.6 4.6 0 1.8 8.9 396.74
climatbambey 2013 12 27 361 17.5 34.2 15 4.8 0 1.8 11.8 396.74
climatbambey 2013 12 28 362 14.5 35.8 18.5 4.9 0 1.8 14.2 396.74
climatbambey 2013 12 29 363 15 35 18.2 4.6 0 1.8 16.9 396.74
climatbambey 2013 12 30 364 14.4 29.5 18.4 3.8 0 1.8 17.1 396.74
climatbambey 2013 12 31 365 12 32.8 18.8 4.1 0 1.8 16.7 396.74
