climatbambey 2017 1 2 2 20 35.4 17.2 5.3 0 2.1 15 406.76
climatbambey 2017 1 3 3 19.8 36 19.6 6.2 0 2.3 11.6 406.76
climatbambey 2017 1 4 4 19 34.4 19.4 6.5 0 2.6 9.5 406.76
climatbambey 2017 1 5 5 14.6 33.2 19.9 5.5 0 2.2 10.4 406.76
climatbambey 2017 1 6 6 14 34.4 20.1 5.9 0 2.2 8.3 406.76
climatbambey 2017 1 7 7 17 35.8 18.6 4.8 0 2 19.6 406.76
climatbambey 2017 1 8 8 16.2 36.4 14.2 3.7 0 1.3 20.9 406.76
climatbambey 2017 1 9 9 21.5 35.2 12.1 4.9 0 1.8 11.8 406.76
climatbambey 2017 1 10 10 18.9 32.5 11.3 5.4 0 2.3 8.3 406.76
climatbambey 2017 1 11 11 20 33 14.4 5 0 2.3 14.4 406.76
climatbambey 2017 1 12 12 15.4 32.5 20.8 5.4 0 2.2 12.2 406.76
climatbambey 2017 1 13 13 15 33.8 19.9 6.1 0 2.3 7.2 406.76
climatbambey 2017 1 14 14 17.8 31.8 18.8 4.9 0 1.9 13.3 406.76
climatbambey 2017 1 15 15 14.4 33.8 18.4 4.8 0 1.8 13.1 406.76
climatbambey 2017 1 16 16 14.8 34.2 19.5 5.1 0 2 13.7 406.76
climatbambey 2017 1 17 17 20.5 35.5 15.9 4.5 0 2 21.9 406.76
climatbambey 2017 1 18 18 15.5 34.5 17.7 4.4 0 2 19.8 406.76
climatbambey 2017 1 19 19 16 36.5 20.8 5 0 2.1 21.8 406.76
climatbambey 2017 1 20 20 18.6 35 20.5 5.6 0 2.2 16 406.76
climatbambey 2017 1 21 21 19.5 33 20.1 5.8 0 2.6 15 406.76
climatbambey 2017 1 22 22 19 31 20.2 6.4 0 2.9 9.3 406.76
climatbambey 2017 1 23 23 17.8 30.6 20.8 6 0 3 11.9 406.76
climatbambey 2017 1 24 24 14.4 32 21.5 5.4 0 2.2 11.5 406.76
climatbambey 2017 1 25 25 14.8 34.5 21.3 5.6 0 2 11.9 406.76
climatbambey 2017 1 26 26 13.4 35.2 19.5 5.5 0 2 11.5 406.76
climatbambey 2017 1 27 27 16.6 36 20.7 5.9 0 2.1 13 406.76
climatbambey 2017 1 28 28 18.5 36.2 21.7 6 0 2 12.9 406.76
climatbambey 2017 1 29 29 18.5 36 21.5 5.9 0 2.1 15.2 406.76
climatbambey 2017 1 30 30 18.4 35.5 19.1 5.5 0 2.1 15.3 406.76
climatbambey 2017 1 31 31 16.5 34.5 20.1 5.3 0 2 14.8 406.76
climatbambey 2017 2 1 32 14.6 33.6 21.7 5.1 0 2.4 17.9 406.76
climatbambey 2017 2 2 33 16.8 33 21 5.2 0 2.4 17.9 406.76
climatbambey 2017 2 3 34 17.8 33.4 21.7 6 0 2.6 14.4 406.76
climatbambey 2017 2 4 35 16.6 35 21.3 7.2 0 2.6 5.5 406.76
climatbambey 2017 2 5 36 21.8 34 17.9 7.7 0 3 4.7 406.76
climatbambey 2017 2 6 37 18.8 35.8 19.4 6.6 0 2.1 4.7 406.76
climatbambey 2017 2 7 38 20.4 36.8 19.5 7 0 2.3 5.7 406.76
climatbambey 2017 2 8 39 19 36 19.8 6.4 0 2.2 9.9 406.76
climatbambey 2017 2 9 40 16.8 36.2 18.8 6 0 2 9.7 406.76
climatbambey 2017 2 10 41 17.4 36.4 19.7 6 0 2 11.7 406.76
climatbambey 2017 2 11 42 18.4 33.8 14.6 4.7 0 1.9 15.2 406.76
climatbambey 2017 2 12 43 17.8 32.4 19 4.7 0 2 18 406.76
climatbambey 2017 2 13 44 17 33.4 17.5 4.7 0 2 17.9 406.76
climatbambey 2017 2 14 45 18 35.8 19.6 5.2 0 2 20 406.76
climatbambey 2017 2 15 46 17.8 37 22 5.7 0 2.1 20.3 406.76
climatbambey 2017 2 16 47 16.4 35 21.4 5.2 0 2 19.3 406.76
climatbambey 2017 2 17 48 17.4 37.2 22.5 5.6 0 2 21.6 406.76
climatbambey 2017 2 18 49 17.4 36 16.7 4.6 0 2 21.2 406.76
climatbambey 2017 2 19 50 17 35.5 21.2 5.4 0 2 18.6 406.76
climatbambey 2017 2 20 51 18.2 34.4 23 5.4 0 2 20.5 406.76
climatbambey 2017 2 21 52 17 34.2 22.5 5.2 0 2 19.7 406.76
climatbambey 2017 2 22 53 16.8 34 22.5 5.3 0 2 18.3 406.76
climatbambey 2017 2 23 54 17.4 36.2 22.7 6 0 2 16.2 406.76
climatbambey 2017 2 24 55 18.4 37.2 22.7 6.2 0 2 16.1 406.76
climatbambey 2017 2 25 56 19.4 38 22.6 6.6 0 2 14 406.76
climatbambey 2017 2 26 57 20.5 38.5 22.8 6.8 0 2 12.6 406.76
climatbambey 2017 2 27 58 18.8 38.8 22.9 6.7 0 2.1 15.6 406.76
climatbambey 2017 2 28 59 19.4 38.5 22.1 6.7 0 2.2 16.2 406.76
climatbambey 2017 3 1 60 18.8 40.2 21.7 6.4 0 2 19 406.76
climatbambey 2017 3 2 61 20.6 41.5 21.7 7.1 0 2.2 17.1 406.76
climatbambey 2017 3 3 62 19.5 39.5 22.4 7.3 0 2.9 19 406.76
climatbambey 2017 3 4 63 19.8 41 22.3 6.8 0 2.1 18.7 406.76
climatbambey 2017 3 5 64 24.5 39.7 20.8 7.2 0 2.3 16 406.76
climatbambey 2017 3 6 65 22.8 39.6 20.7 7.6 0 2.3 9.1 406.76
climatbambey 2017 3 7 66 17.9 41 22.7 6.9 0 2 15.6 406.76
climatbambey 2017 3 8 67 18.6 41.4 22.4 6.9 0 2.1 18.5 406.76
climatbambey 2017 3 9 68 18.4 42.3 22.9 7.2 0 1.9 13 406.76
climatbambey 2017 3 10 69 20 42.5 23.1 6.8 0 1.6 15.5 406.76
climatbambey 2017 3 11 70 17.5 42.4 22.8 7 0 2 17.8 406.76
climatbambey 2017 3 12 71 19.2 41.7 22.7 7.4 0 2.3 17.6 406.76
climatbambey 2017 3 13 72 18 42 21.9 6.7 0 1.9 18.9 406.76
climatbambey 2017 3 14 73 20.6 41.2 20.8 6 0 1.8 24.8 406.76
climatbambey 2017 3 15 74 18.8 39.4 18.4 5.4 0 1.9 22.6 406.76
climatbambey 2017 3 16 75 21.5 36.8 15.2 4.9 0 2 22.4 406.76
climatbambey 2017 3 17 76 20.8 35.5 21 5.9 0 2.4 20.6 406.76
climatbambey 2017 3 18 77 18.6 31.5 18 5 0 2.4 17.9 406.76
climatbambey 2017 3 19 78 18 33.6 21.5 5.5 0 2.2 18.3 406.76
climatbambey 2017 3 20 79 17.6 36.2 22.6 6.5 0 2.5 16.7 406.76
climatbambey 2017 3 21 80 21.8 38.6 20.5 6.9 0 2.5 17.8 406.76
climatbambey 2017 3 22 81 20.8 39.8 23.3 7.9 0 2.6 14.9 406.76
climatbambey 2017 3 23 82 19.4 38 23.7 7 0 2.6 19.1 406.76
climatbambey 2017 3 24 83 18.8 38 23.1 6.6 0 2.6 21.1 406.76
climatbambey 2017 3 25 84 20.2 37 22.1 6.4 0 2.6 20.9 406.76
climatbambey 2017 3 26 85 18.6 38.5 23.2 6.7 0 2.6 21.1 406.76
climatbambey 2017 3 27 86 21 41.5 18 6.9 0 2.6 20.3 406.76
climatbambey 2017 3 28 87 25.9 41.6 14.9 7.1 0 2.6 17.8 406.76
climatbambey 2017 3 29 88 27 44 11.9 7.4 0 2.6 16.5 406.76
climatbambey 2017 3 30 89 22.2 43.5 23.6 8.3 0 2.6 19 406.76
climatbambey 2017 3 31 90 20 41.5 23.5 7.2 0 2.6 23.7 406.76
climatbambey 2017 4 1 91 22 42.5 16 6.2 0 2.7 26.8 406.76
climatbambey 2017 4 2 92 21 42.2 21.6 6.3 0 1.9 27 406.76
climatbambey 2017 4 3 93 21 41.6 23.7 6.7 0 2 25.8 406.76
climatbambey 2017 4 4 94 19 43.8 24.3 7.2 0 2.2 26 406.76
climatbambey 2017 4 5 95 22.4 44 24.1 8.1 0 2.3 19.6 406.76
climatbambey 2017 4 6 96 20.2 41.8 23.5 6.9 0 1.9 20.9 406.76
climatbambey 2017 4 7 97 21 39 25.1 6.6 0 2 23.8 406.76
climatbambey 2017 4 8 98 19.4 37 24.2 6.1 0 2.3 24.5 406.76
climatbambey 2017 4 9 99 19.6 37.4 24.2 6.1 0 2.2 24.3 406.76
climatbambey 2017 4 10 100 22 40.8 25.2 7.8 0 2.6 21.8 406.76
climatbambey 2017 4 11 101 24 42.8 18.4 7.7 0 2.6 18.3 406.76
climatbambey 2017 4 12 102 26 40.5 15.7 11 0 5.2 13.8 406.76
climatbambey 2017 4 13 103 23.4 41.8 24.6 9.9 0 3.3 12.1 406.76
climatbambey 2017 4 14 104 24.6 41.8 24.3 11.1 0 4 10.7 406.76
climatbambey 2017 4 15 105 21.4 41.8 24.5 9.8 0 3.3 12.1 406.76
climatbambey 2017 4 16 106 23.2 41.5 24.4 8.4 0 2.4 12.9 406.76
climatbambey 2017 4 17 107 21.5 40.4 23.8 7.8 0 2.6 18.4 406.76
climatbambey 2017 4 18 108 20.4 39.4 23.8 7 0 2.8 23.8 406.76
climatbambey 2017 4 19 109 20.1 37 24.8 6.6 0 3.2 25.4 406.76
climatbambey 2017 4 20 110 19.1 36.2 25.2 6.5 0 3.4 24.4 406.76
climatbambey 2017 4 21 111 19.2 35.5 25.3 6.2 0 3.1 24.6 406.76
climatbambey 2017 4 22 112 19 38.5 25.4 6.8 0 2.9 24.5 406.76
climatbambey 2017 4 23 113 18.9 37.4 26.2 6.5 0 2.4 23.8 406.76
climatbambey 2017 4 24 114 19.5 36.4 26.4 6.2 0 2 24.3 406.76
climatbambey 2017 4 25 115 20 37.5 26.1 6.3 0 2.1 25.5 406.76
climatbambey 2017 4 26 116 22.2 40.5 25.8 7.6 0 2.5 23.8 406.76
climatbambey 2017 4 27 117 23.4 39.5 20.5 7.2 0 2.5 18.7 406.76
climatbambey 2017 4 28 118 24 39.8 24.5 7.9 0 2.5 18.7 406.76
climatbambey 2017 4 29 119 21.4 39 24.5 7.5 0 2.5 18.7 406.76
climatbambey 2017 4 30 120 20.7 39 25.2 7.3 0 2.5 20.8 406.76
climatbambey 2017 5 1 121 20.7 41 25.3 7.4 0 2.3 22.5 406.76
climatbambey 2017 5 2 122 20.5 38.2 24.7 6.6 0 2 21.5 406.76
climatbambey 2017 5 3 123 21 35 20.8 5.9 0 2.8 22.9 406.76
climatbambey 2017 5 4 124 20 35 24.8 6.1 0 2.3 22.4 406.76
climatbambey 2017 5 5 125 20.4 36 25.6 6.1 0 2.2 25.2 406.76
climatbambey 2017 5 6 126 21.8 38.5 24.2 6.7 0 2.4 24.4 406.76
climatbambey 2017 5 7 127 23.2 43.5 23.3 7.1 0 1.9 24.9 406.76
climatbambey 2017 5 8 128 24.5 34.8 23.4 6 0 2.1 26 406.76
climatbambey 2017 5 9 129 23.4 38 23.8 6.2 0 2 27.4 406.76
climatbambey 2017 5 10 130 23.6 36 17.2 5.3 0 2.3 24.7 406.76
climatbambey 2017 5 11 131 22.2 35 22.6 5.7 0 2.1 25.2 406.76
climatbambey 2017 5 12 132 22.8 36 23.9 6.4 0 2.2 22.1 406.76
climatbambey 2017 5 13 133 21.4 36.8 23 6 0 2 24 406.76
climatbambey 2017 5 14 134 22.5 36.5 24.8 6.8 0 2.7 23.9 406.76
climatbambey 2017 5 15 135 22.5 40.4 23.7 6.4 0 1.8 27.9 406.76
climatbambey 2017 5 16 136 25 40 23.5 7.2 0 2.6 27.1 406.76
climatbambey 2017 5 17 137 24 35.3 22 6 0 3.1 28.1 406.76
climatbambey 2017 5 18 138 23.9 34 22 5.5 0 3.1 29.4 406.76
climatbambey 2017 5 19 139 23 36.5 23.2 6 0 2.3 27.8 406.76
climatbambey 2017 5 20 140 22.2 35 22.5 5.4 0 1.9 26.6 406.76
climatbambey 2017 5 21 141 21.4 37.4 24.1 6 0 1.9 26.4 406.76
climatbambey 2017 5 22 142 22.6 34 16.7 4.6 0 2 24.8 406.76
climatbambey 2017 5 23 143 24 38.5 23.8 6.2 0 2.1 30.8 406.76
climatbambey 2017 5 24 144 23.5 37 23.4 5.8 0 2 29.9 406.76
climatbambey 2017 5 25 145 24.4 39.5 23.4 6.2 0 1.8 29.6 406.76
climatbambey 2017 5 26 146 23.4 38.5 24.9 6.2 0 1.9 30.5 406.76
climatbambey 2017 5 27 147 22.6 39 24.2 6.3 0 2 28.6 406.76
climatbambey 2017 5 28 148 23 38 17.9 5.4 0 2.1 26.9 406.76
climatbambey 2017 5 29 149 22.7 40 21.8 5.9 0 1.9 30.2 406.76
climatbambey 2017 5 30 150 23.6 40 22.4 6.2 0 2.1 30.3 406.76
climatbambey 2017 5 31 151 23.6 40.5 22.7 6.4 0 2.1 30 406.76
climatbambey 2017 6 1 152 22.9 38.3 25.1 6.4 0 2.2 29 406.76
climatbambey 2017 6 2 153 22.4 38.9 25.2 6.3 0 2.1 30.6 406.76
climatbambey 2017 6 3 154 22 38.5 25.6 6.4 0 2.3 29.5 406.76
climatbambey 2017 6 4 155 22 38.2 24.4 6.2 0 2.3 29.2 406.76
climatbambey 2017 6 5 156 23 37.3 21.4 5.5 0 2.3 30.6 406.76
climatbambey 2017 6 6 157 22.4 37.6 22.9 5.9 0 2.2 29.1 406.76
climatbambey 2017 6 7 158 24.5 36.6 22.9 5.9 0 2 28.9 406.76
climatbambey 2017 6 8 159 24.8 38 23.7 6.3 0 2.1 28.5 406.76
climatbambey 2017 6 9 160 25.5 37.6 19.9 5.7 0 2.1 28.5 406.76
climatbambey 2017 6 10 161 24.8 38.8 22.2 6 0 2.2 31.7 406.76
climatbambey 2017 6 11 162 25.4 36.4 23.7 5.9 0 2.1 31 406.76
climatbambey 2017 6 12 163 24.8 35.6 22.3 5.7 0 2.2 29 406.76
climatbambey 2017 6 13 164 22.1 36.2 24.6 6.2 0 2.8 27.5 406.76
climatbambey 2017 6 14 165 22 37 24.5 5.8 0 1.9 29.3 406.76
climatbambey 2017 6 15 166 22.9 40 24 6.5 0 2.4 30.7 406.76
climatbambey 2017 6 16 167 23.9 39.2 24.7 6.2 0 1.9 32.4 406.76
climatbambey 2017 6 17 168 24 38.8 23.2 6 0 2 31.5 406.76
climatbambey 2017 6 18 169 23.2 38.8 24.3 6.1 0 2 31.4 406.76
climatbambey 2017 6 19 170 24.8 38.2 24 6.3 0 2.1 29.8 406.76
climatbambey 2017 6 20 171 25.4 35.8 21.4 5.3 0 2.4 33.2 406.76
climatbambey 2017 6 21 172 26.8 32.8 22.7 5.6 0 2.6 29.8 406.76
climatbambey 2017 6 22 173 25.5 33 16.2 4 0 2.2 32.5 406.76
climatbambey 2017 6 23 174 27.4 38.4 20.9 5.7 0 2 35 406.76
climatbambey 2017 6 24 175 27.2 37 21.7 6 0 2.4 31.8 406.76
climatbambey 2017 6 25 176 26.4 35 22.8 5.8 0 2.2 30.5 406.76
climatbambey 2017 6 26 177 27 35 22.6 6.1 2 2.8 30.1 406.76
climatbambey 2017 6 27 178 22 28.9 18.2 3.6 99 1.8 29.1 406.76
climatbambey 2017 6 28 179 25.5 33.4 24.5 5.4 24 2 33.3 406.76
climatbambey 2017 6 29 180 25.4 34.8 23.5 5.3 0 1.7 34.8 406.76
climatbambey 2017 6 30 181 26.4 33.8 19.1 4.4 0 1.7 36.3 406.76
climatbambey 2017 7 1 182 22 32 16.5 4.3 7.4 2.4 26 406.76
climatbambey 2017 7 2 183 25.8 33.8 21.3 4.9 3.6 2 34.2 406.76
climatbambey 2017 7 3 184 26 34.5 21.8 4.9 0 1.6 35.3 406.76
climatbambey 2017 7 4 185 26.8 33.6 21.2 5.3 0 2.7 32.2 406.76
climatbambey 2017 7 5 186 26 35.4 22 5.2 0 2 35.6 406.76
climatbambey 2017 7 6 187 25.8 35 18.1 4.4 0.2 1.7 33.9 406.76
climatbambey 2017 7 7 188 26.8 34.8 23.7 5.5 3.5 2 35.3 406.76
climatbambey 2017 7 8 189 26.5 36 22.2 5.3 33.3 2.2 36.7 406.76
climatbambey 2017 7 9 190 23.4 33.5 23.8 4.9 0 2 34.3 406.76
climatbambey 2017 7 10 191 25 33.2 20.5 4.4 0 2.1 35.5 406.76
climatbambey 2017 7 11 192 25.6 33.3 20.5 4.5 0 1.6 35.8 406.76
climatbambey 2017 7 12 193 24.7 33.7 22.1 4.8 4.3 1.3 34.8 406.76
climatbambey 2017 7 13 194 25.6 34.2 23.5 5.1 0 2.4 36.1 406.76
climatbambey 2017 7 14 195 25.8 34 24.3 5.4 0 2 34.8 406.76
climatbambey 2017 7 15 196 23.9 34.4 23.1 5 0 1.3 34.1 406.76
climatbambey 2017 7 16 197 25.2 33.6 19.2 4.3 1.9 1.7 35 406.76
climatbambey 2017 7 17 198 25.7 33.5 23.5 5 0 2.7 36.5 406.76
climatbambey 2017 7 18 199 25.6 34.2 24.3 5.3 0 2.4 36.1 406.76
climatbambey 2017 7 19 200 24 35 20.3 4.8 0 1.9 32.4 406.76
climatbambey 2017 7 20 201 26.4 34.5 24.3 5.5 0.5 2.2 35.9 406.76
climatbambey 2017 7 21 202 26.1 32.9 15.8 4 0 2.6 33.8 406.76
climatbambey 2017 7 22 203 26 32.4 18.2 5 0 2.8 28.8 406.76
climatbambey 2017 7 23 204 23.4 35.5 23.9 5.5 0 1.6 29.4 406.76
climatbambey 2017 7 24 205 24.6 35 20.8 4.9 13 2.1 32.9 406.76
climatbambey 2017 7 25 206 24.6 34 24.7 5.4 0 1.6 33.2 406.76
climatbambey 2017 7 26 207 25 33.6 21.1 4.8 0 2.4 33.8 406.76
climatbambey 2017 7 27 208 25.4 34 23.9 5.4 0 2.6 33.6 406.76
climatbambey 2017 7 28 209 23.3 35.8 23.7 5.3 0 1.6 33.1 406.76
climatbambey 2017 7 29 210 25.7 36.5 23.4 5.4 40 1.3 36.1 406.76
climatbambey 2017 7 30 211 22 33 18.6 3.9 11.8 1.7 32.5 406.76
climatbambey 2017 7 31 212 23.5 30 18.3 3.6 0 1.8 32.1 406.76
climatbambey 2017 8 1 213 24.2 33.9 25.5 5.3 0.4 1.9 34.7 406.76
climatbambey 2017 8 2 214 24 32.8 21.8 4.6 0 1.9 33.8 406.76
climatbambey 2017 8 3 215 25.2 33.2 17.3 3.9 0 1.9 34.6 406.76
climatbambey 2017 8 4 216 24.6 34.1 21.4 4.7 0 1.8 35.1 406.76
climatbambey 2017 8 5 217 24.5 32.8 25.1 5.4 0 1.8 31.2 406.76
climatbambey 2017 8 6 218 23 32.5 23.8 5 0 1.8 30.5 406.76
climatbambey 2017 8 7 219 24.3 33.5 22 4.8 0 1.8 32.7 406.76
climatbambey 2017 8 8 220 25 32.5 22.4 5 21.2 1.8 31 406.76
climatbambey 2017 8 9 221 23.8 32.8 21.2 4.6 0 1.8 31.7 406.76
climatbambey 2017 8 10 222 26.4 33 23.1 5.1 0 1.8 33.8 406.76
climatbambey 2017 8 11 223 26 34 17.4 4.4 2 1.8 31.6 406.76
climatbambey 2017 8 12 224 26 33 14.1 3.5 40 1.8 34 406.76
climatbambey 2017 8 13 225 23.5 32 19.5 4.1 3 1.8 32 406.76
climatbambey 2017 8 14 226 22.8 33.3 18.9 4.2 2.3 1.8 31.5 406.76
climatbambey 2017 8 15 227 25.4 34.2 24.7 5.5 0 1.8 33.3 406.76
climatbambey 2017 8 16 228 25.8 35 24.1 5.5 9 1.8 34.5 406.76
climatbambey 2017 8 17 229 23 32.6 18.2 4 0 1.8 31.9 406.76
climatbambey 2017 8 18 230 22.8 30.8 14.9 3.3 19.4 1.8 30.6 406.76
climatbambey 2017 8 19 231 24.8 32.5 21.6 4.7 18 1.7 33 406.76
climatbambey 2017 8 20 232 22 29 14.6 3 0 1.7 29 406.76
climatbambey 2017 8 21 233 23.8 32.5 24.6 5 0 1.7 32.8 406.76
climatbambey 2017 8 22 234 25.2 32.4 21 4.5 0 1.7 33.5 406.76
climatbambey 2017 8 23 235 25.6 33.8 18 4.3 18.1 1.7 32.9 406.76
climatbambey 2017 8 24 236 23 27.7 13.3 2.7 22.8 1.7 29.6 406.76
climatbambey 2017 8 25 237 24.2 32.2 17.3 3.8 0 1.7 33.1 406.76
climatbambey 2017 8 26 238 24.8 28.2 12.1 2.5 10.3 1.7 32.7 406.76
climatbambey 2017 8 27 239 23.5 33.5 23.8 5.2 7.9 1.7 30.3 406.76
climatbambey 2017 8 28 240 22.9 32.2 22.4 4.6 1.2 1.7 31.1 406.76
climatbambey 2017 8 29 241 24.8 32.7 23.9 5 0 1.5 33.2 406.76
climatbambey 2017 8 30 242 25.2 33.3 24 5.1 0 1.5 33.9 406.76
climatbambey 2017 8 31 243 23.8 31.2 18.2 3.9 0.9 1.5 31.7 406.76
climatbambey 2017 9 1 244 24 34.2 24.1 5.3 0 1.5 31.6 406.76
climatbambey 2017 9 2 245 23.5 33.6 24.8 5.3 0 1.5 31 406.76
climatbambey 2017 9 3 246 23.9 33.6 16.6 3.9 0 1.5 31.8 406.76
climatbambey 2017 9 4 247 24.9 35 23.3 5.2 14 1.5 33 406.76
climatbambey 2017 9 5 248 21.8 30.3 16.7 3.5 0 1.5 28.8 406.76
climatbambey 2017 9 6 249 23.3 34 24.4 5.2 0 1.5 32.6 406.76
climatbambey 2017 9 7 250 24.8 35 20.4 4.7 0 1.5 34.2 406.76
climatbambey 2017 9 8 251 22.5 30.5 12 2.7 9 1.4 30.5 406.76
climatbambey 2017 9 9 252 24.4 35.4 22.5 5 0 1.4 34 406.76
climatbambey 2017 9 10 253 25.5 35 23.4 5.2 0 1.4 34.9 406.76
climatbambey 2017 9 11 254 25.5 34 22 4.9 0 1.4 33.5 406.76
climatbambey 2017 9 12 255 25.7 35.3 24.5 5.5 0 1.4 34.3 406.76
climatbambey 2017 9 13 256 26.8 36.5 22.4 5.3 1.2 1.4 35.9 406.76
climatbambey 2017 9 14 257 25.4 34.6 22.1 5 0 1.4 33.5 406.76
climatbambey 2017 9 15 258 25 34.3 23.2 5.1 0 1.4 32.2 406.76
climatbambey 2017 9 16 259 23.5 33.7 23 4.9 0 1.4 31.3 406.76
climatbambey 2017 9 17 260 23 34.3 22.2 4.9 0 1.4 30.2 406.76
climatbambey 2017 9 18 261 23.9 35 20.8 4.7 18 1.4 32.1 406.76
climatbambey 2017 9 19 262 23 34.1 23.1 4.9 0 1.4 31.4 406.76
climatbambey 2017 9 20 263 26.3 33 22.5 4.9 0 1.4 33.9 406.76
climatbambey 2017 9 21 264 26 37 22.5 5.3 0 1.4 34.9 406.76
climatbambey 2017 9 22 265 25 36 22.8 5.3 0 1.4 31.2 406.76
climatbambey 2017 9 23 266 22.6 34.7 21.3 4.7 0 1.4 30 406.76
climatbambey 2017 9 24 267 24.2 33 14.5 3.4 35 1.4 31.7 406.76
climatbambey 2017 9 25 268 23.8 27.5 11.4 2.4 11 1.4 30.9 406.76
climatbambey 2017 9 26 269 24.9 33.6 20.6 4.5 0 1.4 33.3 406.76
climatbambey 2017 9 27 270 24.3 36.1 22.2 5.1 0 1.4 32.4 406.76
climatbambey 2017 9 28 271 25.5 37.9 21.8 5.3 0 1.5 34.4 406.76
climatbambey 2017 9 29 272 24.5 38.4 23.4 5.6 0 1.5 33.2 406.76
climatbambey 2017 9 30 273 26 37.4 22.4 5.4 0 1.5 34.8 406.76
climatbambey 2017 10 1 274 24 37.5 22.7 5.4 0 1.5 32.8 406.76
climatbambey 2017 10 2 275 24.8 37 22.7 5.3 0 1.5 34.6 406.76
climatbambey 2017 10 3 276 24.2 33.2 17.7 4.1 0 1.4 29.1 406.76
climatbambey 2017 10 4 277 22 28.5 11.9 2.6 4.1 1.4 27.8 406.76
climatbambey 2017 10 5 278 23 36 20.3 4.6 0 1.4 31.7 406.76
climatbambey 2017 10 6 279 26 39.2 22.7 5.7 0 1.4 32 406.76
climatbambey 2017 10 7 280 24.8 38.8 22.9 5.7 0 1.4 29.6 406.76
climatbambey 2017 10 8 281 27.4 37.5 21.5 5.2 0 1.4 36.3 406.76
climatbambey 2017 10 9 282 25 37.3 21.7 5.1 0 1.4 34 406.76
climatbambey 2017 10 10 283 24.2 38.9 22.2 5.4 0 1.4 32.4 406.76
climatbambey 2017 10 11 284 24.2 38.2 22.2 5.2 10.2 1.4 33.9 406.76
climatbambey 2017 10 12 285 22 34 17.5 3.9 0 1.4 30 406.76
climatbambey 2017 10 13 286 24.8 37.5 21.7 5.1 0 1.4 34.4 406.76
climatbambey 2017 10 14 287 25 37.9 20.9 5 0 1.4 34.1 406.76
climatbambey 2017 10 15 288 25.2 38.9 20.8 5.1 0 1.4 34.3 406.76
climatbambey 2017 10 16 289 25.2 35.4 19.1 4.5 3.2 1.4 31.9 406.76
climatbambey 2017 10 17 290 25 36 15.7 3.8 0 1.4 34.9 406.76
climatbambey 2017 10 18 291 25.5 39.8 20 5.2 0 1.4 32.6 406.76
climatbambey 2017 10 19 292 25 39.8 20.6 5.2 0 1.4 32.3 406.76
climatbambey 2017 10 20 293 25 38.8 21.1 5.2 0 1.4 33.3 406.76
climatbambey 2017 10 21 294 24.6 40.6 21.8 5.6 0 1.4 30.7 406.76
climatbambey 2017 10 22 295 19 40.5 22.4 5.5 0 1.4 24.3 406.76
climatbambey 2017 10 23 296 21 41.1 22 5.6 0 1.4 26.6 406.76
climatbambey 2017 10 24 297 24.2 39.2 20.7 5.2 0 1.4 32 406.76
climatbambey 2017 10 25 298 24.4 39.2 21.4 5.4 0 1.4 29.9 406.76
climatbambey 2017 10 26 299 21.5 39.5 21.9 5.3 0 1.4 28.4 406.76
climatbambey 2017 10 27 300 21.3 39.7 21.2 5.2 0 1.4 29.5 406.76
climatbambey 2017 10 28 301 25.2 41.6 21.1 5.5 0 1.4 33.4 406.76
climatbambey 2017 10 29 302 20 41 21.3 5.2 0 1.4 29.9 406.76
climatbambey 2017 10 30 303 23 40 21.1 5.2 0 1.4 32.4 406.76
climatbambey 2017 10 31 304 22.8 39.2 20.5 5 0 1.4 32.1 406.76
climatbambey 2017 11 1 305 24.4 40.5 19.8 5 0 1.3 33.7 406.76
climatbambey 2017 11 2 306 22.2 41.8 21 5.4 0 1.5 32.1 406.76
climatbambey 2017 11 3 307 22.5 41.2 20.4 4.8 0 0.7 31.6 406.76
climatbambey 2017 11 4 308 22 40.2 21.8 5.5 0 1.6 29.8 406.76
climatbambey 2017 11 5 309 20.9 38.5 19.9 4.7 0 1.3 28.4 406.76
climatbambey 2017 11 6 310 22 37.4 19.5 4.6 0 1.7 31.3 406.76
climatbambey 2017 11 7 311 23 33.6 15.9 3.7 0 1.8 31 406.76
climatbambey 2017 11 8 312 22 34.2 15.1 3.7 0 1.8 29.1 406.76
climatbambey 2017 11 9 313 20 38 19.7 4.8 0 1.9 28.2 406.76
climatbambey 2017 11 10 314 24.4 38.7 19 4.6 0 1.4 35.2 406.76
climatbambey 2017 11 11 315 22.8 40 19.6 4.6 0 1.1 34.7 406.76
climatbambey 2017 11 12 316 17.6 39 19 4.9 0 2.8 28.5 406.76
climatbambey 2017 11 13 317 21.6 36.6 17.2 4.5 0 1.7 25.2 406.76
climatbambey 2017 11 14 318 16.8 36.8 20.3 4.8 0 1.6 20.6 406.76
climatbambey 2017 11 15 319 14.8 37.5 20.4 4.7 0 1.4 20.5 406.76
climatbambey 2017 11 16 320 16.8 37.6 20.3 4.5 0 1.1 21.5 406.76
climatbambey 2017 11 17 321 16.3 35.2 12.7 3.3 0 1 19 406.76
climatbambey 2017 11 18 322 13.8 35.8 18.8 4.3 0 1.3 18 406.76
climatbambey 2017 11 19 323 15 36.4 21 5.2 0 2 18.3 406.76
climatbambey 2017 11 20 324 16.5 37 20.8 5.1 0 1.9 20.7 406.76
climatbambey 2017 11 21 325 17.6 37.8 20.8 5 0 1.7 22.5 406.76
climatbambey 2017 11 22 326 20.8 35.2 16.7 4.3 0 1.9 24.4 406.76
climatbambey 2017 11 23 327 19.8 36.8 17.4 4.6 0 1.9 23.7 406.76
climatbambey 2017 11 24 328 22.8 37.5 15 4.2 0 1.7 27.4 406.76
climatbambey 2017 11 25 329 23 36.5 12.9 3.8 0 1.6 26.3 406.76
climatbambey 2017 11 26 330 19.4 38.8 18.1 4.8 0 1.6 23.6 406.76
climatbambey 2017 11 27 331 19 38.7 18.6 5 0 1.9 24.2 406.76
climatbambey 2017 11 28 332 19.5 37.8 17.7 4.7 0 1.6 21.2 406.76
climatbambey 2017 11 29 333 18.3 36.2 12.1 3.5 0 1.4 21.7 406.76
climatbambey 2017 11 30 334 17 37.5 19.7 4.3 0 1.2 24.1 406.76
climatbambey 2017 12 1 335 17.8 38 19.6 5 0 2.1 23.7 406.76
climatbambey 2017 12 2 336 20.5 35.7 12.1 3.8 0 2.4 26 406.76
climatbambey 2017 12 3 337 19.5 36.5 19.8 4.8 0 2.3 26.6 406.76
climatbambey 2017 12 4 338 18.9 37 19.9 4.6 0 1.7 25.6 406.76
climatbambey 2017 12 5 339 19.4 37.5 20.1 5 0 1.9 24.2 406.76
climatbambey 2017 12 6 340 21 36 18.2 4.9 0 2.2 23.7 406.76
climatbambey 2017 12 7 341 18.6 35 19.1 5.5 0 2.2 14.6 406.76
climatbambey 2017 12 8 342 16.8 34 18.6 5.2 0 2.2 14.4 406.76
climatbambey 2017 12 9 343 17 33.6 18.7 5 0 2.1 15 406.76
climatbambey 2017 12 10 344 17 34.5 18.4 5.7 0 2.6 14.1 406.76
climatbambey 2017 12 11 345 17 33.5 17.9 5 0 2 13 406.76
climatbambey 2017 12 12 346 17.2 31.6 19 4.1 0 2 20.2 406.76
climatbambey 2017 12 13 347 15 30.4 20 4 0 2.1 18.8 406.76
climatbambey 2017 12 14 348 13.4 28.6 18.4 3.8 0 2.4 16.9 406.76
climatbambey 2017 12 15 349 16.4 31.4 17.7 4.5 0 2.2 16.2 406.76
climatbambey 2017 12 16 350 17.9 32 14.3 5.3 0 2.2 8.4 406.76
climatbambey 2017 12 17 351 21 32 17.8 5.5 0 2 7.8 406.76
climatbambey 2017 12 18 352 17.5 32 18.7 4.6 0 2.1 16.7 406.76
climatbambey 2017 12 19 353 18.5 33.5 18.3 4.7 0 2 18 406.76
climatbambey 2017 12 20 354 20.5 31.4 17.6 4.7 0 2 15.2 406.76
climatbambey 2017 12 21 355 20.4 30.2 17.4 5.3 0 2.1 7.7 406.76
climatbambey 2017 12 22 356 18 26.8 13.7 6 0 3.1 5.8 406.76
climatbambey 2017 12 23 357 18 25.6 11.5 5.9 0 3.3 5.9 406.76
climatbambey 2017 12 24 358 16.9 27.6 12.5 5 0 2.4 6.8 406.76
climatbambey 2017 12 25 359 15.8 31.8 16.9 4.7 0 1.7 8.3 406.76
climatbambey 2017 12 26 360 18.2 32.5 13.4 5.4 0 2.2 7.8 406.76
climatbambey 2017 12 27 361 21.4 33.4 14.8 5.7 0 2.2 7.8 406.76
climatbambey 2017 12 28 362 18.2 32.8 18.7 5.8 0 2.2 7.5 406.76
climatbambey 2017 12 29 363 16.5 33 19.8 5.9 0 2.2 7.2 406.76
climatbambey 2017 12 30 364 17.5 35 19.1 5.6 0 1.9 8.4 406.76
climatbambey 2017 12 31 365 15 35.5 18.4 5.7 0 2 8.8 406.76
