climatbambey 2003 1 2 2 16 35.1 17.2 5.9 0 2 4.7 375.98
climatbambey 2003 1 3 3 13.3 36.1 17.2 5.2 0 1.6 6.5 375.98
climatbambey 2003 1 4 4 12.1 35.2 17.2 5 0 1.6 7.2 375.98
climatbambey 2003 1 5 5 11.5 34.5 17.2 5.8 0 2.3 8.1 375.98
climatbambey 2003 1 6 6 14 33.5 17.3 5.3 0 2.3 11.6 375.98
climatbambey 2003 1 7 7 13.1 33.5 17.3 5.7 0 2.4 8.7 375.98
climatbambey 2003 1 8 8 15.8 33.6 17.3 5.5 0 2.3 11.2 375.98
climatbambey 2003 1 9 9 14.4 33.1 17.4 5.2 0 2.5 13.4 375.98
climatbambey 2003 1 10 10 17.5 30 17.4 5.2 0 3.4 15.4 375.98
climatbambey 2003 1 11 11 15.5 30 17.4 4.9 0 2.8 13.7 375.98
climatbambey 2003 1 12 12 14.6 29.9 17.5 4.8 0 2.5 12.3 375.98
climatbambey 2003 1 13 13 13 31.2 17.5 4.4 0 1.8 11.8 375.98
climatbambey 2003 1 14 14 15 33.1 17.5 4.7 0 2.3 16.5 375.98
climatbambey 2003 1 15 15 17 30.1 17.6 7 0 3.9 8.4 375.98
climatbambey 2003 1 16 16 12 28.6 17.6 6 0 3.4 7.7 375.98
climatbambey 2003 1 17 17 14 29.3 17.7 5.2 0 3.1 11.8 375.98
climatbambey 2003 1 18 18 16.5 31.6 17.7 5.8 0 3 12 375.98
climatbambey 2003 1 19 19 19.5 32.9 17.8 6.1 0 3.1 14.1 375.98
climatbambey 2003 1 20 20 21 34 17.8 6.2 0 2.7 12.8 375.98
climatbambey 2003 1 21 21 20 33.5 17.8 5.5 0 2 10.9 375.98
climatbambey 2003 1 22 22 20 33.4 17.9 5.6 0 2.1 11 375.98
climatbambey 2003 1 23 23 16 35.1 17.9 5.4 0 1.8 9.5 375.98
climatbambey 2003 1 24 24 15.9 36.5 18 6.7 0 3 12.8 375.98
climatbambey 2003 1 25 25 19.1 37.6 18 6.8 0 2.5 10.2 375.98
climatbambey 2003 1 26 26 23 35 18.1 7.6 0 3.1 8 375.98
climatbambey 2003 1 27 27 21 29.6 18.2 7.5 0 3.4 4.4 375.98
climatbambey 2003 1 28 28 17 31.4 18.2 6.6 0 2.7 5.3 375.98
climatbambey 2003 1 29 29 17 31.1 18.3 5.6 0 2.3 9.3 375.98
climatbambey 2003 1 30 30 15.5 31.6 18.3 6.2 0 2.8 8.6 375.98
climatbambey 2003 1 31 31 16 32.6 18.4 7.5 0 3.5 6.7 375.98
climatbambey 2003 2 1 32 16 32.1 19.3 6.6 0 3.4 10.8 375.98
climatbambey 2003 2 2 33 16.4 35.5 19.4 6.2 0 2.6 12.9 375.98
climatbambey 2003 2 3 34 15.9 38.4 19.4 7 0 2.8 12.8 375.98
climatbambey 2003 2 4 35 17.8 39 19.5 7.2 0 2.7 12.2 375.98
climatbambey 2003 2 5 36 18.8 38.7 19.5 6.8 0 2.2 10.1 375.98
climatbambey 2003 2 6 37 17.2 39 19.6 7.6 0 2.9 11.2 375.98
climatbambey 2003 2 7 38 17.5 37.6 19.7 6.2 0 3.1 19.9 375.98
climatbambey 2003 2 8 39 16.5 29.7 19.7 4.5 0 3.3 19.4 375.98
climatbambey 2003 2 9 40 16.6 27.1 19.8 4.3 0 3.3 17.8 375.98
climatbambey 2003 2 10 41 16.8 29 19.8 4.9 0 2.8 15.8 375.98
climatbambey 2003 2 11 42 17.9 24.5 19.9 3.8 0 1.8 17.4 375.98
climatbambey 2003 2 12 43 17.8 30.5 20 4.9 0 2.6 17.8 375.98
climatbambey 2003 2 13 44 18.6 30 20 5.5 0 4 18.4 375.98
climatbambey 2003 2 14 45 17.9 30.4 20.1 6 0 4.1 16.1 375.98
climatbambey 2003 2 15 46 16 32 20.2 5.9 0 3.8 16.1 375.98
climatbambey 2003 2 16 47 15.7 33.6 20.2 6.7 0 3.5 13.3 375.98
climatbambey 2003 2 17 48 17.5 33.5 20.3 7.7 0 3.2 6.7 375.98
climatbambey 2003 2 18 49 17.5 35 20.3 6.2 0 2.3 12.1 375.98
climatbambey 2003 2 19 50 17.4 35.6 20.4 7.1 0 2.6 8.3 375.98
climatbambey 2003 2 20 51 16.4 36 20.5 5.7 0 2.3 17.7 375.98
climatbambey 2003 2 21 52 13.8 33.1 20.5 5.3 0 3 17.5 375.98
climatbambey 2003 2 22 53 14.1 35.5 20.6 5.6 0 2.8 18.5 375.98
climatbambey 2003 2 23 54 17.3 31.1 20.7 5.1 0 3 18.9 375.98
climatbambey 2003 2 24 55 17 32.1 20.7 6.1 0 4.3 17.9 375.98
climatbambey 2003 2 25 56 15.9 32 20.8 5.5 0 3.7 18.3 375.98
climatbambey 2003 2 26 57 15.6 35.1 20.8 6.4 0 3.6 17.1 375.98
climatbambey 2003 2 27 58 18.5 38.6 20.9 7.9 0 3.1 13.1 375.98
climatbambey 2003 2 28 59 20.5 38.4 21 7.8 0 2.6 9 375.98
climatbambey 2003 3 1 60 17.4 40.5 21.4 7.4 0 2.6 14.8 375.98
climatbambey 2003 3 2 61 24.1 37.7 21.4 7.3 0 2.4 12.5 375.98
climatbambey 2003 3 3 62 23.1 38 21.5 7.7 0 2.4 7.2 375.98
climatbambey 2003 3 4 63 22 38.7 21.5 8.2 0 2.8 9.7 375.98
climatbambey 2003 3 5 64 20.5 37.5 21.6 8.7 0 3.2 7.6 375.98
climatbambey 2003 3 6 65 18.8 37.5 21.7 7.5 0 2.4 8.2 375.98
climatbambey 2003 3 7 66 20.8 40.1 21.7 6.8 0 1.8 11.5 375.98
climatbambey 2003 3 8 67 18.7 40.4 21.8 6 0 1.9 23.2 375.98
climatbambey 2003 3 9 68 18.5 39.4 21.8 5.4 0 1.3 22.4 375.98
climatbambey 2003 3 10 69 20.2 39.4 21.9 7.9 0 2.7 12.6 375.98
climatbambey 2003 3 11 70 19.1 38.6 21.9 8.7 0 2.9 6 375.98
climatbambey 2003 3 12 71 18.6 36.5 22 7 0 3.8 19.9 375.98
climatbambey 2003 3 13 72 16 35.5 22 5.7 0 2.6 20 375.98
climatbambey 2003 3 14 73 16.6 37.9 22.1 6.5 0 2.9 20.1 375.98
climatbambey 2003 3 15 74 18 40.5 22.1 7.7 0 3.8 21.5 375.98
climatbambey 2003 3 16 75 16.4 34.6 22.2 8 0 4.9 14.5 375.98
climatbambey 2003 3 17 76 18 35.1 22.2 7 0 4 18.4 375.98
climatbambey 2003 3 18 77 17.6 37.6 22.3 7.3 0 3.9 19.6 375.98
climatbambey 2003 3 19 78 19.4 40 22.3 7.7 0 3.9 22.7 375.98
climatbambey 2003 3 20 79 17.6 37.2 22.3 7.2 0 4 20.1 375.98
climatbambey 2003 3 21 80 17 27.6 22.4 5.8 0 4.5 15.6 375.98
climatbambey 2003 3 22 81 15.8 31.4 22.4 5.8 0 3.4 16.9 375.98
climatbambey 2003 3 23 82 15 35 22.5 6.2 0 2.7 16.3 375.98
climatbambey 2003 3 24 83 16.3 37.1 22.5 7.2 0 3 15.4 375.98
climatbambey 2003 3 25 84 18.6 38.6 22.5 7.5 0 3 17.4 375.98
climatbambey 2003 3 26 85 18.8 39 22.6 8.1 0 3.1 14.5 375.98
climatbambey 2003 3 27 86 18.6 38.4 22.6 8.1 0 3.3 14.6 375.98
climatbambey 2003 3 28 87 19.1 40.7 22.6 8 0 3.3 19.4 375.98
climatbambey 2003 3 29 88 19.3 40.8 22.7 7.7 0 3.4 22.1 375.98
climatbambey 2003 3 30 89 16.5 40.9 22.7 7.4 0 3.1 20.9 375.98
climatbambey 2003 3 31 90 18.5 41.4 22.7 11.2 0 4.6 10.4 375.98
climatbambey 2003 4 1 91 23 42.1 23.1 11.8 0 4.3 7.6 375.98
climatbambey 2003 4 2 92 21.4 42.7 23.1 8.8 0 2.6 11.4 375.98
climatbambey 2003 4 3 93 17 39.9 23.1 8.1 0 3.4 17.3 375.98
climatbambey 2003 4 4 94 17.6 37.8 23.2 7.8 0 4 18.6 375.98
climatbambey 2003 4 5 95 17.5 33.1 23.2 6.8 0 3.7 16.3 375.98
climatbambey 2003 4 6 96 18 32.1 23.2 6.2 0 3.9 18.9 375.98
climatbambey 2003 4 7 97 18 30.9 23.2 6.3 0 4.1 17.6 375.98
climatbambey 2003 4 8 98 17.5 30.9 23.2 6.3 0 3.6 16.3 375.98
climatbambey 2003 4 9 99 16.7 33.4 23.3 6.9 0 4.2 17.2 375.98
climatbambey 2003 4 10 100 17.6 35.6 23.3 7.3 0 3.6 17.1 375.98
climatbambey 2003 4 11 101 18.5 39.1 23.3 8.7 0 3.8 16 375.98
climatbambey 2003 4 12 102 17.3 42 23.3 10.4 0 3.7 9.8 375.98
climatbambey 2003 4 13 103 20 36.2 23.3 7.9 0 3.6 16 375.98
climatbambey 2003 4 14 104 19 36.1 23.3 7.7 0 4 18.2 375.98
climatbambey 2003 4 15 105 16.6 36.6 23.4 7.6 0 3.6 16.2 375.98
climatbambey 2003 4 16 106 17.5 39 23.4 7.7 0 2.9 16.3 375.98
climatbambey 2003 4 17 107 18.5 38.6 23.4 7.3 0 2.7 17.6 375.98
climatbambey 2003 4 18 108 19.5 39.4 23.4 7.8 0 3.1 18.9 375.98
climatbambey 2003 4 19 109 19.5 39.9 23.4 7.3 0 2.8 21.1 375.98
climatbambey 2003 4 20 110 19 38.6 23.4 6.8 0 2.7 21.6 375.98
climatbambey 2003 4 21 111 18 38.5 23.4 7.7 0 3.7 19.6 375.98
climatbambey 2003 4 22 112 19.1 39.1 23.4 8.7 0 4.5 19.3 375.98
climatbambey 2003 4 23 113 20 40.8 23.4 9.5 0 4.3 17.6 375.98
climatbambey 2003 4 24 114 21.6 41.6 23.4 10.2 0 4.4 17 375.98
climatbambey 2003 4 25 115 21.5 43.7 23.4 8.9 0 2.7 15.2 375.98
climatbambey 2003 4 26 116 22.4 42.5 23.4 8.1 0 2.5 18.8 375.98
climatbambey 2003 4 27 117 23 42.1 23.4 7.4 0 2.1 20.8 375.98
climatbambey 2003 4 28 118 21.5 37.6 23.4 7.3 0 2.9 20.1 375.98
climatbambey 2003 4 29 119 21.4 37.6 23.4 6.8 0 2.9 23.9 375.98
climatbambey 2003 4 30 120 21.5 41.4 23.4 6.4 0 1.7 26.7 375.98
climatbambey 2003 5 1 121 24.5 42.1 22.8 8 0 2.4 18.2 375.98
climatbambey 2003 5 2 122 21.6 40.1 22.8 6.9 0 2.4 23.8 375.98
climatbambey 2003 5 3 123 20.4 36.1 22.8 6.6 0 2.9 21.5 375.98
climatbambey 2003 5 4 124 20.5 38.1 22.8 6.8 0 2.7 22.2 375.98
climatbambey 2003 5 5 125 21.1 40.7 22.8 7.1 0 2.4 22.3 375.98
climatbambey 2003 5 6 126 20.5 36.3 22.8 6.4 0 2.6 21.9 375.98
climatbambey 2003 5 7 127 21.1 36.5 22.8 6.7 0 2.8 21.2 375.98
climatbambey 2003 5 8 128 20.8 37.5 22.8 6.7 0 2.7 22.2 375.98
climatbambey 2003 5 9 129 20 36 22.8 6.4 0 3.1 22.9 375.98
climatbambey 2003 5 10 130 19.5 36.4 22.8 6.1 0 2.8 23.9 375.98
climatbambey 2003 5 11 131 19 35.9 22.8 6.3 0 3.1 22.5 375.98
climatbambey 2003 5 12 132 19 34.2 22.8 5.8 0 2.9 22.5 375.98
climatbambey 2003 5 13 133 19 36.1 22.7 6.1 0 2.8 23.2 375.98
climatbambey 2003 5 14 134 19 36.6 22.7 6.1 0 2.8 23.3 375.98
climatbambey 2003 5 15 135 19 36.4 22.7 6.3 0 3.2 23.4 375.98
climatbambey 2003 5 16 136 18.9 35.2 22.7 6 0 3.2 23.2 375.98
climatbambey 2003 5 17 137 20 37.4 22.7 6.4 0 2.9 24 375.98
climatbambey 2003 5 18 138 19.5 37.1 22.7 6.2 0 2.7 23.8 375.98
climatbambey 2003 5 19 139 20.3 39.1 22.7 6.4 0 2.6 26.1 375.98
climatbambey 2003 5 20 140 24 41.5 22.7 8.5 0 4 25.5 375.98
climatbambey 2003 5 21 141 25 38.8 22.7 8 0 3.7 23.6 375.98
climatbambey 2003 5 22 142 24.8 34.5 22.7 6 0 2.6 26.6 375.98
climatbambey 2003 5 23 143 22.8 39.1 22.6 6.8 0 2.9 26.7 375.98
climatbambey 2003 5 24 144 22.5 38.1 22.6 6.7 0 2.9 25.5 375.98
climatbambey 2003 5 25 145 22.2 36.5 22.6 6.5 0 3.3 25.7 375.98
climatbambey 2003 5 26 146 22 40.4 22.6 6.4 0 2 26.1 375.98
climatbambey 2003 5 27 147 20 39 22.6 7.2 0 3.3 23.1 375.98
climatbambey 2003 5 28 148 20.9 34.1 22.6 5.9 0 3.2 24.2 375.98
climatbambey 2003 5 29 149 19.5 32.6 22.6 5.6 0 3.1 22.2 375.98
climatbambey 2003 5 30 150 18 33.1 22.6 5.7 0 3.3 21.6 375.98
climatbambey 2003 5 31 151 19.4 35 22.6 6.3 0 3.6 22.7 375.98
climatbambey 2003 6 1 152 20.5 35.5 20.8 6.1 0 3.5 24 375.98
climatbambey 2003 6 2 153 21 37 20.8 5.8 0 2.5 25.6 375.98
climatbambey 2003 6 3 154 19.6 36 20.8 5.9 0 3 23.3 375.98
climatbambey 2003 6 4 155 21 35.7 20.8 6 0 3.1 24.3 375.98
climatbambey 2003 6 5 156 21.4 36.9 20.8 5.9 0 2.7 25.5 375.98
climatbambey 2003 6 6 157 23.5 37.5 20.8 6.3 0 3 26.9 375.98
climatbambey 2003 6 7 158 22.5 38.5 20.8 6.5 0 2.9 25.3 375.98
climatbambey 2003 6 8 159 24.1 37.3 20.8 6.2 0 2.7 26.5 375.98
climatbambey 2003 6 9 160 24 37 20.8 6.3 0 2.9 26.2 375.98
climatbambey 2003 6 10 161 21.5 36.1 20.8 5.7 3.6 2.6 25.5 375.98
climatbambey 2003 6 11 162 21.6 37.1 20.8 5 0 1 24.9 375.98
climatbambey 2003 6 12 163 20.5 37.1 20.8 5.7 0 2.3 24.3 375.98
climatbambey 2003 6 13 164 20.6 37.8 20.8 6 0 2.7 25.3 375.98
climatbambey 2003 6 14 165 22 39.6 20.8 6.3 0 2.7 27.1 375.98
climatbambey 2003 6 15 166 24 36.6 20.7 5.8 0 2.7 28.5 375.98
climatbambey 2003 6 16 167 23.6 38.7 20.7 6.5 0 3 27.2 375.98
climatbambey 2003 6 17 168 23 33.5 20.7 5.5 0 3.1 26.5 375.98
climatbambey 2003 6 18 169 22.7 35 20.7 6.1 0 3.2 24.6 375.98
climatbambey 2003 6 19 170 23.3 35.8 20.7 5.8 0 2.9 27.1 375.98
climatbambey 2003 6 20 171 21.6 34.5 20.7 5.8 0 3.3 25 375.98
climatbambey 2003 6 21 172 23.4 34 20.7 6.1 0 3.8 25.4 375.98
climatbambey 2003 6 22 173 22.6 33.1 20.7 5.1 0 1.9 24.7 375.98
climatbambey 2003 6 23 174 22 35 20.7 5.6 0 2.9 25.9 375.98
climatbambey 2003 6 24 175 22.6 35.5 20.7 6.1 0 3.1 24.7 375.98
climatbambey 2003 6 25 176 22 35.6 20.7 5.6 0 2.9 26.9 375.98
climatbambey 2003 6 26 177 22.5 36 20.7 6.1 0 3.4 26.2 375.98
climatbambey 2003 6 27 178 24.5 35.2 20.7 5.9 0 3.1 27.8 375.98
climatbambey 2003 6 28 179 21.5 34.6 20.7 5.1 2.6 2.2 26.5 375.98
climatbambey 2003 6 29 180 22.1 33.6 20.7 5.6 0 3.1 24.9 375.98
climatbambey 2003 6 30 181 25 35.1 20.7 5.9 0.5 3.3 28.5 375.98
climatbambey 2003 7 1 182 25.5 33.2 20.5 5.4 0 2.5 27.6 375.98
climatbambey 2003 7 2 183 23.1 33.9 20.5 5.6 0 3.3 26.7 375.98
climatbambey 2003 7 3 184 24 34.5 20.5 5.5 0 2.8 27.4 375.98
climatbambey 2003 7 4 185 25.2 37 20.5 5.8 0 2.3 28.9 375.98
climatbambey 2003 7 5 186 24.5 35.4 20.5 5.9 0 2.8 26.9 375.98
climatbambey 2003 7 6 187 23.9 34.6 20.5 5.9 0 2.9 25.4 375.98
climatbambey 2003 7 7 188 24.5 33.4 20.5 5.3 0 2.5 27.6 375.98
climatbambey 2003 7 8 189 24 36.4 20.5 5.9 0 3.1 28.3 375.98
climatbambey 2003 7 9 190 25.6 33 20.5 5.6 0 3.2 27.7 375.98
climatbambey 2003 7 10 191 24.5 34 20.5 5.2 0 2.3 28.6 375.98
climatbambey 2003 7 11 192 24.4 34.6 20.5 4.9 0 2.4 32.8 375.98
climatbambey 2003 7 12 193 24.5 33.4 20.5 5.7 0 3.5 27 375.98
climatbambey 2003 7 13 194 24 36.1 20.5 5.7 6 2.5 27.9 375.98
climatbambey 2003 7 14 195 24 34.8 20.5 5.5 0.2 2.4 27.3 375.98
climatbambey 2003 7 15 196 24.6 36.1 20.5 6 0 2.6 26.2 375.98
climatbambey 2003 7 16 197 25.1 34.5 20.5 5.2 0 2 29.2 375.98
climatbambey 2003 7 17 198 23.2 31 20.5 4.5 0 1.7 27.8 375.98
climatbambey 2003 7 18 199 23.6 34.2 20.5 5.3 0 2.3 26.9 375.98
climatbambey 2003 7 19 200 24.6 34.9 20.5 5.7 41 2.7 27.6 375.98
climatbambey 2003 7 20 201 25.1 33.7 20.5 5.3 0.1 2.5 28.9 375.98
climatbambey 2003 7 21 202 22.6 32.6 20.5 4.6 0 1.9 29.2 375.98
climatbambey 2003 7 22 203 23 30.1 20.5 4.5 0 2.8 27.6 375.98
climatbambey 2003 7 23 204 24 33.8 20.5 5.2 19 3 29.5 375.98
climatbambey 2003 7 24 205 25.5 34.1 20.6 5.5 19 2.6 28.7 375.98
climatbambey 2003 7 25 206 25.1 33.6 20.6 5.1 0 1.9 28.8 375.98
climatbambey 2003 7 26 207 24.5 30.5 20.6 4.4 0 1.3 29.7 375.98
climatbambey 2003 7 27 208 23 34.1 20.6 4.8 0 2 30 375.98
climatbambey 2003 7 28 209 22.1 34.1 20.6 4.7 0 1.9 29.8 375.98
climatbambey 2003 7 29 210 25.5 34 20.6 5.1 3.7 2.1 30.5 375.98
climatbambey 2003 7 30 211 24.1 32.5 20.6 5.1 17 3 28.7 375.98
climatbambey 2003 7 31 212 25 32.5 20.6 4.9 0.2 2 29.2 375.98
climatbambey 2003 8 1 213 24.5 32.6 20.4 4.7 0 1.5 29.3 375.98
climatbambey 2003 8 2 214 23.4 33.4 20.4 4.9 0 2 28 375.98
climatbambey 2003 8 3 215 24.5 34.1 20.4 5 0 1.9 28.7 375.98
climatbambey 2003 8 4 216 23.5 34.1 20.4 4.9 0 1.9 29.1 375.98
climatbambey 2003 8 5 217 23.5 33.6 20.4 5.1 0 2.6 28.3 375.98
climatbambey 2003 8 6 218 23.6 34.1 20.4 5.2 0 2 26.6 375.98
climatbambey 2003 8 7 219 24 34.2 20.4 5.4 0 2.9 28.4 375.98
climatbambey 2003 8 8 220 26 33.1 20.4 5.4 0 3.5 30.6 375.98
climatbambey 2003 8 9 221 25.5 33.6 20.4 5.2 0 2.8 30.8 375.98
climatbambey 2003 8 10 222 24.7 30.6 20.4 4.5 0 1.7 28.3 375.98
climatbambey 2003 8 11 223 23 31.9 20.4 4.8 2.9 1.7 25.3 375.98
climatbambey 2003 8 12 224 23.5 35.5 20.4 5.5 0 1.9 24.5 375.98
climatbambey 2003 8 13 225 25 34.6 20.4 5.6 0 2.9 28.7 375.98
climatbambey 2003 8 14 226 24.5 36.1 20.4 5.9 0 3.1 28.5 375.98
climatbambey 2003 8 15 227 24.1 33.1 20.4 5.3 0 3.1 28 375.98
climatbambey 2003 8 16 228 23.4 31.1 20.4 4.2 0 1.2 30.6 375.98
climatbambey 2003 8 17 229 24.1 34 20.4 4.6 0 1.9 33.3 375.98
climatbambey 2003 8 18 230 21.5 31.1 20.4 4.1 0 1.4 29.9 375.98
climatbambey 2003 8 19 231 24 31.4 20.4 4.6 13.9 2.1 29 375.98
climatbambey 2003 8 20 232 23 33.9 20.4 4.6 41.9 1.8 31 375.98
climatbambey 2003 8 21 233 25 33.4 20.4 4.7 0 2.2 32.8 375.98
climatbambey 2003 8 22 234 20.6 30.4 20.3 4 0 1.4 28.7 375.98
climatbambey 2003 8 23 235 22.4 30.1 20.3 4 0 1.4 30.2 375.98
climatbambey 2003 8 24 236 25 32.1 20.3 4.4 18.5 2.1 33.2 375.98
climatbambey 2003 8 25 237 22.1 29.7 20.3 4.1 14.3 2.3 28.4 375.98
climatbambey 2003 8 26 238 23.2 32.6 20.3 4.5 0 2.1 30.4 375.98
climatbambey 2003 8 27 239 24 35.1 20.3 4.7 0 1.7 32.9 375.98
climatbambey 2003 8 28 240 25.2 33.1 20.3 4.6 0 2 32.5 375.98
climatbambey 2003 8 29 241 23.5 33.1 20.3 4.4 0 1.2 31 375.98
climatbambey 2003 8 30 242 25 35 20.3 4.7 0 1.3 32.7 375.98
climatbambey 2003 8 31 243 24.5 32.6 20.2 4.4 0 1.5 32.8 375.98
climatbambey 2003 9 1 244 23.1 35.6 20 4.7 0 1.4 31.3 375.98
climatbambey 2003 9 2 245 24.1 33.1 20 4.5 9.5 1.9 31.1 375.98
climatbambey 2003 9 3 246 25 33.1 20 4.7 3.5 2.1 31.3 375.98
climatbambey 2003 9 4 247 24 34.1 20 4.5 0 1.2 31.5 375.98
climatbambey 2003 9 5 248 22 29.1 19.9 3.8 0 0.9 30.4 375.98
climatbambey 2003 9 6 249 24 32.1 19.9 4.3 0 1.5 31.6 375.98
climatbambey 2003 9 7 250 23.4 33.6 19.9 4.5 1 1.3 30 375.98
climatbambey 2003 9 8 251 25.5 34 19.9 4.7 15.2 1.7 32.4 375.98
climatbambey 2003 9 9 252 23.5 28.6 19.8 3.8 0.6 1.2 31 375.98
climatbambey 2003 9 10 253 23 31 19.8 4.1 0 1.2 30.7 375.98
climatbambey 2003 9 11 254 24.5 33 19.8 4.4 14 1.8 32 375.98
climatbambey 2003 9 12 255 25 33 19.8 4.5 36.6 1.8 31.6 375.98
climatbambey 2003 9 13 256 22 33 19.7 4.2 2.5 1 28.6 375.98
climatbambey 2003 9 14 257 24.7 35.5 19.7 4.6 0 1.2 32.9 375.98
climatbambey 2003 9 15 258 21.4 32.4 19.7 4.2 12 1.5 28.2 375.98
climatbambey 2003 9 16 259 23.5 34.6 19.6 4.4 0 1.2 32.3 375.98
climatbambey 2003 9 17 260 24 29.6 19.6 3.9 1.1 1.3 32.2 375.98
climatbambey 2003 9 18 261 23.5 29.9 19.6 4 0 1.3 29.9 375.98
climatbambey 2003 9 19 262 23.6 33.4 19.5 4.2 5.6 1 32.7 375.98
climatbambey 2003 9 20 263 24.5 32.6 19.5 4.3 18.5 1.5 31.4 375.98
climatbambey 2003 9 21 264 25 31.6 19.5 4.2 22 1.3 31.2 375.98
climatbambey 2003 9 22 265 24.8 31.9 19.4 4.2 0 0.9 30.7 375.98
climatbambey 2003 9 23 266 23.7 32.6 19.4 4.3 0 1.5 29.4 375.98
climatbambey 2003 9 24 267 23.3 32 19.4 4.1 0 0.9 28.5 375.98
climatbambey 2003 9 25 268 24 35 19.3 4.5 0 1.4 30.9 375.98
climatbambey 2003 9 26 269 23.5 36.9 19.3 4.6 0 1.1 30.9 375.98
climatbambey 2003 9 27 270 25.3 33.5 19.2 4.4 0 1.8 33.4 375.98
climatbambey 2003 9 28 271 25.6 36.5 19.2 9.2 0 1.93 30.4 375.98
climatbambey 2003 9 29 272 23.5 36.1 19.1 4.6 0 1.5 30.8 375.98
climatbambey 2003 9 30 273 26 36.4 19.1 4.9 0 1.7 31.6 375.98
climatbambey 2003 10 1 274 21.6 31.6 20.4 4.1 0 1.5 29.4 375.98
climatbambey 2003 10 2 275 24 34.4 20.4 4.5 0 1.2 31 375.98
climatbambey 2003 10 3 276 25 35.1 20.3 5 21.9 1.9 30.4 375.98
climatbambey 2003 10 4 277 25 37.1 20.3 5 0 1.7 33.1 375.98
climatbambey 2003 10 5 278 23 32.6 20.2 4.4 0 1.5 28.2 375.98
climatbambey 2003 10 6 279 23.5 35.5 20.2 4.6 0 1.1 28.9 375.98
climatbambey 2003 10 7 280 25.5 36 20.1 5.1 0 1.6 29 375.98
climatbambey 2003 10 8 281 23.6 34.3 20.1 4.7 0 1.6 28.6 375.98
climatbambey 2003 10 9 282 23.1 35.9 20 4.6 0 1.2 29.1 375.98
climatbambey 2003 10 10 283 23.6 36.6 20 4.8 14.5 1.7 31.6 375.98
climatbambey 2003 10 11 284 24.6 37.5 19.9 5 1.2 1.6 30.9 375.98
climatbambey 2003 10 12 285 24 37.5 19.9 4.9 0 1.4 30.6 375.98
climatbambey 2003 10 13 286 25 35.9 19.8 4.8 0 1.7 32 375.98
climatbambey 2003 10 14 287 23 37.6 19.7 4.8 0 1.7 31.7 375.98
climatbambey 2003 10 15 288 24.8 37.1 19.7 5 0 2 32.9 375.98
climatbambey 2003 10 16 289 23.5 37 19.6 4.7 0 1.3 30.3 375.98
climatbambey 2003 10 17 290 24.6 37.2 19.6 4.7 0 1.5 33.3 375.98
climatbambey 2003 10 18 291 23 37.4 19.5 4.7 0 1.3 29.4 375.98
climatbambey 2003 10 19 292 24 36.8 19.5 4.9 0 1.5 28.4 375.98
climatbambey 2003 10 20 293 23 34.5 19.4 4.5 0 1.6 28.2 375.98
climatbambey 2003 10 21 294 22 30.6 19.3 3.9 0 1.7 28.2 375.98
climatbambey 2003 10 22 295 21.6 31.6 19.3 3.9 0 1.4 29.4 375.98
climatbambey 2003 10 23 296 23.1 33.5 19.2 4.3 81 1.5 29 375.98
climatbambey 2003 10 24 297 23.6 33.1 19.2 4.4 29.5 1.7 27.8 375.98
climatbambey 2003 10 25 298 24 32.4 19.1 4.4 13 1.7 27 375.98
climatbambey 2003 10 26 299 22.9 33 19 4.4 0 1.7 26 375.98
climatbambey 2003 10 27 300 22.5 34.4 19 4.8 0.7 2.1 25.6 375.98
climatbambey 2003 10 28 301 23.5 36.4 18.9 4.4 0 1.2 30.9 375.98
climatbambey 2003 10 29 302 23 37.6 18.9 4.4 0 1.1 30.6 375.98
climatbambey 2003 10 30 303 23.5 36.2 18.8 4.4 0 1.2 29.9 375.98
climatbambey 2003 10 31 304 24 34 18.8 4.4 0 1.9 29.8 375.98
climatbambey 2003 11 1 305 22 33.6 19.1 4.4 0 1.7 25.6 375.98
climatbambey 2003 11 2 306 20.5 34.4 19 4.2 0 1.3 26.5 375.98
climatbambey 2003 11 3 307 19.5 36.5 18.9 4.2 0 1 25.3 375.98
climatbambey 2003 11 4 308 21.1 36.5 18.9 4.4 0 1.3 27.1 375.98
climatbambey 2003 11 5 309 22 38.6 18.8 5 0 1.6 25.5 375.98
climatbambey 2003 11 6 310 21 37.6 18.8 4.6 0 1.3 25.5 375.98
climatbambey 2003 11 7 311 17.5 37.6 18.7 4.4 0 1.3 23.2 375.98
climatbambey 2003 11 8 312 19.4 36.1 18.7 4.3 0 1.3 24.4 375.98
climatbambey 2003 11 9 313 19.4 35.2 18.6 4.5 0 1.8 24.1 375.98
climatbambey 2003 11 10 314 21.5 35.2 18.6 4.6 0 1.7 24.1 375.98
climatbambey 2003 11 11 315 23.5 36.1 18.5 4.4 0 1.2 26 375.98
climatbambey 2003 11 12 316 21 38.4 18.5 4.7 0 1.3 22.1 375.98
climatbambey 2003 11 13 317 18.4 38 18.4 4.5 0 1.2 21.4 375.98
climatbambey 2003 11 14 318 18.4 35.6 18.4 4.4 0 1.3 20 375.98
climatbambey 2003 11 15 319 14.5 35.6 18.3 4.2 0 1.3 17.8 375.98
climatbambey 2003 11 16 320 17.5 36.1 18.3 4.5 0 1.2 15.1 375.98
climatbambey 2003 11 17 321 16.5 35.5 18.2 4 0 1.2 21.3 375.98
climatbambey 2003 11 18 322 16.3 36 18.2 4.1 0 1.3 21.9 375.98
climatbambey 2003 11 19 323 15.5 33.1 18.1 4 0 1.5 19.3 375.98
climatbambey 2003 11 20 324 19.5 30.5 18.1 3.7 0 1.2 22 375.98
climatbambey 2003 11 21 325 18.2 34.5 18 4.2 0 1.6 22.6 375.98
climatbambey 2003 11 22 326 19.6 34.4 18 4.6 0 1.8 20.1 375.98
climatbambey 2003 11 23 327 19 31.8 17.9 4 0 1.5 20.3 375.98
climatbambey 2003 11 24 328 18.7 34.2 17.9 4.6 0 2.1 21.1 375.98
climatbambey 2003 11 25 329 23.5 36.2 17.9 5 0 2.1 24.6 375.98
climatbambey 2003 11 26 330 20.3 34.7 17.8 4.5 0 1.8 22.2 375.98
climatbambey 2003 11 27 331 21 35.6 17.8 4.5 0 1.7 23.8 375.98
climatbambey 2003 11 28 332 18.5 36.8 17.8 4.5 0 1.6 21.8 375.98
climatbambey 2003 11 29 333 20 37.6 17.7 4.4 0 1.2 19 375.98
climatbambey 2003 11 30 334 18 38.1 17.7 4.6 0 1.7 22.7 375.98
climatbambey 2003 12 1 335 19 37.1 16.9 4.7 0 1.7 19.3 375.98
climatbambey 2003 12 2 336 18 35 16.9 4.2 0 1.5 19.7 375.98
climatbambey 2003 12 3 337 15.2 33.1 16.9 3.9 0 1.7 18.8 375.98
climatbambey 2003 12 4 338 14 31.6 16.9 3.8 0 1.6 16.6 375.98
climatbambey 2003 12 5 339 13.5 33.5 16.8 3.9 0 1.4 16.4 375.98
climatbambey 2003 12 6 340 20.3 32.2 16.8 4 0 1.5 20 375.98
climatbambey 2003 12 7 341 21 32.1 16.8 3.6 0 1.2 24.8 375.98
climatbambey 2003 12 8 342 18.5 37 16.8 4.1 0 1.5 24.6 375.98
climatbambey 2003 12 9 343 19 37.1 16.8 4.6 0 1.6 18.8 375.98
climatbambey 2003 12 10 344 17.5 38.9 16.7 4.2 0 1.3 23.9 375.98
climatbambey 2003 12 11 345 17.5 36.2 16.7 4.1 0 1.6 23 375.98
climatbambey 2003 12 12 346 16 35 16.7 4 0 1.7 21.5 375.98
climatbambey 2003 12 13 347 14.5 36 16.7 3.7 0 1.3 22.5 375.98
climatbambey 2003 12 14 348 17.5 34.1 16.7 4 0 1.6 20.9 375.98
climatbambey 2003 12 15 349 16 33.8 16.7 4 0 1.3 15.3 375.98
climatbambey 2003 12 16 350 14.6 35 16.7 4.1 0 1.3 14.2 375.98
climatbambey 2003 12 17 351 15.6 35.5 16.7 4.1 0 1.4 17.2 375.98
climatbambey 2003 12 18 352 15.3 35 16.7 4.1 0 1.3 14.9 375.98
climatbambey 2003 12 19 353 15.6 36.1 16.7 4.2 0 1.2 14 375.98
climatbambey 2003 12 20 354 15.5 36.6 16.7 4 0 1.1 16.9 375.98
climatbambey 2003 12 21 355 17.5 36.1 16.7 3.9 0 1.2 20.4 375.98
climatbambey 2003 12 22 356 17.5 35 16.7 3.8 0 1.1 18.2 375.98
climatbambey 2003 12 23 357 20 34.6 16.7 3.9 0 1 15.1 375.98
climatbambey 2003 12 24 358 18 35.1 16.7 4.3 0 1.5 16.8 375.98
climatbambey 2003 12 25 359 16.4 35.9 16.7 5.8 0 2 7.3 375.98
climatbambey 2003 12 26 360 18 34.1 16.7 5.9 0 2.3 8.3 375.98
climatbambey 2003 12 27 361 18.4 31.6 16.7 5.8 0 2.4 7.3 375.98
climatbambey 2003 12 28 362 16 30.6 16.7 5.1 0 2.1 7.7 375.98
climatbambey 2003 12 29 363 16.5 29.5 16.7 4.9 0 2 7.4 375.98
climatbambey 2003 12 30 364 15.5 33.5 16.8 4.6 0 1.5 8.8 375.98
climatbambey 2003 12 31 365 12.1 34.6 16.8 4.7 0 1.6 9.9 375.98
