climatbambey 2016 1 2 2 18.8 32 16.4 4.8 0 2 13.1 404.41
climatbambey 2016 1 3 3 21 30.6 16.4 5.1 0 2 9.5 404.41
climatbambey 2016 1 4 4 21 34.7 16.4 4.7 0 1.5 12.2 404.41
climatbambey 2016 1 5 5 16.8 34.4 16.4 5.1 0 2 12.5 404.41
climatbambey 2016 1 6 6 15.5 32.8 16.4 4.5 0 2 14.7 404.41
climatbambey 2016 1 7 7 14.8 33.6 16.4 3.9 0 1.5 17.2 404.41
climatbambey 2016 1 8 8 15.2 34.4 16.4 4.6 0 2 16.1 404.41
climatbambey 2016 1 9 9 17.5 35.5 16.4 5 0 2.3 18 404.41
climatbambey 2016 1 10 10 17.8 36.5 16.4 4.8 0 1.8 16.5 404.41
climatbambey 2016 1 11 11 17.8 37 16.9 5.5 0 2 12.8 404.41
climatbambey 2016 1 12 12 22.4 38 16.9 5.6 0 1.8 12.2 404.41
climatbambey 2016 1 13 13 22.5 40 16.9 5.3 0 2 24.4 404.41
climatbambey 2016 1 14 14 16.2 39.4 16.9 5.2 0 2 19.6 404.41
climatbambey 2016 1 15 15 17.4 37.2 16.9 4.9 0 2 19.4 404.41
climatbambey 2016 1 16 16 16.4 38.8 18.5 5 0 1.5 15.9 404.41
climatbambey 2016 1 17 17 20 37.8 18.5 5.8 0 2 13.9 404.41
climatbambey 2016 1 18 18 17.4 38.2 18.5 5.5 0 1.8 13.8 404.41
climatbambey 2016 1 19 19 15 38 18.5 4.6 0 1.3 16.4 404.41
climatbambey 2016 1 20 20 18.8 36.2 18.5 5.1 0 1.8 16.3 404.41
climatbambey 2016 1 21 21 17 36.8 18.4 5.5 0 2 14.4 404.41
climatbambey 2016 1 22 22 15 36.5 18.4 6 0 2.3 12.1 404.41
climatbambey 2016 1 23 23 20.8 37 18.4 6 0 2 11.1 404.41
climatbambey 2016 1 24 24 20.4 36 18.4 5.9 0 2 11.3 404.41
climatbambey 2016 1 25 25 21.5 38 18.4 6.1 0 2 13 404.41
climatbambey 2016 1 26 26 20.5 35 19 5.9 0 2 10.2 404.41
climatbambey 2016 1 27 27 20.5 35 19 5.7 0 1.8 9.3 404.41
climatbambey 2016 1 28 28 19 36.5 19 5.6 0 1.8 12.5 404.41
climatbambey 2016 1 29 29 17 36.5 19 5.7 0 2 13.2 404.41
climatbambey 2016 1 30 30 19 36.2 19 8.2 0 3.8 10.5 404.41
climatbambey 2016 1 31 31 21.5 35.8 19.3 8.4 0 3.5 7.3 404.41
climatbambey 2016 2 1 32 21.4 33.5 18.2 7.4 0 3 7 404.41
climatbambey 2016 2 2 33 20.2 32.2 10 5.9 0 2.5 6.6 404.41
climatbambey 2016 2 3 34 17.4 34.5 19.4 6.4 0 2.3 7.4 404.41
climatbambey 2016 2 4 35 18.8 36.5 19.5 6.8 0 2.3 6.7 404.41
climatbambey 2016 2 5 36 14.4 37.4 18.8 5.7 0 2 13.5 404.41
climatbambey 2016 2 6 37 16.8 38.2 17.4 6 0 2 11 404.41
climatbambey 2016 2 7 38 20.8 39.2 19.1 7.1 0 2.5 12.7 404.41
climatbambey 2016 2 8 39 23.8 37.2 16 7.9 0 3 7.4 404.41
climatbambey 2016 2 9 40 23.5 35 14.2 6.3 0 2.3 8.3 404.41
climatbambey 2016 2 10 41 20.2 35.4 10.3 5.9 0 2.3 8 404.41
climatbambey 2016 2 11 42 18.5 37.5 17.9 6.1 0 2 11.1 404.41
climatbambey 2016 2 12 43 21.9 36.8 20.2 6.5 0 2 9.4 404.41
climatbambey 2016 2 13 44 19.5 36.5 22.6 6.6 0 2 9.4 404.41
climatbambey 2016 2 14 45 19.2 37 22.4 6.4 0 2 12.4 404.41
climatbambey 2016 2 15 46 18.5 36.4 22.7 6.3 0 2 12.3 404.41
climatbambey 2016 2 16 47 19.4 34.2 21.4 6.4 0 2.5 13.2 404.41
climatbambey 2016 2 17 48 17.4 33.8 21.1 5.6 0 1.8 11.5 404.41
climatbambey 2016 2 18 49 17 35 21 6.2 0 2 9.1 404.41
climatbambey 2016 2 19 50 15.4 30.2 22.1 5.5 0 2.8 14 404.41
climatbambey 2016 2 20 51 14.8 26.6 15.1 4.4 0 3 13.3 404.41
climatbambey 2016 2 21 52 15.4 32 21.6 5.3 0 2 13.6 404.41
climatbambey 2016 2 22 53 19.5 34.8 20.1 6.4 0 2.5 13.7 404.41
climatbambey 2016 2 23 54 21.5 39.2 21.2 7.3 0 2.3 11.5 404.41
climatbambey 2016 2 24 55 21.8 40.4 19.8 6.8 0 2 12.4 404.41
climatbambey 2016 2 25 56 22.8 40.5 19.7 6.9 0 2 11.4 404.41
climatbambey 2016 2 26 57 21.4 41.2 22.7 7.8 0 2.3 11.4 404.41
climatbambey 2016 2 27 58 22.5 38.8 22.4 7.3 0 2.3 12.6 404.41
climatbambey 2016 2 28 59 19.8 33.5 15.4 6.4 0 3 12.2 404.41
climatbambey 2016 2 29 60 19.8 33.4 15.3 5.4 0 2 11.5 404.41
climatbambey 2016 3 1 61 20.8 33.8 11.3 4.8 0 2 14.5 404.41
climatbambey 2016 3 2 62 19.4 37.5 15.2 5.6 0 2 14.7 404.41
climatbambey 2016 3 3 63 21.8 39 21.2 7.3 0 2.3 11.3 404.41
climatbambey 2016 3 4 64 22.8 39 15.3 6.4 0 2 9.8 404.41
climatbambey 2016 3 5 65 20.5 40 19.1 6.8 0 2 11.4 404.41
climatbambey 2016 3 6 66 24.2 38.4 21.1 8.9 0 3.3 10.3 404.41
climatbambey 2016 3 7 67 22.2 38 22.7 7.5 0 2.5 13.4 404.41
climatbambey 2016 3 8 68 19.7 37.2 23 7.6 0 3 15.1 404.41
climatbambey 2016 3 9 69 19 36 22.4 6 0 2.3 20 404.41
climatbambey 2016 3 10 70 17.8 33.5 23.3 5.7 0 3 21.2 404.41
climatbambey 2016 3 11 71 16.2 34.2 23.3 5.8 0 2.8 19.7 404.41
climatbambey 2016 3 12 72 16.5 35.5 23.8 6 0 2.8 20.5 404.41
climatbambey 2016 3 13 73 16 33.2 23.5 5.5 0 2.5 19 404.41
climatbambey 2016 3 14 74 16.8 33.2 23.2 5.3 0 2 19.5 404.41
climatbambey 2016 3 15 75 16.8 36.5 23.1 5.7 0 2 21.3 404.41
climatbambey 2016 3 16 76 19.8 38.5 23.7 6.1 0 2 24.8 404.41
climatbambey 2016 3 17 77 21.5 38.6 24.1 6.7 0 2 19.8 404.41
climatbambey 2016 3 18 78 19 38.5 23.8 6.1 0 2 23.3 404.41
climatbambey 2016 3 19 79 18.8 40 23.6 6.4 0 2 23.2 404.41
climatbambey 2016 3 20 80 17.2 38.4 23.1 6.2 0 2.3 21.9 404.41
climatbambey 2016 3 21 81 19 34.8 23.5 5.9 0 2.8 22.9 404.41
climatbambey 2016 3 22 82 19.8 36.5 21.4 7 0 3 17.3 404.41
climatbambey 2016 3 23 83 21.5 35.5 21.9 7.7 0 3 12.3 404.41
climatbambey 2016 3 24 84 19 31.5 19.1 6.7 0 3.5 13 404.41
climatbambey 2016 3 25 85 21.6 35 24.5 7.6 0 3 14.8 404.41
climatbambey 2016 3 26 86 16 37.5 24.5 7 0 2.3 13.9 404.41
climatbambey 2016 3 27 87 22.5 37.8 22.2 9.1 0 3.3 8.8 404.41
climatbambey 2016 3 28 88 21.8 39.4 23.4 7.4 0 2 9.7 404.41
climatbambey 2016 3 29 89 19.5 37.4 23.8 6 0 2 23.9 404.41
climatbambey 2016 3 30 90 18.4 31.4 24.2 5.5 0 2.5 19.8 404.41
climatbambey 2016 3 31 91 17.4 32 23.9 5.5 0 2.3 19 404.41
climatbambey 2016 4 1 92 17.4 34.8 24.3 5.9 0 2.3 20.5 404.41
climatbambey 2016 4 2 93 18.6 33.8 23.9 5.6 0 2.3 21.9 404.41
climatbambey 2016 4 3 94 18.4 34 23 5.5 0 2.3 21.6 404.41
climatbambey 2016 4 4 95 18.8 37.4 23.6 6.4 0 2.5 21.7 404.41
climatbambey 2016 4 5 96 20 38.5 21.9 7.1 0 2.5 17.3 404.41
climatbambey 2016 4 6 97 18.6 35 23 6.1 0 3 21.7 404.41
climatbambey 2016 4 7 98 16.8 33 24.2 5.6 0 2.8 20.6 404.41
climatbambey 2016 4 8 99 16.9 31.5 20.7 5.3 0 3.3 19.6 404.41
climatbambey 2016 4 9 100 16.8 33 23.7 5.6 0 2.8 20.8 404.41
climatbambey 2016 4 10 101 16.5 33.7 25.8 6.1 0 2.8 19.8 404.41
climatbambey 2016 4 11 102 17.4 37.4 24.2 6 0 2 21.9 404.41
climatbambey 2016 4 12 103 19.8 40.4 23.6 6.6 0 2.3 25.2 404.41
climatbambey 2016 4 13 104 22.4 43.6 23.8 8.9 0 2.8 16.9 404.41
climatbambey 2016 4 14 105 29 44.5 23.9 9.9 0 3 15.8 404.41
climatbambey 2016 4 15 106 23 44 24.5 8.5 0 2.5 19.1 404.41
climatbambey 2016 4 16 107 24 43.5 22.1 9.5 0 3.8 20.7 404.41
climatbambey 2016 4 17 108 24 44.5 21.7 9.3 0 3.5 21.6 404.41
climatbambey 2016 4 18 109 24.5 44 23.7 8.1 0 2.3 21.6 404.41
climatbambey 2016 4 19 110 21.8 42.5 23.9 8.1 0 2.8 21.8 404.41
climatbambey 2016 4 20 111 22.8 44 24.9 8 0 2.3 23.2 404.41
climatbambey 2016 4 21 112 23.8 45.2 24.6 10.8 0 4 19.1 404.41
climatbambey 2016 4 22 113 25 45.5 23.5 10.9 0 3.8 16.5 404.41
climatbambey 2016 4 23 114 22.5 39.4 22.5 6.3 0 2 25.5 404.41
climatbambey 2016 4 24 115 20.8 35.4 23.4 5.8 0 2.3 24.5 404.41
climatbambey 2016 4 25 116 20.6 32.6 23.4 5.3 0 2.3 24.9 404.41
climatbambey 2016 4 26 117 20.2 33.4 25.2 5.6 0 2.3 25.2 404.41
climatbambey 2016 4 27 118 20.4 35.2 24.5 5.7 0 2 25.2 404.41
climatbambey 2016 4 28 119 20.4 34.2 25.1 5.8 0 2.3 25 404.41
climatbambey 2016 4 29 120 19.8 34.5 24.9 5.7 0 2 24.5 404.41
climatbambey 2016 4 30 121 20.8 37 25.2 6.2 0 2.5 26.9 404.41
climatbambey 2016 5 1 122 22.8 39 24.2 6.6 0 2.3 27.2 404.41
climatbambey 2016 5 2 123 23 37.5 23.8 6.3 0 2 25.4 404.41
climatbambey 2016 5 3 124 21.8 37.8 23.1 6.7 0 2.8 24.3 404.41
climatbambey 2016 5 4 125 21 37.5 24.4 7 0 2.8 21.9 404.41
climatbambey 2016 5 5 126 21.5 34.5 21 6.1 0 3 22.3 404.41
climatbambey 2016 5 6 127 20 34.8 23.8 6.1 0 3 23.9 404.41
climatbambey 2016 5 7 128 20.4 34.8 19 5.1 0 2 22.9 404.41
climatbambey 2016 5 8 129 19.8 35.3 24.3 5.8 0 2 23.4 404.41
climatbambey 2016 5 9 130 19 37.2 25.6 6.4 0 2.3 23.9 404.41
climatbambey 2016 5 10 131 20.2 37.8 25.5 6.4 0 2 23.8 404.41
climatbambey 2016 5 11 132 22.4 38.5 25.1 7.1 0 2.3 21.6 404.41
climatbambey 2016 5 12 133 23.4 37.6 21.3 6.6 0 2.3 20.5 404.41
climatbambey 2016 5 13 134 23 39 24.5 7.4 0 2.3 19.3 404.41
climatbambey 2016 5 14 135 22 39.8 21.5 6.4 0 2 22.8 404.41
climatbambey 2016 5 15 136 22.6 40.2 24.1 7.3 0 2.3 21.6 404.41
climatbambey 2016 5 16 137 22.5 34.2 19.7 5 0 2 25.6 404.41
climatbambey 2016 5 17 138 20.4 34.8 25.2 6 0 2.3 23.6 404.41
climatbambey 2016 5 18 139 21 40 25.3 6.6 0 2 26.9 404.41
climatbambey 2016 5 19 140 21 40 24.8 6.8 0 2 23.1 404.41
climatbambey 2016 5 20 141 21.4 36 25 6.1 0 2.3 26 404.41
climatbambey 2016 5 21 142 20 34.4 24.6 5.9 0 2.3 22.9 404.41
climatbambey 2016 5 22 143 19.8 34.8 21.2 5.2 0 2 24.1 404.41
climatbambey 2016 5 23 144 20.4 36 22.9 5.9 0 2.8 25.4 404.41
climatbambey 2016 5 24 145 21.4 33 23 5.6 0 2.3 23.1 404.41
climatbambey 2016 5 25 146 20 32.4 24.3 5.4 0 2 23 404.41
climatbambey 2016 5 26 147 20.2 34.8 24.3 5.7 0 2.3 25.1 404.41
climatbambey 2016 5 27 148 21 38.9 21.5 6.1 0 2.3 26.2 404.41
climatbambey 2016 5 28 149 23.4 37.4 19.1 6.1 0 2.5 24.1 404.41
climatbambey 2016 5 29 150 25.4 37.9 23.1 7 0 2.5 24 404.41
climatbambey 2016 5 30 151 23.8 43.2 22 7.2 0 2 22.5 404.41
climatbambey 2016 5 31 152 23 37.4 23.4 6.6 0 2.5 24.9 404.41
climatbambey 2016 6 1 153 24 39.5 21.1 5.9 0 2 30.2 404.41
climatbambey 2016 6 2 154 23 38 19 6 0 2.3 24 404.41
climatbambey 2016 6 3 155 23 41.4 22.1 6.6 0 2 25.7 404.41
climatbambey 2016 6 4 156 23.4 36.2 22.7 6.2 0 2.3 24.1 404.41
climatbambey 2016 6 5 157 22.4 39.5 23.4 6.2 0 2 28.4 404.41
climatbambey 2016 6 6 158 21.5 36.8 24.1 5.9 0 2 26.5 404.41
climatbambey 2016 6 7 159 21.8 38.5 24.2 6.1 0 2 28.5 404.41
climatbambey 2016 6 8 160 23 38.8 23.6 6.3 0 2.3 29 404.41
climatbambey 2016 6 9 161 22.5 36.4 22.2 5.4 0 2.3 30.2 404.41
climatbambey 2016 6 10 162 24.8 33 23.2 5.4 0 2.8 30.7 404.41
climatbambey 2016 6 11 163 24.4 34.2 22.5 5.5 0 2.3 29.1 404.41
climatbambey 2016 6 12 164 25 34.6 19.5 5.1 0 2.3 29.8 404.41
climatbambey 2016 6 13 165 24.2 36.2 20.5 5.4 0 2 27.9 404.41
climatbambey 2016 6 14 166 23 37 23.7 5.9 0 2 28.4 404.41
climatbambey 2016 6 15 167 23.4 36.8 23.4 5.9 0 2.3 29.7 404.41
climatbambey 2016 6 16 168 23 34 23.8 5.7 0 2.3 27 404.41
climatbambey 2016 6 17 169 23 35.5 23.7 5.7 0 2 28.2 404.41
climatbambey 2016 6 18 170 22.4 37.8 23.2 6.2 0 2.5 27.7 404.41
climatbambey 2016 6 19 171 24 39.5 24.6 6.6 0 2 28.1 404.41
climatbambey 2016 6 20 172 25.2 38.6 22.8 6.2 0 2 29.3 404.41
climatbambey 2016 6 21 173 23.4 38.4 22.6 6.4 0 2.5 27.7 404.41
climatbambey 2016 6 22 174 26 33.5 21 5.5 0 2.5 28 404.41
climatbambey 2016 6 23 175 23.8 34.6 24.5 6 0 2 25.5 404.41
climatbambey 2016 6 24 176 24.6 37.5 23.6 6.1 0 2.3 31.1 404.41
climatbambey 2016 6 25 177 25.5 35.8 20.3 5.1 0 1.8 31.9 404.41
climatbambey 2016 6 26 178 25.5 39 24.1 6.2 0 2 34 404.41
climatbambey 2016 6 27 179 25 39.5 23.3 6.5 0 2.5 32.1 404.41
climatbambey 2016 6 28 180 24.8 36.2 20.1 5.3 0 2 29.5 404.41
climatbambey 2016 6 29 181 24.5 38.5 24.2 6.2 0 1.8 29.6 404.41
climatbambey 2016 6 30 182 25.4 33 12.8 3.9 0 2.5 29.6 404.41
climatbambey 2016 7 1 183 25.6 37.2 22.5 6 0 2 29 404.41
climatbambey 2016 7 2 184 25 35.8 18.9 5.1 0 1.8 28.7 404.41
climatbambey 2016 7 3 185 26.4 37.2 17.9 5.1 0 1.8 31 404.41
climatbambey 2016 7 4 186 25.8 36.5 22.9 5.9 0 2 30.4 404.41
climatbambey 2016 7 5 187 25.8 38.8 15.6 5 0 2 30.7 404.41
climatbambey 2016 7 6 188 25 36.9 23.2 5.9 0 2 30.9 404.41
climatbambey 2016 7 7 189 24.5 36.2 21.9 5.5 0 2 30.3 404.41
climatbambey 2016 7 8 190 25 37 24.4 6.1 0 2 30.1 404.41
climatbambey 2016 7 9 191 24.2 35.8 18.7 5 0 2.3 30.1 404.41
climatbambey 2016 7 10 192 25.4 35 24.3 5.9 0 2.5 30.9 404.41
climatbambey 2016 7 11 193 23.8 34 23.5 5.7 0 2.5 27.5 404.41
climatbambey 2016 7 12 194 24.4 34 23.1 5.6 0 2 27.1 404.41
climatbambey 2016 7 13 195 24.2 34.8 24.2 6.1 0 2.3 26.2 404.41
climatbambey 2016 7 14 196 25.8 37 22.9 6 0 2.3 31.7 404.41
climatbambey 2016 7 15 197 22.6 34.5 17.4 4.3 2.2 1.8 29.5 404.41
climatbambey 2016 7 16 198 24.5 35 24 5.4 0 1.1 28.9 404.41
climatbambey 2016 7 17 199 24.6 37.5 22.8 5.8 0 1.9 30.9 404.41
climatbambey 2016 7 18 200 26.1 35.2 23.9 5.6 0 1.9 33 404.41
climatbambey 2016 7 19 201 25.3 35.5 16.6 4.4 0 1.4 29.1 404.41
climatbambey 2016 7 20 202 26 33 16.1 3.8 9.7 1 32.4 404.41
climatbambey 2016 7 21 203 25.4 30.6 13.2 3.1 0.3 1 30.8 404.41
climatbambey 2016 7 22 204 24.6 33.4 21.6 4.8 0 1.3 30.8 404.41
climatbambey 2016 7 23 205 24.8 32.6 17 3.9 0 1 31.3 404.41
climatbambey 2016 7 24 206 25.8 30.8 15.1 3.5 2.7 0.8 29.6 404.41
climatbambey 2016 7 25 207 24.2 30.6 13.9 3 23.6 0.5 31.4 404.41
climatbambey 2016 7 26 208 24.3 31.6 22.2 4.7 0.8 2 31.5 404.41
climatbambey 2016 7 27 209 23.6 34.4 21.3 4.8 0.1 1.1 29.6 404.41
climatbambey 2016 7 28 210 25.6 35.5 21 5 0 1.4 32.2 404.41
climatbambey 2016 7 29 211 26.9 34 16 4.4 15.5 1.9 31.3 404.41
climatbambey 2016 7 30 212 25.5 34.5 20.8 4.7 60 1 33.1 404.41
climatbambey 2016 7 31 213 22.2 31.7 15.2 3.4 1.8 2.1 30.4 404.41
climatbambey 2016 8 1 214 25 33.5 17.9 4.2 0.2 2 33.5 404.41
climatbambey 2016 8 2 215 26.4 33.6 22.9 5.3 0 4.3 34.8 404.41
climatbambey 2016 8 3 216 25.4 33.8 20.8 4.8 0 2 33.8 404.41
climatbambey 2016 8 4 217 25.4 32.4 18.9 4.6 0 2 29.7 404.41
climatbambey 2016 8 5 218 23.6 32.8 17.5 4.1 0 2 30.4 404.41
climatbambey 2016 8 6 219 24.4 30.6 18.4 3.7 24.5 1.8 34 404.41
climatbambey 2016 8 7 220 25 32.8 24 5.3 0 2.3 31.9 404.41
climatbambey 2016 8 8 221 24.4 33.5 24.9 5.7 0 4.8 31.7 404.41
climatbambey 2016 8 9 222 24 34.4 22.6 5.6 0 3.5 30.4 404.41
climatbambey 2016 8 10 223 24.4 33.7 17.9 4.6 0 2.8 31.1 404.41
climatbambey 2016 8 11 224 25 33 15.3 3.5 11.7 1 33.8 404.41
climatbambey 2016 8 12 225 25 32.8 19.1 4.3 0 2.5 34 404.41
climatbambey 2016 8 13 226 26.1 34.6 19.4 4.8 3.5 3.8 35.5 404.41
climatbambey 2016 8 14 227 25.9 34 13 3.6 0.4 3.3 35.1 404.41
climatbambey 2016 8 15 228 26.5 33.4 15.1 3.9 0 4.8 36.2 404.41
climatbambey 2016 8 16 229 25.5 30.4 12.4 2.7 0.5 2.3 34.7 404.41
climatbambey 2016 8 17 230 23.4 28.6 12.6 2.6 10.1 2 31.4 404.41
climatbambey 2016 8 18 231 25 34.6 17 4.2 0 1.8 33.1 404.41
climatbambey 2016 8 19 232 26.4 34.4 17.4 4.5 0 3 34.9 404.41
climatbambey 2016 8 20 233 26.2 34.2 13.3 3.4 0 1.8 35.4 404.41
climatbambey 2016 8 21 234 26 34.2 16.9 4.1 0 2 34.8 404.41
climatbambey 2016 8 22 235 23.5 34.5 16.5 4.4 6.5 4.3 32.4 404.41
climatbambey 2016 8 23 236 23.2 33.5 15.3 4 0 4 31.6 404.41
climatbambey 2016 8 24 237 25.4 33 15.1 4.1 0 6.3 34 404.41
climatbambey 2016 8 25 238 25.2 32.8 13.9 4.2 0 6.8 33 404.41
climatbambey 2016 8 26 239 25 33.9 15 4.6 0 5.8 32.5 404.41
climatbambey 2016 8 27 240 24.7 35 15 4.1 9.2 2.8 33.4 404.41
climatbambey 2016 8 28 241 25 32.8 15.8 3.7 1.3 4.3 34.6 404.41
climatbambey 2016 8 29 242 26 33 12.7 3.4 0.5 4.8 35.7 404.41
climatbambey 2016 8 30 243 23.6 30 13.2 2.9 8.4 2.5 31.4 404.41
climatbambey 2016 8 31 244 24.2 33.5 15.3 3.7 60.1 2.3 33.4 404.41
climatbambey 2016 9 1 245 22.7 32.5 12.7 3 3.5 1.3 31.4 404.41
climatbambey 2016 9 2 246 25 31.7 12.4 2.9 2.2 2.5 34.5 404.41
climatbambey 2016 9 3 247 24 33.5 15.8 3.5 0 1.5 34.7 404.41
climatbambey 2016 9 4 248 23.3 33.8 14.5 3.7 0 3.5 33 404.41
climatbambey 2016 9 5 249 26.4 36 13.5 3.9 15.5 2.5 36.1 404.41
climatbambey 2016 9 6 250 23.2 33.7 11.9 3 0 1.5 32.6 404.41
climatbambey 2016 9 7 251 25 33.5 14.8 3.5 0 1.5 34.1 404.41
climatbambey 2016 9 8 252 24.4 34.5 12.2 3.2 0 2 34.3 404.41
climatbambey 2016 9 9 253 25 35.4 20.7 4.7 0.5 2 36.1 404.41
climatbambey 2016 9 10 254 25.2 34.4 23.2 5 13 2 35.9 404.41
climatbambey 2016 9 11 255 24.4 32.4 17.4 3.7 13.7 2 34.6 404.41
climatbambey 2016 9 12 256 22.8 31.5 15.1 3.3 21.3 1 31.3 404.41
climatbambey 2016 9 13 257 23.5 31.2 17.8 3.7 0 1.8 32.6 404.41
climatbambey 2016 9 14 258 24.6 33.5 20.5 4.5 0 2.3 34.1 404.41
climatbambey 2016 9 15 259 25.6 32.8 20.3 4.3 0 2 36.1 404.41
climatbambey 2016 9 16 260 25.4 34.2 14.8 3.5 0 2 36.9 404.41
climatbambey 2016 9 17 261 25.8 34 15 3.4 0 2 37.8 404.41
climatbambey 2016 9 18 262 25.4 32.5 14.1 3.5 0 2 32.7 404.41
climatbambey 2016 9 19 263 23.5 34.5 22.8 4.9 0 2 34.2 404.41
climatbambey 2016 9 20 264 22.6 28.8 11.5 2.4 18.8 1 30.9 404.41
climatbambey 2016 9 21 265 23.5 35 22.1 4.7 0 1.5 34.9 404.41
climatbambey 2016 9 22 266 25.2 35 21.7 4.9 0 1.8 35.4 404.41
climatbambey 2016 9 23 267 24.1 36 21.8 5.1 0 1.8 33 404.41
climatbambey 2016 9 24 268 25.3 36.4 19 4.5 0 1.3 34.5 404.41
climatbambey 2016 9 25 269 25.7 35.5 22.5 5.4 0 3.5 35.3 404.41
climatbambey 2016 9 26 270 23 34 20.1 4.9 0 3.8 30.5 404.41
climatbambey 2016 9 27 271 24.5 35 21.7 5 3 1.8 32.8 404.41
climatbambey 2016 9 28 272 24.1 29.5 11.3 2.5 14 1 32.2 404.41
climatbambey 2016 9 29 273 22.3 32.5 14.7 3.3 0.1 2 31.7 404.41
climatbambey 2016 9 30 274 22.3 34.5 12 2.7 0 0.5 32.1 404.41
climatbambey 2016 10 1 275 24.2 37.5 22.7 5.2 0 1.3 34.3 404.41
climatbambey 2016 10 2 276 25.1 36.5 22.3 5.8 0 3.3 32.9 404.41
climatbambey 2016 10 3 277 24 37.4 20.9 5.2 0 2 33.1 404.41
climatbambey 2016 10 4 278 24.8 37.8 21 5 0 1.5 34.7 404.41
climatbambey 2016 10 5 279 25.6 37.4 21.5 5.3 0 1.8 34.4 404.41
climatbambey 2016 10 6 280 24.8 36 19.3 4.7 0 2 33 404.41
climatbambey 2016 10 7 281 22.2 37 18.3 5.2 0 2.8 28.8 404.41
climatbambey 2016 10 8 282 22.5 37 16.9 4.5 0 2.5 31.8 404.41
climatbambey 2016 10 9 283 23.5 39.5 16.8 5 0 2.8 33.5 404.41
climatbambey 2016 10 10 284 26.4 37.6 16.4 4.5 0 2 35.7 404.41
climatbambey 2016 10 11 285 26.9 37 13.9 3.7 0 1.8 37.9 404.41
climatbambey 2016 10 12 286 26.5 38.2 16.5 4.5 0 2 37.3 404.41
climatbambey 2016 10 13 287 21.5 40 16.3 4.8 0 2 29.7 404.41
climatbambey 2016 10 14 288 21.3 37.5 16.3 4.8 0 3 29.1 404.41
climatbambey 2016 10 15 289 21 37 20.6 5 0 2.3 29.4 404.41
climatbambey 2016 10 16 290 23 36.5 20 4.9 0 2.5 32.2 404.41
climatbambey 2016 10 17 291 24.5 38.5 19.5 5.2 4.5 2.8 35.4 404.41
climatbambey 2016 10 18 292 25.5 38.8 18.5 4.8 0 1.8 35.5 404.41
climatbambey 2016 10 19 293 24.6 35.8 16.6 4 0 1.8 34.5 404.41
climatbambey 2016 10 20 294 26.4 38.8 19.2 5.1 0 2 35.9 404.41
climatbambey 2016 10 21 295 24.1 38.2 19.7 5 0 2 33.1 404.41
climatbambey 2016 10 22 296 24 38.2 20.9 5.2 0.2 2 33.9 404.41
climatbambey 2016 10 23 297 25 37.5 19.9 5 0 2 34.4 404.41
climatbambey 2016 10 24 298 23 37.3 18.5 4.9 0 2.5 30.8 404.41
climatbambey 2016 10 25 299 22.2 35.2 15.3 4 0 2.3 29.5 404.41
climatbambey 2016 10 26 300 24.2 35.5 16.4 4.4 0 2.8 32.2 404.41
climatbambey 2016 10 27 301 22.8 38 20.5 5.2 0 2 30 404.41
climatbambey 2016 10 28 302 25.5 40 20.1 6.2 0 3.8 34.7 404.41
climatbambey 2016 10 29 303 24.8 38.4 13.4 3.9 0 1.8 34.4 404.41
climatbambey 2016 10 30 304 24.7 37.2 19.4 5.1 0 2.8 33.6 404.41
climatbambey 2016 10 31 305 24.4 37.2 18.9 4.7 0 1.8 33.3 404.41
climatbambey 2016 11 1 306 24.6 37.5 17.8 4.7 0 1.8 30.9 404.41
climatbambey 2016 11 2 307 23.6 35.2 13.5 3.7 0 1.9 30.1 404.41
climatbambey 2016 11 3 308 23.2 38 19.4 4.7 0 1.6 31.6 404.41
climatbambey 2016 11 4 309 26 33 10.4 3 0 2 32.8 404.41
climatbambey 2016 11 5 310 23.8 37 16.1 3.9 0 1.3 32.6 404.41
climatbambey 2016 11 6 311 24 37.2 18.3 4.7 0 1.9 30.5 404.41
climatbambey 2016 11 7 312 23.2 37.6 20.2 5.3 0 2 26.9 404.41
climatbambey 2016 11 8 313 22.4 39.2 18 5.4 0 2 24.2 404.41
climatbambey 2016 11 9 314 22.5 38.5 10.7 3.4 0 1.3 27.1 404.41
climatbambey 2016 11 10 315 23.2 39.8 14.8 4.7 0 2 28.7 404.41
climatbambey 2016 11 11 316 23 37 13 4.5 0 1.8 21 404.41
climatbambey 2016 11 12 317 21.4 36 19.5 5.3 0 1.8 18.9 404.41
climatbambey 2016 11 13 318 15.8 36 20 4.7 0 1.4 17.7 404.41
climatbambey 2016 11 14 319 16.2 36.2 15.7 3.9 0 1.3 21.1 404.41
climatbambey 2016 11 15 320 17 35.2 14.7 4 0 1.7 20.6 404.41
climatbambey 2016 11 16 321 22.2 36.5 10 4 0 1.9 22.5 404.41
climatbambey 2016 11 17 322 23.4 37.2 13.6 5.7 0 2.7 19.2 404.41
climatbambey 2016 11 18 323 23.5 38.7 13.9 5.6 0 2.8 23.9 404.41
climatbambey 2016 11 19 324 21 40 13.5 4.3 0 1.6 24.7 404.41
climatbambey 2016 11 20 325 22.6 38.7 13.9 4.5 0 1.8 25.3 404.41
climatbambey 2016 11 21 326 19.2 38.8 13.6 4 0 1.4 23.2 404.41
climatbambey 2016 11 22 327 19.4 38.5 19.5 5 0 1.8 24.4 404.41
climatbambey 2016 11 23 328 21.6 38.8 19.8 5.1 0 1.9 27.9 404.41
climatbambey 2016 11 24 329 23 34.2 11.6 3.3 0 1.7 27.8 404.41
climatbambey 2016 11 25 330 25.2 38.8 17.1 5 0 2 29.5 404.41
climatbambey 2016 11 26 331 23.2 35 19.2 5.3 0 2.8 25 404.41
climatbambey 2016 11 27 332 22.5 31.8 10.7 3.2 0 1.5 21.8 404.41
climatbambey 2016 11 28 333 20.8 35 15.8 4 0 1.5 23.9 404.41
climatbambey 2016 11 29 334 20.1 34 10.9 3 0 1.5 25 404.41
climatbambey 2016 11 30 335 19.9 37.2 18.2 4.3 0 1.5 26.1 404.41
climatbambey 2016 12 1 336 22.5 40.4 18.9 5.7 0 2.1 24.7 404.41
climatbambey 2016 12 2 337 23.4 41.6 19.2 5.8 0 2 26.4 404.41
climatbambey 2016 12 3 338 21.5 40.7 18.2 4.6 0 1.1 24.4 404.41
climatbambey 2016 12 4 339 19.4 40.2 18.6 4.9 0 1.9 27.9 404.41
climatbambey 2016 12 5 340 22.2 39 18.5 4.8 0 1.7 28.8 404.41
climatbambey 2016 12 6 341 22.2 40 19.4 5.1 0 1.8 29.4 404.41
climatbambey 2016 12 7 342 20 39 19.5 5 0 1.9 27 404.41
climatbambey 2016 12 8 343 18.8 39 19.7 5.3 0 1.9 22.1 404.41
climatbambey 2016 12 9 344 21 37.6 19.5 5.3 0 2.2 24.2 404.41
climatbambey 2016 12 10 345 21.5 35.5 16.8 5.1 0 2.1 18.5 404.41
climatbambey 2016 12 11 346 19.2 34.4 14.6 4.3 0 1.7 17.1 404.41
climatbambey 2016 12 12 347 16.9 35 19.4 4.8 0 1.8 16.8 404.41
climatbambey 2016 12 13 348 16.5 34.3 19.2 4.5 0 1.7 17.7 404.41
climatbambey 2016 12 14 349 18.8 33 15.4 5 0 2.8 17.4 404.41
climatbambey 2016 12 15 350 17 31.6 16.1 6 0 3 9.6 404.41
climatbambey 2016 12 16 351 19 31.5 12.8 6.1 0 2.9 7.9 404.41
climatbambey 2016 12 17 352 16 30.2 14.5 4.6 0 2.8 14.3 404.41
climatbambey 2016 12 18 353 18 30.5 16.4 4.4 0 2.8 18.3 404.41
climatbambey 2016 12 19 354 17.6 31 12.1 4 0 2.3 16.2 404.41
climatbambey 2016 12 20 355 18.9 32 13.1 4.6 0 2.4 15.4 404.41
climatbambey 2016 12 21 356 19 32 9.9 4.1 0 2 14.5 404.41
climatbambey 2016 12 22 357 21.5 32.5 11.2 5.9 0 2.9 11 404.41
climatbambey 2016 12 23 358 20.8 32 11.5 5 0 2.9 16 404.41
climatbambey 2016 12 24 359 19.3 32 9.5 3.6 0 1.6 14.5 404.41
climatbambey 2016 12 25 360 20 33.2 9.7 3.6 0 1.6 17.1 404.41
climatbambey 2016 12 26 361 20 34.8 11.7 5.4 0 2.3 11.5 404.41
climatbambey 2016 12 27 362 22.3 35.3 13.8 5.5 0 2.1 11.3 404.41
climatbambey 2016 12 28 363 20.4 35.5 12.8 4.8 0 1.8 12.6 404.41
climatbambey 2016 12 29 364 18 34.5 14.3 5.6 0 2.7 13.1 404.41
climatbambey 2016 12 30 365 20.3 35.6 18 6.5 0 2.8 12.6 404.41
climatbambey 2016 12 31 366 19.2 35 18.6 5.9 0 2.3 11.5 404.41
