climatbambey 2004 1 2 2 15.6 33.9 18.5 4.2 0 1.3 15 377.7
climatbambey 2004 1 3 3 15.1 33.7 19.4 4.4 0 1.4 13.9 377.7
climatbambey 2004 1 4 4 15.1 33.6 14.7 4 0 1.4 13.2 377.7
climatbambey 2004 1 5 5 19 33.1 13.5 3.8 0 1.4 16.9 377.7
climatbambey 2004 1 6 6 17.5 36 17.8 5.4 0 2.2 15.1 377.7
climatbambey 2004 1 7 7 19.5 31 13.3 4 0 1.7 14.5 377.7
climatbambey 2004 1 8 8 23 31.1 9.9 3.8 0 1.5 13 377.7
climatbambey 2004 1 9 9 19 28.6 11 3.9 0 1.7 11.3 377.7
climatbambey 2004 1 10 10 19 33.2 19.5 5.5 0 2.2 13.2 377.7
climatbambey 2004 1 11 11 20 35 18.3 5.5 0 2.1 13.8 377.7
climatbambey 2004 1 12 12 19.1 31.9 11.2 4.2 0 1.7 12.1 377.7
climatbambey 2004 1 13 13 20.4 26.9 9.4 2.8 0 1.3 16.6 377.7
climatbambey 2004 1 14 14 20 30 9.5 3.1 0 1.3 16.3 377.7
climatbambey 2004 1 15 15 17.2 33.2 19.9 4.6 0 2 19.2 377.7
climatbambey 2004 1 16 16 17 33.8 19.8 4.6 0 1.9 19.3 377.7
climatbambey 2004 1 17 17 16.5 33.6 19.9 4.8 0 2.1 18.7 377.7
climatbambey 2004 1 18 18 17.1 34.2 20.6 5.1 0 1.9 16 377.7
climatbambey 2004 1 19 19 15 33.4 19.9 4.6 0 2 18.4 377.7
climatbambey 2004 1 20 20 15 32.2 20.3 4.6 0 2.1 17.8 377.7
climatbambey 2004 1 21 21 14 33.8 20.4 4.9 0 2.1 16.5 377.7
climatbambey 2004 1 22 22 16 32.8 20 5.4 0 2.1 11.5 377.7
climatbambey 2004 1 23 23 15.9 32.4 20.4 5.2 0 1.9 10.8 377.7
climatbambey 2004 1 24 24 16.4 32.4 20.6 5.3 0 1.9 10.5 377.7
climatbambey 2004 1 25 25 13 32.1 21.3 5.2 0 1.9 9.7 377.7
climatbambey 2004 1 26 26 12 33.5 21 4.7 0 1.5 12.2 377.7
climatbambey 2004 1 27 27 14.5 35.1 21.3 5.5 0 1.7 10.3 377.7
climatbambey 2004 1 28 28 16.7 35.5 21.1 5.6 0 1.6 5.7 377.7
climatbambey 2004 1 29 29 14.9 35.5 21.2 5.5 0 1.9 13.3 377.7
climatbambey 2004 1 30 30 18.6 33.2 15.6 5.4 0 2 9.5 377.7
climatbambey 2004 1 31 31 15 33.4 21.5 6.2 0 2.2 6.6 377.7
climatbambey 2004 2 1 32 15 34.8 21.8 6 0 2 9 377.7
climatbambey 2004 2 2 33 13.3 36 21.5 5.5 0 1.7 12.1 377.7
climatbambey 2004 2 3 34 15.2 37 19.3 5.9 0 1.8 8.8 377.7
climatbambey 2004 2 4 35 19 36.6 19.3 7.1 0 2.7 9.7 377.7
climatbambey 2004 2 5 36 19 33.6 19.2 6.6 0 2.4 6 377.7
climatbambey 2004 2 6 37 17.4 34.1 20.1 6.6 0 2.5 8.1 377.7
climatbambey 2004 2 7 38 17.4 34.9 19.5 6.4 0 2.3 8.8 377.7
climatbambey 2004 2 8 39 19 35 20.3 5.9 0 1.8 7.7 377.7
climatbambey 2004 2 9 40 16.5 35.1 19.2 5.1 0 1.6 13.8 377.7
climatbambey 2004 2 10 41 16 33.6 19.7 5 0 2 16.4 377.7
climatbambey 2004 2 11 42 15 33 20 4.8 0 2 17.3 377.7
climatbambey 2004 2 12 43 15 32 13.6 4.3 0 2.1 14.8 377.7
climatbambey 2004 2 13 44 19.4 35.6 12.7 5 0 2.5 18.4 377.7
climatbambey 2004 2 14 45 21.1 34.6 13.7 4.3 0 1.6 18.7 377.7
climatbambey 2004 2 15 46 18.6 39.6 21 6.7 0 2.7 19.9 377.7
climatbambey 2004 2 16 47 17 40.9 21.1 5.8 0 1.7 20.8 377.7
climatbambey 2004 2 17 48 16.5 40.6 21.9 6.1 0 1.9 20.3 377.7
climatbambey 2004 2 18 49 17.5 38.1 21.5 5.4 0 2 23.7 377.7
climatbambey 2004 2 19 50 17.5 30.6 21.1 4.3 0 1.7 21.4 377.7
climatbambey 2004 2 20 51 17 30.1 22.3 4.4 0 2.1 21.2 377.7
climatbambey 2004 2 21 52 17.5 31.1 22.7 4.8 0 2.5 21.4 377.7
climatbambey 2004 2 22 53 16.5 32.1 21.6 4.7 0 2.4 21.4 377.7
climatbambey 2004 2 23 54 17.3 33.5 22.1 5.2 0 2.7 21.4 377.7
climatbambey 2004 2 24 55 16.5 33.4 21.9 5.2 0 2.8 20.7 377.7
climatbambey 2004 2 25 56 20 34.7 19.3 5.6 0 2.9 21.5 377.7
climatbambey 2004 2 26 57 20 36.5 22.6 6.5 0 2.8 20.1 377.7
climatbambey 2004 2 27 58 19.2 35.6 22.3 6.1 0 3 21.5 377.7
climatbambey 2004 2 28 59 18.3 34.1 22.4 6 0 3 19.6 377.7
climatbambey 2004 2 29 60 17 33.6 23.8 6.3 0 3.4 18.1 377.7
climatbambey 2004 3 1 61 17.5 34 19.2 5.9 0 2.8 15.9 377.7
climatbambey 2004 3 2 62 14.5 36.4 22.4 5.9 0 2.1 16.4 377.7
climatbambey 2004 3 3 63 18 38 22.9 6.8 0 2 11.3 377.7
climatbambey 2004 3 4 64 21.8 36.5 22.7 8 0 3 11.1 377.7
climatbambey 2004 3 5 65 19 32.4 19.3 6.8 0 2.8 9.4 377.7
climatbambey 2004 3 6 66 18.5 35.1 22.7 6.5 0 2.4 14.1 377.7
climatbambey 2004 3 7 67 17.4 36.5 19.6 5.4 0 1.7 16 377.7
climatbambey 2004 3 8 68 17.7 38.3 18.7 6 0 1.7 10.8 377.7
climatbambey 2004 3 9 69 19.6 38.5 20.3 6.3 0 1.9 14.5 377.7
climatbambey 2004 3 10 70 17.5 38.6 22.3 6.6 0 2.3 17.6 377.7
climatbambey 2004 3 11 71 17.5 40.9 22.6 6.4 0 1.8 19.4 377.7
climatbambey 2004 3 12 72 19.3 41.1 22 7.3 0 2.7 20.6 377.7
climatbambey 2004 3 13 73 21 40.6 21.1 7.6 0 2.9 18.9 377.7
climatbambey 2004 3 14 74 19 40.4 22.1 7.8 0 2.9 17.1 377.7
climatbambey 2004 3 15 75 20 38.6 21.9 7.3 0 2.8 17.1 377.7
climatbambey 2004 3 16 76 18 39.9 21.4 7.4 0 2.8 16.6 377.7
climatbambey 2004 3 17 77 18.6 42.1 22.2 6.7 0 2.2 23.2 377.7
climatbambey 2004 3 18 78 17.5 42.1 20.7 7.5 0 2.8 18.9 377.7
climatbambey 2004 3 19 79 18.4 39.9 22.6 8 0 2.9 14.9 377.7
climatbambey 2004 3 20 80 19 40.4 21.3 6.7 0 2.3 20 377.7
climatbambey 2004 3 21 81 20.5 38.5 18.1 5.7 0 2.2 22.7 377.7
climatbambey 2004 3 22 82 16.7 36.2 21.5 5.6 0 2.2 20.9 377.7
climatbambey 2004 3 23 83 17.4 34.5 21.5 5.3 0 2.1 20.9 377.7
climatbambey 2004 3 24 84 17.2 35.5 22.6 5.5 0 2 21.4 377.7
climatbambey 2004 3 25 85 18.8 37.3 19.7 5.5 0 2.3 23.1 377.7
climatbambey 2004 3 26 86 20.1 34.5 22 5.6 0 2.5 23.4 377.7
climatbambey 2004 3 27 87 18.8 33.5 22.2 5.6 0 2.9 21.9 377.7
climatbambey 2004 3 28 88 18.2 30.9 23.5 5.5 0 3.1 20 377.7
climatbambey 2004 3 29 89 17 31.1 21.6 5.3 0 3.5 19.9 377.7
climatbambey 2004 3 30 90 18 34.6 24.2 6.5 0 2.9 18.3 377.7
climatbambey 2004 3 31 91 18.9 35.1 24 6.1 0 2.5 21.2 377.7
climatbambey 2004 4 1 92 20 36.2 22.7 6 0 2.2 21.7 377.7
climatbambey 2004 4 2 93 19.5 38.4 24.3 6.1 0 2.1 25.8 377.7
climatbambey 2004 4 3 94 20 39.9 24.8 6.7 0 2.4 25.6 377.7
climatbambey 2004 4 4 95 20.5 38.2 24.4 6.9 0 3.4 25.7 377.7
climatbambey 2004 4 5 96 22 42.2 23.4 6.9 0 2.6 29.6 377.7
climatbambey 2004 4 6 97 20.6 41 24 6.3 0 1.9 28.9 377.7
climatbambey 2004 4 7 98 21.1 39.5 22.3 5.8 0 1.8 28.3 377.7
climatbambey 2004 4 8 99 19 38.5 23.6 7.1 0 3.3 22.7 377.7
climatbambey 2004 4 9 100 18.7 36.7 23 6.4 0 3.2 22.8 377.7
climatbambey 2004 4 10 101 17.6 34.5 24 5.9 0 3.1 22.1 377.7
climatbambey 2004 4 11 102 17.1 35.6 25.4 6.3 0 2.9 21.4 377.7
climatbambey 2004 4 12 103 19.4 35.1 24.5 6.6 0 2.7 19 377.7
climatbambey 2004 4 13 104 19 35 23 6.7 0 3.5 20 377.7
climatbambey 2004 4 14 105 18 27.3 16.7 4.7 0 3.5 16.9 377.7
climatbambey 2004 4 15 106 16 32.5 24.9 6.3 0 3.3 17.4 377.7
climatbambey 2004 4 16 107 16.3 35.5 25.8 6.7 0 2.8 18.4 377.7
climatbambey 2004 4 17 108 16 32.8 24.4 6.2 0 3.6 18.5 377.7
climatbambey 2004 4 18 109 15.5 35.5 23.6 6.6 0 2.7 16.3 377.7
climatbambey 2004 4 19 110 20 39.2 24.8 7.4 0 2.7 20.7 377.7
climatbambey 2004 4 20 111 21.2 38.3 24 7.4 0 2.9 20.7 377.7
climatbambey 2004 4 21 112 19.4 40 26.1 7.2 0 2.8 25.4 377.7
climatbambey 2004 4 22 113 18.5 40.9 25.7 6.8 0 2.2 25.9 377.7
climatbambey 2004 4 23 114 17.5 38 25.4 6.4 0 2.3 23.5 377.7
climatbambey 2004 4 24 115 18 38.5 25.2 6.5 0 2.4 24 377.7
climatbambey 2004 4 25 116 18.2 36.5 25.3 6.4 0 3.4 24.4 377.7
climatbambey 2004 4 26 117 17.5 33.5 24.7 5.9 0 3 21.2 377.7
climatbambey 2004 4 27 118 18.6 34.5 23.5 6.4 0 3.4 20.7 377.7
climatbambey 2004 4 28 119 16.9 31.9 22.1 6.1 0 3.4 16.8 377.7
climatbambey 2004 4 29 120 18.5 35.3 24 6.8 0 3 18.2 377.7
climatbambey 2004 4 30 121 18.7 38.3 26.3 7.5 0 2.9 19.8 377.7
climatbambey 2004 5 1 122 19 37.4 22.6 7.3 0 4.6 22.8 377.7
climatbambey 2004 5 2 123 19 39 26.6 7 0 2.3 23 377.7
climatbambey 2004 5 3 124 19.7 38.5 26.4 7.6 0 3.6 23.8 377.7
climatbambey 2004 5 4 125 18.5 38.5 26.1 7.7 0 3.1 19.5 377.7
climatbambey 2004 5 5 126 19.1 40.5 26 7.6 0 2.3 18.9 377.7
climatbambey 2004 5 6 127 18.6 41.5 26.5 8.4 0 2.7 17 377.7
climatbambey 2004 5 7 128 17.1 40.6 25.4 8 0 2.9 18.3 377.7
climatbambey 2004 5 8 129 18 39.1 20.1 7.3 0 3.2 18.3 377.7
climatbambey 2004 5 9 130 20.4 38.7 20.9 7.6 0 3.2 17.8 377.7
climatbambey 2004 5 10 131 19.4 38.1 25.1 7.8 0 3.2 18.8 377.7
climatbambey 2004 5 11 132 18.5 38.6 25.7 7.4 0 2.8 19.9 377.7
climatbambey 2004 5 12 133 19 40.5 24.6 7.9 0 2.9 19.4 377.7
climatbambey 2004 5 13 134 19 40 25.7 7.9 0 2.6 17.7 377.7
climatbambey 2004 5 14 135 18.6 37.5 25.4 6.9 0 2.5 20.5 377.7
climatbambey 2004 5 15 136 18.2 36.4 21.2 6.3 0 2.6 18.7 377.7
climatbambey 2004 5 16 137 19.5 35.6 24.8 6.4 0 2.8 22.3 377.7
climatbambey 2004 5 17 138 18.4 36.8 25.3 6.5 0 2.5 22.2 377.7
climatbambey 2004 5 18 139 18.5 37 24.2 6.4 0 2.5 22.2 377.7
climatbambey 2004 5 19 140 18.1 42 25.2 8.1 0 3.6 24.3 377.7
climatbambey 2004 5 20 141 22 44.6 24.8 7.8 0 2.1 23 377.7
climatbambey 2004 5 21 142 21.5 38.8 25.7 6.8 0 2.1 24.6 377.7
climatbambey 2004 5 22 143 20.5 40.5 24.6 7.1 0 2.4 23.6 377.7
climatbambey 2004 5 23 144 21.1 43 22.9 8.4 0 3.3 22.9 377.7
climatbambey 2004 5 24 145 22 34.6 14.6 5 0 2.2 20.4 377.7
climatbambey 2004 5 25 146 22.5 37 14.3 5 0 2 22.2 377.7
climatbambey 2004 5 26 147 20 38.2 25.9 7.4 0 3 22 377.7
climatbambey 2004 5 27 148 19.5 39.8 24.7 7.2 0 2.4 20.6 377.7
climatbambey 2004 5 28 149 19 35.6 24.3 6.2 0 2.3 21 377.7
climatbambey 2004 5 29 150 21.4 37.1 16.2 5.3 0 2.5 24.2 377.7
climatbambey 2004 5 30 151 23.1 36.9 16.2 5.6 0 2.8 25.2 377.7
climatbambey 2004 5 31 152 21.5 39.6 22.5 6.5 0 2.4 26.1 377.7
climatbambey 2004 6 1 153 21.1 41.1 20.8 6.6 0 2.4 24.6 377.7
climatbambey 2004 6 2 154 23.1 34 20.8 5.4 0 3.4 28.3 377.7
climatbambey 2004 6 3 155 22.5 34.5 20.8 5.6 0 2.8 25.5 377.7
climatbambey 2004 6 4 156 23.5 36.2 20.8 5.3 0 2.1 30.3 377.7
climatbambey 2004 6 5 157 23 37.2 20.8 5.9 0 2.9 28.8 377.7
climatbambey 2004 6 6 158 23.1 35.5 20.8 5.5 0 3.5 30 377.7
climatbambey 2004 6 7 159 22.9 34.1 20.8 5.1 0 3 29.4 377.7
climatbambey 2004 6 8 160 22.5 36.4 20.8 5.1 0 2.1 30.8 377.7
climatbambey 2004 6 9 161 23 38.6 20.8 5.7 5.4 2.2 30 377.7
climatbambey 2004 6 10 162 23.9 37.1 20.8 5.7 0 2.8 30.3 377.7
climatbambey 2004 6 11 163 21.6 39 20.8 5.7 0 2.3 29.1 377.7
climatbambey 2004 6 12 164 22.5 36.1 20.8 5.6 0 2.7 28.1 377.7
climatbambey 2004 6 13 165 23.1 34.1 20.8 5.2 0 2.9 29 377.7
climatbambey 2004 6 14 166 22.7 36.5 20.7 5.5 0 2.8 29.6 377.7
climatbambey 2004 6 15 167 23.5 37.2 20.7 5.9 0 2.9 29 377.7
climatbambey 2004 6 16 168 22.5 36 20.7 5.3 0 2.4 28.6 377.7
climatbambey 2004 6 17 169 21.7 37.5 20.7 5.5 0 2.4 29 377.7
climatbambey 2004 6 18 170 22 35.3 20.7 4.8 0 2.4 31.6 377.7
climatbambey 2004 6 19 171 24 39.5 20.7 5.5 0 2.5 35.4 377.7
climatbambey 2004 6 20 172 23.5 36.6 20.7 5.4 0 2.5 30.6 377.7
climatbambey 2004 6 21 173 22.1 36.4 20.7 5.2 0 1.8 28 377.7
climatbambey 2004 6 22 174 21 37.1 20.7 5.4 0 2.2 27.7 377.7
climatbambey 2004 6 23 175 24 39.1 20.7 6.2 0 2.7 29.2 377.7
climatbambey 2004 6 24 176 23.6 44 20.7 7 0 2.6 31 377.7
climatbambey 2004 6 25 177 24 36.4 20.7 5.8 0 2.8 28.3 377.7
climatbambey 2004 6 26 178 25.4 36.6 20.7 5.8 0 2.8 31 377.7
climatbambey 2004 6 27 179 23.4 33.2 20.7 5.2 0 2.3 26.2 377.7
climatbambey 2004 6 28 180 23.5 36.8 20.7 5.9 0 2.8 28 377.7
climatbambey 2004 6 29 181 21.5 36.1 20.7 5.3 0 2.3 27.5 377.7
climatbambey 2004 6 30 182 23.5 36.7 20.7 5.8 0 3.1 29.7 377.7
climatbambey 2004 7 1 183 24.5 34.6 20.5 5.5 2.4 2.6 28.1 377.7
climatbambey 2004 7 2 184 22.5 36.6 20.5 5.4 0 2.3 28.1 377.7
climatbambey 2004 7 3 185 24.6 35 20.5 5 0 2.3 31.9 377.7
climatbambey 2004 7 4 186 23.5 36.6 20.5 5.4 0 2.7 31.3 377.7
climatbambey 2004 7 5 187 24.4 36.1 20.5 5.3 0 2.4 31 377.7
climatbambey 2004 7 6 188 24.5 32.1 20.5 4.6 0 2.3 31 377.7
climatbambey 2004 7 7 189 25.4 34.8 20.5 5.3 0 2.8 31.4 377.7
climatbambey 2004 7 8 190 23.9 35.6 20.5 5.1 0 2.5 31.8 377.7
climatbambey 2004 7 9 191 24.6 35.6 20.5 5.3 1.9 2.5 31.2 377.7
climatbambey 2004 7 10 192 24.5 38.1 20.5 5.5 0 2.3 32.7 377.7
climatbambey 2004 7 11 193 24.5 35.6 20.5 5.3 0 2.6 31.3 377.7
climatbambey 2004 7 12 194 23.5 32.6 20.5 4.6 0 1.7 29.2 377.7
climatbambey 2004 7 13 195 24.4 31.5 20.5 4.4 0 1.8 31.8 377.7
climatbambey 2004 7 14 196 23.9 36.1 20.5 5.3 0 2.7 31.6 377.7
climatbambey 2004 7 15 197 26 33.1 20.5 5 2 2.6 32 377.7
climatbambey 2004 7 16 198 22.7 35.6 20.5 5.4 0 2.9 28.9 377.7
climatbambey 2004 7 17 199 22.6 34.4 20.5 5 0 2.8 30 377.7
climatbambey 2004 7 18 200 22.3 34.6 20.5 4.9 0 2.4 29.5 377.7
climatbambey 2004 7 19 201 23.5 34.1 20.5 4.9 0 2.1 29.5 377.7
climatbambey 2004 7 20 202 25.1 36.6 20.5 6.3 0 3.7 29.4 377.7
climatbambey 2004 7 21 203 25.6 33.4 20.5 5.6 0 2.4 26 377.7
climatbambey 2004 7 22 204 21.6 34.1 20.5 4.9 0 2.2 27.7 377.7
climatbambey 2004 7 23 205 24 34.4 20.6 4.9 0 2.8 32.2 377.7
climatbambey 2004 7 24 206 22.5 29.1 20.6 3.9 0 1.8 30.2 377.7
climatbambey 2004 7 25 207 24.5 33.1 20.6 4.9 5.5 2.8 30.9 377.7
climatbambey 2004 7 26 208 23 34 20.6 4.6 0 1.4 30 377.7
climatbambey 2004 7 27 209 23.1 31.6 20.6 4.4 14 1.7 29.7 377.7
climatbambey 2004 7 28 210 25 31.9 20.6 4.5 0 1.6 31.8 377.7
climatbambey 2004 7 29 211 23.4 31.2 20.6 4.3 62 1.5 31.2 377.7
climatbambey 2004 7 30 212 24.5 35.6 20.6 4.8 5.4 1.6 33.4 377.7
climatbambey 2004 7 31 213 24.5 33.1 20.6 4.8 0 2.5 31.3 377.7
climatbambey 2004 8 1 214 22.1 32.1 20.4 4.7 8.3 2.5 27.6 377.7
climatbambey 2004 8 2 215 24.6 31.6 20.4 4.4 0 2 31.7 377.7
climatbambey 2004 8 3 216 22.1 27 20.4 3.7 3.8 1.3 29.7 377.7
climatbambey 2004 8 4 217 24 33.1 20.4 4.6 9.7 2 31.2 377.7
climatbambey 2004 8 5 218 24.4 33.1 20.4 4.7 0 2.4 31.4 377.7
climatbambey 2004 8 6 219 25.3 33.4 20.4 4.6 30.4 2 33.7 377.7
climatbambey 2004 8 7 220 25.9 34.5 20.4 4.8 0 1.5 33.9 377.7
climatbambey 2004 8 8 221 23.8 32.9 20.4 4.4 0 1.4 32.4 377.7
climatbambey 2004 8 9 222 24.4 33 20.4 4.6 0 1.7 31.9 377.7
climatbambey 2004 8 10 223 25 35.4 20.4 5.1 31 2.6 33.3 377.7
climatbambey 2004 8 11 224 26 39.6 20.4 5.6 1.2 2.1 36.1 377.7
climatbambey 2004 8 12 225 25.9 35 20.4 4.9 0 2.5 35 377.7
climatbambey 2004 8 13 226 24.5 32 20.4 4.8 0 2.7 29.3 377.7
climatbambey 2004 8 14 227 25.2 32.5 20.4 4.5 0 2.1 33.4 377.7
climatbambey 2004 8 15 228 24.6 33.4 20.4 4.5 0.2 2.4 34.4 377.7
climatbambey 2004 8 16 229 25.4 34.5 20.4 4.8 0 2.2 34.3 377.7
climatbambey 2004 8 17 230 25.1 32.6 20.4 4.6 6.5 2.8 33 377.7
climatbambey 2004 8 18 231 25 34.1 20.4 4.8 0 2.1 33.1 377.7
climatbambey 2004 8 19 232 22.6 32.1 20.4 4.3 0 1.6 30.4 377.7
climatbambey 2004 8 20 233 25.4 33.5 20.4 4.4 0 1.6 36 377.7
climatbambey 2004 8 21 234 21.8 33 20.3 4.2 35 1.5 32.3 377.7
climatbambey 2004 8 22 235 22.8 33.5 20.3 4.3 0 1.2 32.8 377.7
climatbambey 2004 8 23 236 21.9 33.1 20.3 4.2 38.5 1.8 32.1 377.7
climatbambey 2004 8 24 237 25.5 33.1 20.3 4.5 0 1.8 33.8 377.7
climatbambey 2004 8 25 238 24.8 33.5 20.3 4.5 0 1.4 32.7 377.7
climatbambey 2004 8 26 239 24.6 34 20.3 4.5 0 1 32.6 377.7
climatbambey 2004 8 27 240 24.1 31.1 20.3 4.1 0 1.3 34 377.7
climatbambey 2004 8 28 241 22.6 31.4 20.3 4 0 1.9 32.4 377.7
climatbambey 2004 8 29 242 20.5 30.6 20.3 4.3 1.3 2.1 25.8 377.7
climatbambey 2004 8 30 243 23.5 31.1 20.2 4.1 0 1.5 31.7 377.7
climatbambey 2004 8 31 244 21 31 20.2 4 28.5 1.5 29.6 377.7
climatbambey 2004 9 1 245 23.4 34.4 20 4.4 0.7 1.1 32.7 377.7
climatbambey 2004 9 2 246 24.6 33.1 20 4.7 0.3 2.1 30.4 377.7
climatbambey 2004 9 3 247 23 31 20 4.2 10.4 1.5 29.4 377.7
climatbambey 2004 9 4 248 23 33.9 19.9 4.4 0 1.1 31 377.7
climatbambey 2004 9 5 249 24.5 36.4 19.9 4.6 0 1 34.4 377.7
climatbambey 2004 9 6 250 25 34.5 19.9 4.8 0 2 32.4 377.7
climatbambey 2004 9 7 251 24 35.5 19.9 4.6 0 1.1 31.4 377.7
climatbambey 2004 9 8 252 24 34.1 19.8 4.4 0 1 31.9 377.7
climatbambey 2004 9 9 253 24 33.6 19.8 4.6 0 2 31.3 377.7
climatbambey 2004 9 10 254 22.5 32.9 19.8 4.2 0 1.5 31.9 377.7
climatbambey 2004 9 11 255 21.6 33.9 19.8 4.3 0 1.1 30.2 377.7
climatbambey 2004 9 12 256 25.9 34.1 19.7 4.4 24 1.4 36.1 377.7
climatbambey 2004 9 13 257 25.4 34.6 19.7 4.5 27.5 1.7 35.4 377.7
climatbambey 2004 9 14 258 23.9 33.6 19.7 4.3 0 1.2 33.4 377.7
climatbambey 2004 9 15 259 26 36.1 19.6 4.7 0 1.5 36.3 377.7
climatbambey 2004 9 16 260 21.4 29.2 19.6 3.7 0.7 1.4 29.5 377.7
climatbambey 2004 9 17 261 24.6 32.6 19.6 4.1 0.1 1.1 35 377.7
climatbambey 2004 9 18 262 24 33.6 19.5 4.2 75 1.6 34 377.7
climatbambey 2004 9 19 263 24.5 32.9 19.5 4.2 0 1.5 34.2 377.7
climatbambey 2004 9 20 264 24 33.4 19.5 4.4 0 2.2 32.1 377.7
climatbambey 2004 9 21 265 21 32.4 19.4 4 0 1 29.2 377.7
climatbambey 2004 9 22 266 24 28.4 19.4 3.8 0 1.1 29.9 377.7
climatbambey 2004 9 23 267 24.5 33.7 19.4 4.3 13 1.4 32.4 377.7
climatbambey 2004 9 24 268 21 34.4 19.3 4.1 0 1.2 31 377.7
climatbambey 2004 9 25 269 24.4 33.6 19.3 4.3 0 1.3 32.2 377.7
climatbambey 2004 9 26 270 23.4 33.6 19.2 4.2 13.5 1.2 31.9 377.7
climatbambey 2004 9 27 271 22.5 33.4 19.2 4 0 1 32.4 377.7
climatbambey 2004 9 28 272 24 34.1 19.1 4.3 0 1.4 32.5 377.7
climatbambey 2004 9 29 273 23.4 33.9 19.1 4.2 5.4 1 31 377.7
climatbambey 2004 9 30 274 24.4 36.5 19.1 4.5 0 1.1 33.3 377.7
climatbambey 2004 10 1 275 23.1 36.4 20.4 4.7 0 1.3 32.6 377.7
climatbambey 2004 10 2 276 22.4 36.1 20.3 4.6 0 1.1 30.1 377.7
climatbambey 2004 10 3 277 23.6 37.1 20.3 4.7 0 1.1 31.2 377.7
climatbambey 2004 10 4 278 23.5 38 20.2 4.7 0 1.3 35 377.7
climatbambey 2004 10 5 279 23 38.6 20.2 4.8 0 1.4 34.6 377.7
climatbambey 2004 10 6 280 23.1 35.6 20.1 4.4 0 1.5 34.1 377.7
climatbambey 2004 10 7 281 21.9 32.4 20.1 4 0 0.9 32.2 377.7
climatbambey 2004 10 8 282 24 36.4 20 4.6 0 1.2 33.5 377.7
climatbambey 2004 10 9 283 24.1 33 20 4.4 1.7 1.8 31.2 377.7
climatbambey 2004 10 10 284 24 37.6 19.9 5.4 1.4 1.6 23.8 377.7
climatbambey 2004 10 11 285 23.5 36.5 19.9 4.9 0 1.4 27.2 377.7
climatbambey 2004 10 12 286 25 37.1 19.8 5 0 1.7 31.3 377.7
climatbambey 2004 10 13 287 24.4 38.7 19.7 4.9 0 1.3 32.4 377.7
climatbambey 2004 10 14 288 25 38.6 19.7 4.9 0 1.3 32.2 377.7
climatbambey 2004 10 15 289 24.1 40 19.6 5.2 0 1.6 32.4 377.7
climatbambey 2004 10 16 290 25 36 19.6 4.7 0 2.1 34.5 377.7
climatbambey 2004 10 17 291 23.9 38.1 19.5 4.8 0 1.2 30.6 377.7
climatbambey 2004 10 18 292 20.5 38.2 19.5 4.7 0 1.3 27 377.7
climatbambey 2004 10 19 293 21.2 38.1 19.4 5 0 1.6 26 377.7
climatbambey 2004 10 20 294 23.5 41.4 19.3 5.6 0 1.8 28.8 377.7
climatbambey 2004 10 21 295 19.4 38.6 19.3 4.9 0 1.7 26.8 377.7
climatbambey 2004 10 22 296 22 37.9 19.2 4.6 0 1.5 31.3 377.7
climatbambey 2004 10 23 297 22.5 36.5 19.2 4.6 0 1.7 30.9 377.7
climatbambey 2004 10 24 298 23.1 33.9 19.1 4.1 0 1.1 30.5 377.7
climatbambey 2004 10 25 299 24.4 38.5 19 4.9 0 1.4 30.4 377.7
climatbambey 2004 10 26 300 23 40.6 19 5 7.8 1.3 29.4 377.7
climatbambey 2004 10 27 301 21 39.7 18.9 4.8 0 1.3 28.1 377.7
climatbambey 2004 10 28 302 24.5 38.6 18.9 4.9 0 1.8 33.1 377.7
climatbambey 2004 10 29 303 24 37.1 18.8 4.6 0 1.7 32.2 377.7
climatbambey 2004 10 30 304 22.9 38.9 18.8 5.2 0 2 29 377.7
climatbambey 2004 10 31 305 21.5 37.4 18.7 4.6 0 1.7 28.6 377.7
climatbambey 2004 11 1 306 21.8 38 19 4.6 0 1.2 27 377.7
climatbambey 2004 11 2 307 17.6 37 18.9 4.9 0 1.9 22.5 377.7
climatbambey 2004 11 3 308 20 37.6 18.9 4.8 0 1.6 23.6 377.7
climatbambey 2004 11 4 309 20 37 18.8 4.5 0 1.4 25.5 377.7
climatbambey 2004 11 5 310 19.6 36.3 18.8 4.2 0 1.3 27.1 377.7
climatbambey 2004 11 6 311 19 35 18.7 4 0 1.1 26 377.7
climatbambey 2004 11 7 312 19.6 33.5 18.7 3.8 0 0.9 26.4 377.7
climatbambey 2004 11 8 313 23.5 34.4 18.6 4.4 0 1.8 29.4 377.7
climatbambey 2004 11 9 314 23.2 35.9 18.6 5.1 0 2.5 26.5 377.7
climatbambey 2004 11 10 315 23 34.4 18.5 4.5 0 1.5 24.6 377.7
climatbambey 2004 11 11 316 20.5 38.6 18.5 5.4 0 2.3 24.8 377.7
climatbambey 2004 11 12 317 22.3 34.5 18.4 5.2 0 2.5 22.8 377.7
climatbambey 2004 11 13 318 22.2 34.8 18.4 4.5 0 1.5 23 377.7
climatbambey 2004 11 14 319 22.5 36.5 18.3 4.7 0 1.6 25.1 377.7
climatbambey 2004 11 15 320 22.2 37 18.3 4.6 0 1.5 25.9 377.7
climatbambey 2004 11 16 321 22 36.5 18.2 4.7 0 1.7 25 377.7
climatbambey 2004 11 17 322 23.6 36.5 18.2 5.4 0 2.6 25.3 377.7
climatbambey 2004 11 18 323 25 36.6 18.1 5.8 0 2.2 18.4 377.7
climatbambey 2004 11 19 324 22.5 34.1 18.1 5.3 0 2.4 19.4 377.7
climatbambey 2004 11 20 325 18 35.6 18 4.3 0 1.5 21.3 377.7
climatbambey 2004 11 21 326 17 37.4 18 4.5 0 1.3 17.7 377.7
climatbambey 2004 11 22 327 17.1 38.6 17.9 4.6 0 1.4 19.9 377.7
climatbambey 2004 11 23 328 19.2 39.1 17.9 5 0 1.4 16.4 377.7
climatbambey 2004 11 24 329 16 38.9 17.9 4.6 0 1.3 17.9 377.7
climatbambey 2004 11 25 330 15.1 39 17.8 4.5 0 1.4 21.1 377.7
climatbambey 2004 11 26 331 17.9 38.3 17.8 4.3 0 1.2 22 377.7
climatbambey 2004 11 27 332 15 37.1 17.8 4.5 0 1.4 16.5 377.7
climatbambey 2004 11 28 333 15.5 36.5 17.7 4.1 0 1 15.8 377.7
climatbambey 2004 11 29 334 17 37.4 17.7 4.4 0 1.4 21.1 377.7
climatbambey 2004 11 30 335 17.1 35 17.7 4.5 0 2.2 21.1 377.7
climatbambey 2004 12 1 336 18 33.1 16.9 4 0 2.1 22.6 377.7
climatbambey 2004 12 2 337 18 32.9 16.9 3.7 0 1.8 23.9 377.7
climatbambey 2004 12 3 338 17.5 32.1 16.9 3.6 0 1.6 22.4 377.7
climatbambey 2004 12 4 339 17 34.6 16.8 3.6 0 1.1 21.9 377.7
climatbambey 2004 12 5 340 16.5 35.4 16.8 3.9 0 1.3 21.1 377.7
climatbambey 2004 12 6 341 18 35.1 16.8 4.3 0 1.7 19.4 377.7
climatbambey 2004 12 7 342 18.3 34 16.8 5 0 2.1 15.3 377.7
climatbambey 2004 12 8 343 18.5 31.6 16.8 4.8 0 1.8 9.8 377.7
climatbambey 2004 12 9 344 17 34.5 16.7 4.4 0 1.5 14.6 377.7
climatbambey 2004 12 10 345 17 35 16.7 4.3 0 1.5 16.6 377.7
climatbambey 2004 12 11 346 16 34.5 16.7 4 0 1.3 17.4 377.7
climatbambey 2004 12 12 347 16.2 35.6 16.7 3.5 0 0.8 20.2 377.7
climatbambey 2004 12 13 348 16 32.1 16.7 3.5 0 1.2 19.9 377.7
climatbambey 2004 12 14 349 15 29.1 16.7 3.1 0 1.3 19.9 377.7
climatbambey 2004 12 15 350 17.5 29.4 16.7 3.1 0 1.4 22.9 377.7
climatbambey 2004 12 16 351 17 29.5 16.7 3.3 0 1.6 21.7 377.7
climatbambey 2004 12 17 352 18.5 31.4 16.7 3.6 0 1.4 20.8 377.7
climatbambey 2004 12 18 353 17.6 35.4 16.7 4.2 0 1.7 20.9 377.7
climatbambey 2004 12 19 354 17 35.6 16.7 4 0 1.7 22.9 377.7
climatbambey 2004 12 20 355 18.1 36.3 16.7 5 0 2.7 21.8 377.7
climatbambey 2004 12 21 356 18.9 35.1 16.7 4 0 1.7 24.4 377.7
climatbambey 2004 12 22 357 18.5 34.5 16.7 4.2 0 2 22.8 377.7
climatbambey 2004 12 23 358 18.4 35.9 16.7 5.4 0 2.5 17.4 377.7
climatbambey 2004 12 24 359 18.5 34.1 16.7 5.1 0 2.5 17.3 377.7
climatbambey 2004 12 25 360 17.7 32 16.7 4.9 0 2.4 14.9 377.7
climatbambey 2004 12 26 361 16.1 32 16.7 4.3 0 1.7 13.6 377.7
climatbambey 2004 12 27 362 15 31.4 16.7 4.7 0 2.1 12.1 377.7
climatbambey 2004 12 28 363 16.5 31.9 16.7 4.6 0 2 13.6 377.7
climatbambey 2004 12 29 364 17 34 16.8 4.8 0 1.8 12.6 377.7
climatbambey 2004 12 30 365 17.6 32.4 16.8 4.9 0 1.8 10 377.7
climatbambey 2004 12 31 366 17.5 33.6 16.8 4.9 0 1.8 11.8 377.7
