climatbambey 2001 1 2 2 13.9 34.9 13 3.5 0 1.3 17.3 371.32
climatbambey 2001 1 3 3 14.6 36.5 13.3 3.8 0 1.3 16.2 371.32
climatbambey 2001 1 4 4 14 37.9 13.1 4.3 0 1.6 15.9 371.32
climatbambey 2001 1 5 5 16.2 36.1 13.7 4.8 0 1.5 6.8 371.32
climatbambey 2001 1 6 6 11 35.9 13.9 4.5 0 1.6 10.5 371.32
climatbambey 2001 1 7 7 13.1 35.6 14.2 4.1 0 1.5 14.2 371.32
climatbambey 2001 1 8 8 15.5 36.1 13.8 4 0 1.4 15.8 371.32
climatbambey 2001 1 9 9 15.2 37.1 13.7 4.3 0 1.4 13.6 371.32
climatbambey 2001 1 10 10 14 37.1 14.1 5.1 0 1.8 10.3 371.32
climatbambey 2001 1 11 11 15 35.5 14.8 4.7 0 1.7 11.6 371.32
climatbambey 2001 1 12 12 16.1 36.1 15.5 4.9 0 1.7 12.2 371.32
climatbambey 2001 1 13 13 16.5 35.2 18.9 5.3 0 1.8 11.2 371.32
climatbambey 2001 1 14 14 15 34.1 20.5 5.2 0 2 14.3 371.32
climatbambey 2001 1 15 15 15.9 32.8 20.7 4.6 0 1.5 13.9 371.32
climatbambey 2001 1 16 16 15.6 35.2 20.9 5 0 1.5 12 371.32
climatbambey 2001 1 17 17 16 35.6 21.1 5.3 0 1.6 11.1 371.32
climatbambey 2001 1 18 18 17.4 35.5 21.4 5.9 0 1.9 8.1 371.32
climatbambey 2001 1 19 19 18.9 34.9 21.1 5.3 0 1.6 12 371.32
climatbambey 2001 1 20 20 19 37.5 21.3 5.4 0 1.5 13.2 371.32
climatbambey 2001 1 21 21 22.3 35.1 20.8 5.5 0 1.7 14 371.32
climatbambey 2001 1 22 22 22.5 37.1 21.5 5.9 0 1.8 15.3 371.32
climatbambey 2001 1 23 23 14 36 21.5 5 0 1.5 14.9 371.32
climatbambey 2001 1 24 24 17 35.9 21.9 5.9 0 2.2 14.5 371.32
climatbambey 2001 1 25 25 16 33.7 21.4 6.3 0 2.3 7.5 371.32
climatbambey 2001 1 26 26 15 33.6 22.1 5.4 0 2 13.7 371.32
climatbambey 2001 1 27 27 15 33.6 22.1 5.1 0 2 16.6 371.32
climatbambey 2001 1 28 28 13.7 34.4 22.4 5.1 0 1.8 16.2 371.32
climatbambey 2001 1 29 29 15.1 33.5 22.1 5.1 0 1.7 14.3 371.32
climatbambey 2001 1 30 30 13 31.5 14 3.5 0 1.5 15.6 371.32
climatbambey 2001 1 31 31 13.1 33.7 21.2 4.8 0 1.8 16 371.32
climatbambey 2001 2 1 32 13.5 35.6 20.2 4.7 0 1.5 16.6 371.32
climatbambey 2001 2 2 33 14.5 36.3 22.1 5.6 0 1.8 13.9 371.32
climatbambey 2001 2 3 34 16 35 21.5 5.5 0 1.8 13.2 371.32
climatbambey 2001 2 4 35 16.6 34.5 21.9 5.2 0 1.6 13.7 371.32
climatbambey 2001 2 5 36 16 33.1 12.9 3.7 0 1.2 13.6 371.32
climatbambey 2001 2 6 37 15 37.1 20.9 5.5 0 1.8 15.5 371.32
climatbambey 2001 2 7 38 17.5 38.6 20.2 5.8 0 1.6 11.7 371.32
climatbambey 2001 2 8 39 18.2 37.4 21.4 6.6 0 2.1 9.3 371.32
climatbambey 2001 2 9 40 16.5 37.1 22.2 6.4 0 1.8 5.5 371.32
climatbambey 2001 2 10 41 18 37 22.8 6.9 0 2.1 5.1 371.32
climatbambey 2001 2 11 42 18 37.6 22 7.2 0 2.2 4.7 371.32
climatbambey 2001 2 12 43 20.6 37.6 20.5 7.7 0 2.5 4.8 371.32
climatbambey 2001 2 13 44 20.3 35.2 22 6.6 0 2 4.1 371.32
climatbambey 2001 2 14 45 16.8 33.9 22.1 6.6 0 2.1 3.9 371.32
climatbambey 2001 2 15 46 17.1 34.2 18.7 5.7 0 1.7 5.1 371.32
climatbambey 2001 2 16 47 20.8 34 12.8 5.3 0 1.7 5.8 371.32
climatbambey 2001 2 17 48 19.4 36.5 20.1 6.2 0 1.8 6.2 371.32
climatbambey 2001 2 18 49 21.6 36.9 14.8 5.7 0 1.7 6.9 371.32
climatbambey 2001 2 19 50 19.5 33.1 10.6 3.7 0 1.1 10.9 371.32
climatbambey 2001 2 20 51 19 34.4 11.5 4.3 0 1.2 7.4 371.32
climatbambey 2001 2 21 52 23 40.1 19.5 6.8 0 1.9 8.3 371.32
climatbambey 2001 2 22 53 21 41.6 22.5 6.9 0 1.9 14.9 371.32
climatbambey 2001 2 23 54 20 40.6 23.2 7.1 0 2.1 15.1 371.32
climatbambey 2001 2 24 55 18.5 35.5 22.2 6.2 0 2.3 16 371.32
climatbambey 2001 2 25 56 20 35.2 18.2 5.5 0 2 16.2 371.32
climatbambey 2001 2 26 57 23 37.1 12 5.4 0 2.1 16 371.32
climatbambey 2001 2 27 58 23 39.2 21 7.4 0 2.3 11.3 371.32
climatbambey 2001 2 28 59 18.9 37.2 23.4 10.1 0 3.9 4 371.32
climatbambey 2001 3 1 60 18.5 36 23.7 6.5 0 2 12.7 371.32
climatbambey 2001 3 2 61 16 36.8 24.9 7.3 0 2.3 8.4 371.32
climatbambey 2001 3 3 62 14.3 39 24.7 6.9 0 1.8 8.6 371.32
climatbambey 2001 3 4 63 19 39.5 25 7.4 0 2.2 13.4 371.32
climatbambey 2001 3 5 64 19.3 40.5 21.4 7.2 0 2.2 12.9 371.32
climatbambey 2001 3 6 65 26.9 42.2 24.2 8.1 0 2.3 15.6 371.32
climatbambey 2001 3 7 66 19 39.5 22.9 7.7 0 2.3 9.3 371.32
climatbambey 2001 3 8 67 23.9 41.2 23.2 7.6 0 2.2 15.2 371.32
climatbambey 2001 3 9 68 18.1 40.5 23.9 6.5 0 1.6 16.3 371.32
climatbambey 2001 3 10 69 16.5 40.5 23.2 6.7 0 1.8 14 371.32
climatbambey 2001 3 11 70 19 40.9 24.5 7.9 0 2.4 13.3 371.32
climatbambey 2001 3 12 71 19.1 37.7 22.9 7.1 0 3 19 371.32
climatbambey 2001 3 13 72 17.8 30.7 22.9 5.5 0 3.1 18.9 371.32
climatbambey 2001 3 14 73 15.6 32.1 23.5 5.2 0 2.5 19.2 371.32
climatbambey 2001 3 15 74 16.7 30 23.3 5.1 0 2.5 18.4 371.32
climatbambey 2001 3 16 75 16.5 30.1 22.7 4.8 0 2.6 20.3 371.32
climatbambey 2001 3 17 76 16.6 34.1 22.8 5.6 0 2.7 20.4 371.32
climatbambey 2001 3 18 77 17.5 38.1 23 6 0 2.3 22.6 371.32
climatbambey 2001 3 19 78 20 40.1 22.1 7 0 2.1 15.7 371.32
climatbambey 2001 3 20 79 18.5 42.1 23.3 7.1 0 1.9 16 371.32
climatbambey 2001 3 21 80 18.4 41.6 23.4 6.8 0 1.8 17.4 371.32
climatbambey 2001 3 22 81 19.4 41.8 23.8 6.9 0 2 22.2 371.32
climatbambey 2001 3 23 82 20.4 39.5 23.7 7.7 0 2.7 17.3 371.32
climatbambey 2001 3 24 83 17.1 35.1 23.5 6 0 2.9 20.8 371.32
climatbambey 2001 3 25 84 17.1 32.5 19.7 4.9 0 2.5 20.7 371.32
climatbambey 2001 3 26 85 17.1 33.1 22.8 5.1 0 2 21.7 371.32
climatbambey 2001 3 27 86 17.9 32.5 13.8 4.1 0 2.5 21.3 371.32
climatbambey 2001 3 28 87 19.4 39.1 20.8 6.5 0 2.9 23 371.32
climatbambey 2001 3 29 88 22.5 38.6 14.8 7 0 2.9 16 371.32
climatbambey 2001 3 30 89 21.5 40 20.5 7.3 0 2.5 16.4 371.32
climatbambey 2001 3 31 90 22.5 40.1 23.2 8.1 0 2.7 15.3 371.32
climatbambey 2001 4 1 91 20.5 40 23 8.4 0 3.4 17.9 371.32
climatbambey 2001 4 2 92 21.2 37.8 21.9 7.3 0 4 23.3 371.32
climatbambey 2001 4 3 93 17.5 32.6 22 5.5 0 3.2 20.6 371.32
climatbambey 2001 4 4 94 13.5 32 23.2 5.3 0 2.7 17.6 371.32
climatbambey 2001 4 5 95 16.3 38.6 22.9 6 0 2.1 22.3 371.32
climatbambey 2001 4 6 96 15.3 41.5 23.3 7.4 0 2.7 19 371.32
climatbambey 2001 4 7 97 21.4 41.4 23 6.7 0 1.7 19.3 371.32
climatbambey 2001 4 8 98 21.3 42.4 22.6 6.8 0 2 24.8 371.32
climatbambey 2001 4 9 99 21.5 40.5 21 5.8 0 1.7 27.6 371.32
climatbambey 2001 4 10 100 20.4 42.6 23.8 8 0 2.5 18.7 371.32
climatbambey 2001 4 11 101 27 43.6 21.6 8.5 0 2.3 11.7 371.32
climatbambey 2001 4 12 102 19.5 41.6 15.4 6 0 2.2 20.4 371.32
climatbambey 2001 4 13 103 18.5 38.1 23.4 6.1 0 2.7 26 371.32
climatbambey 2001 4 14 104 18.8 34.6 24.3 5.8 0 2.9 23.8 371.32
climatbambey 2001 4 15 105 17.5 33.1 24.3 5.6 0 3.1 22.6 371.32
climatbambey 2001 4 16 106 18.3 35.1 22.2 5.5 0 2.9 24.5 371.32
climatbambey 2001 4 17 107 19.9 35.6 23.9 6.4 0 2.7 21.6 371.32
climatbambey 2001 4 18 108 18.3 32.5 24.1 6.1 0 2.7 18.2 371.32
climatbambey 2001 4 19 109 16.4 32.1 25.9 6.1 0 3.3 19.1 371.32
climatbambey 2001 4 20 110 18.1 35.5 19.9 5.7 0 2.3 19.2 371.32
climatbambey 2001 4 21 111 21.7 37.5 23.7 8.5 0 4.1 18.5 371.32
climatbambey 2001 4 22 112 18 34.5 24.1 7.1 0 3.3 16.2 371.32
climatbambey 2001 4 23 113 18.2 37.1 24.7 7.6 0 3.1 16.8 371.32
climatbambey 2001 4 24 114 17.5 39.1 24.1 6.7 0 2.2 20.2 371.32
climatbambey 2001 4 25 115 18.9 40.1 26.4 7.3 0 2.7 23.9 371.32
climatbambey 2001 4 26 116 19 41 25 7.4 0 2.9 24.2 371.32
climatbambey 2001 4 27 117 19.9 43.4 25.3 9 0 3.7 23.1 371.32
climatbambey 2001 4 28 118 21.5 42.4 24.8 8.9 0 3.7 23 371.32
climatbambey 2001 4 29 119 19.5 35.6 24.9 7.3 0 3.4 19.1 371.32
climatbambey 2001 4 30 120 17.4 32.7 23.3 6.2 0 2.8 17 371.32
climatbambey 2001 5 1 121 17.3 35.9 26 6.4 0 2.6 21.1 371.32
climatbambey 2001 5 2 122 18.5 35.1 23.5 5.9 0 2.6 22.5 371.32
climatbambey 2001 5 3 123 18.8 35.2 24.1 6.1 0 2.8 22.5 371.32
climatbambey 2001 5 4 124 18.2 36.1 24.1 6.4 0 2.7 21.2 371.32
climatbambey 2001 5 5 125 20 40.9 23.7 7.6 0 3 23.1 371.32
climatbambey 2001 5 6 126 19.5 42 23.4 7.7 0 2.8 22.1 371.32
climatbambey 2001 5 7 127 19 42.1 22.5 8.8 0 3.5 18.2 371.32
climatbambey 2001 5 8 128 24 42.1 25 8.6 0 3.5 25.5 371.32
climatbambey 2001 5 9 129 21 40.1 22.7 7.6 0 3.5 24.1 371.32
climatbambey 2001 5 10 130 21.1 39.4 24.1 8.1 0 3.4 20.7 371.32
climatbambey 2001 5 11 131 25.5 43.5 24.5 10.3 0 3.6 16.4 371.32
climatbambey 2001 5 12 132 22 40.9 24.2 7.7 0 2.4 19.4 371.32
climatbambey 2001 5 13 133 19.4 35.6 19.6 5.8 0 2.3 18.9 371.32
climatbambey 2001 5 14 134 29.4 36.6 24.8 7.3 0 3 29.7 371.32
climatbambey 2001 5 15 135 20.6 38.6 25.1 6.6 0 2.5 26.3 371.32
climatbambey 2001 5 16 136 18.5 38.8 25.5 6.9 0 2.4 22.2 371.32
climatbambey 2001 5 17 137 18.4 39.4 27.5 7.2 0 2.7 24.5 371.32
climatbambey 2001 5 18 138 19.5 36.4 25.4 6.5 0 2.7 23.2 371.32
climatbambey 2001 5 19 139 19.8 35 23.6 6.1 0 3 23.4 371.32
climatbambey 2001 5 20 140 20.1 35.5 23.8 5.8 0 2.6 25.6 371.32
climatbambey 2001 5 21 141 19 38.5 23.3 6 0 2 24.5 371.32
climatbambey 2001 5 22 142 19 39.5 24.7 6.4 0 2 25.4 371.32
climatbambey 2001 5 23 143 21.3 38.7 24.5 6.5 0 2.4 26.5 371.32
climatbambey 2001 5 24 144 16.1 38 22.3 6.1 0 2.8 22.5 371.32
climatbambey 2001 5 25 145 21.1 39.5 24.6 6.7 0 2.5 26.8 371.32
climatbambey 2001 5 26 146 21.5 38.6 25.8 6.8 0 2.8 27.9 371.32
climatbambey 2001 5 27 147 21 38.9 25.2 6.7 0 2.4 26 371.32
climatbambey 2001 5 28 148 20 39.1 23.7 6.3 0 2.4 27.1 371.32
climatbambey 2001 5 29 149 20.4 37.2 24.7 6.6 0 2.8 24.3 371.32
climatbambey 2001 5 30 150 20.6 34.6 24.6 6 0 2.6 24.4 371.32
climatbambey 2001 5 31 151 21.4 34.1 24 6.3 0 3.1 22.9 371.32
climatbambey 2001 6 1 152 22.2 35.2 24.5 6.3 0 2.8 25 371.32
climatbambey 2001 6 2 153 22 35.5 24.3 6.2 0 2.9 26.3 371.32
climatbambey 2001 6 3 154 21.5 38.6 23 6.6 0 2.6 24.7 371.32
climatbambey 2001 6 4 155 23.7 38.5 24.4 6.9 0 2.9 27.8 371.32
climatbambey 2001 6 5 156 23.1 37.5 19.6 6.3 0 3 25.5 371.32
climatbambey 2001 6 6 157 25.1 38.7 19 6.1 0 2.7 28.6 371.32
climatbambey 2001 6 7 158 23.4 33.6 15.8 5.2 0 3.3 25.1 371.32
climatbambey 2001 6 8 159 23.4 34.5 23.7 6.3 0 2.9 24.6 371.32
climatbambey 2001 6 9 160 23.4 36.5 20.5 5.4 0 1.9 27.9 371.32
climatbambey 2001 6 10 161 23 35.9 24.2 6.6 0 3.3 26.3 371.32
climatbambey 2001 6 11 162 23.5 36 23.2 6.3 0 2.8 26.6 371.32
climatbambey 2001 6 12 163 23 39.1 21.7 6.3 0 2.2 25.7 371.32
climatbambey 2001 6 13 164 22.5 37.1 23.4 6.2 0 2.5 27.3 371.32
climatbambey 2001 6 14 165 24.4 36 17.6 5 0 2.4 29.4 371.32
climatbambey 2001 6 15 166 23.1 37.6 21.7 6.3 0 3.1 27.7 371.32
climatbambey 2001 6 16 167 24.1 33.6 13.4 3.9 0 2.6 29.8 371.32
climatbambey 2001 6 17 168 22.5 36.1 23.7 6.1 0 2.9 27.9 371.32
climatbambey 2001 6 18 169 23 35.6 24 6 0 2.8 28.7 371.32
climatbambey 2001 6 19 170 22 35.6 23.9 6 0 2.7 26.7 371.32
climatbambey 2001 6 20 171 22 39 24.4 6.9 0 3 27.5 371.32
climatbambey 2001 6 21 172 22.1 34.6 21.2 5.8 0 2.8 24.5 371.32
climatbambey 2001 6 22 173 21.5 36.6 23.9 6.1 0 2.4 25.7 371.32
climatbambey 2001 6 23 174 22.5 37.8 24.4 6.5 0 2.6 27 371.32
climatbambey 2001 6 24 175 24 38.5 20.1 5.6 0.5 2.1 29.6 371.32
climatbambey 2001 6 25 176 24.5 35.7 20.6 5.5 0 2 27.5 371.32
climatbambey 2001 6 26 177 25.3 37.7 23.3 6.7 0 2.9 28.9 371.32
climatbambey 2001 6 27 178 25.1 34.5 12.8 4.3 0 2.1 26.6 371.32
climatbambey 2001 6 28 179 24.3 36.7 23.4 6.5 0 2.4 25.3 371.32
climatbambey 2001 6 29 180 23.8 36.1 23.4 6.3 0 2.6 26.4 371.32
climatbambey 2001 6 30 181 24 36.6 19.8 5.7 0 2 24.8 371.32
climatbambey 2001 7 1 182 22.5 33 18.8 4.5 8.7 1.7 27 371.32
climatbambey 2001 7 2 183 25 36 22.8 5.8 0 2.6 31.7 371.32
climatbambey 2001 7 3 184 24 37.1 19.5 5.5 34.2 2.4 29.6 371.32
climatbambey 2001 7 4 185 20.6 30.6 12.6 3 0.3 1.2 26.3 371.32
climatbambey 2001 7 5 186 24.5 33.1 15.4 4 4 1.9 29.3 371.32
climatbambey 2001 7 6 187 24.5 34.6 22.2 5.4 2.3 2.4 30.6 371.32
climatbambey 2001 7 7 188 24 36 24.4 6 0 2.4 29.5 371.32
climatbambey 2001 7 8 189 25.5 36.1 23.7 6 0 2.5 31.1 371.32
climatbambey 2001 7 9 190 25.4 36 23.1 5.9 0.8 2 29.4 371.32
climatbambey 2001 7 10 191 25.5 33.1 12.7 4.1 0 2.6 28.9 371.32
climatbambey 2001 7 11 192 24.5 36.5 24.4 6.3 0 2.4 29 371.32
climatbambey 2001 7 12 193 25.4 33.6 20.8 5.7 0.2 2.8 27.2 371.32
climatbambey 2001 7 13 194 25 35 21.7 5.5 68 2.5 30.8 371.32
climatbambey 2001 7 14 195 23.4 31.5 19.8 4.6 0 2.2 27.8 371.32
climatbambey 2001 7 15 196 24.6 32.5 24.1 5.4 0 2.8 30.8 371.32
climatbambey 2001 7 16 197 25.6 32.1 17 4.6 0 2.5 28.6 371.32
climatbambey 2001 7 17 198 24.5 32.4 19.9 5.2 0 2.8 27 371.32
climatbambey 2001 7 18 199 24.1 32.6 24.3 5.7 9 2.8 28.2 371.32
climatbambey 2001 7 19 200 22 27 12.5 2.6 1.1 1 27.7 371.32
climatbambey 2001 7 20 201 22.5 32.6 18.3 4.1 0 1.5 28.9 371.32
climatbambey 2001 7 21 202 22.2 34.4 23.5 5.4 5.1 1.8 27.1 371.32
climatbambey 2001 7 22 203 22 32.1 19.2 4.2 0 1.8 28.6 371.32
climatbambey 2001 7 23 204 24.2 33.4 23.4 5.7 0 2.2 26.7 371.32
climatbambey 2001 7 24 205 22.9 33.2 21.1 4.8 0 1.5 27.9 371.32
climatbambey 2001 7 25 206 24.5 34 23.4 5.3 0.9 1.5 29.1 371.32
climatbambey 2001 7 26 207 21.4 31.9 16.4 3.8 8.5 1.5 27.4 371.32
climatbambey 2001 7 27 208 22.7 32 20.5 4.4 0 1.2 28.7 371.32
climatbambey 2001 7 28 209 24 32.4 21.1 4.6 69 1.3 30 371.32
climatbambey 2001 7 29 210 23.5 33.5 26.9 5.7 0 1.6 30 371.32
climatbambey 2001 7 30 211 22.6 31.4 22.1 4.8 0 2.1 27.6 371.32
climatbambey 2001 7 31 212 25.6 31 14.6 3.4 10 1.6 32.1 371.32
climatbambey 2001 8 1 213 23.5 31.1 20.3 4.2 12.5 2 31 371.32
climatbambey 2001 8 2 214 23.5 30.6 18.9 3.9 1.8 1.7 31.3 371.32
climatbambey 2001 8 3 215 25 32.6 20.6 4.6 0 1.7 31.3 371.32
climatbambey 2001 8 4 216 25 32.4 24.2 5.4 0 2.1 30.3 371.32
climatbambey 2001 8 5 217 25 33.1 17.5 4 0.9 0.9 32.3 371.32
climatbambey 2001 8 6 218 24.8 33.2 18 4.1 16.6 1.1 31.6 371.32
climatbambey 2001 8 7 219 24.8 35.1 23.1 5.2 84 1.5 34.7 371.32
climatbambey 2001 8 8 220 23.4 32.5 22.2 4.7 0 1 30.5 371.32
climatbambey 2001 8 9 221 25.8 33 23.4 5 0 1 33.2 371.32
climatbambey 2001 8 10 222 25.5 32.2 22 4.8 20.5 1.4 31.2 371.32
climatbambey 2001 8 11 223 23.2 33.1 23.6 5.1 16.6 1.4 29.5 371.32
climatbambey 2001 8 12 224 23.7 32.7 23.6 4.9 13 1.3 32.7 371.32
climatbambey 2001 8 13 225 22 32.9 22.3 4.7 0 1.2 29.6 371.32
climatbambey 2001 8 14 226 25.5 31.4 19.2 4.2 0 1.6 32 371.32
climatbambey 2001 8 15 227 24.5 32.5 21.5 4.8 0 1.7 30.9 371.32
climatbambey 2001 8 16 228 24 32.1 16.5 3.7 0.4 1 31.1 371.32
climatbambey 2001 8 17 229 25 36.1 24.5 5.6 0 1.3 33.7 371.32
climatbambey 2001 8 18 230 25.2 34.6 24.7 5.5 0 1.7 33.7 371.32
climatbambey 2001 8 19 231 25 33.4 24.6 5.4 0 1.5 31.6 371.32
climatbambey 2001 8 20 232 23.3 33.9 24 5.2 0 1.4 29.5 371.32
climatbambey 2001 8 21 233 22.8 34.2 25.2 5.5 1.2 1.6 28.8 371.32
climatbambey 2001 8 22 234 24.6 34.3 20.9 4.9 0 1.5 30.4 371.32
climatbambey 2001 8 23 235 24.6 33.3 15.5 3.7 0.6 1.1 31.7 371.32
climatbambey 2001 8 24 236 24.5 33.9 24.8 5.5 12.8 1.9 31.6 371.32
climatbambey 2001 8 25 237 22.5 33.4 19.9 4.3 0.2 0.8 29.6 371.32
climatbambey 2001 8 26 238 22.5 34 18.7 4.1 1.4 0.9 30.9 371.32
climatbambey 2001 8 27 239 24.4 33 20.4 4.6 0 1.5 30.5 371.32
climatbambey 2001 8 28 240 24 34 20.8 4.7 44.6 1.3 30.6 371.32
climatbambey 2001 8 29 241 22 32.1 24.2 5 0 1.7 28.6 371.32
climatbambey 2001 8 30 242 25.5 33.6 19.6 4.5 0 1.5 32.9 371.32
climatbambey 2001 8 31 243 25 33.5 20.5 4.7 0 1.6 31.9 371.32
climatbambey 2001 9 1 244 21.5 32 21.4 4.3 27 0.6 30 371.32
climatbambey 2001 9 2 245 22 32.6 22.3 4.6 0 1 29.9 371.32
climatbambey 2001 9 3 246 24.2 34.4 23 5 30 1.1 32 371.32
climatbambey 2001 9 4 247 23.9 34.2 24.1 5.2 0 1.2 30.3 371.32
climatbambey 2001 9 5 248 22.2 33.1 21.7 4.5 0 0.8 29.1 371.32
climatbambey 2001 9 6 249 22.3 32.7 24.7 5.1 23 1.7 29.2 371.32
climatbambey 2001 9 7 250 21.4 30.1 15.8 3.4 3.7 1.7 27.5 371.32
climatbambey 2001 9 8 251 24.5 33.7 20.5 4.5 4.8 1 32.2 371.32
climatbambey 2001 9 9 252 23 31.4 16.1 3.5 0 1.1 30.1 371.32
climatbambey 2001 9 10 253 23 34 23.1 4.9 0 0.9 31.3 371.32
climatbambey 2001 9 11 254 25 36.1 21.5 4.9 0 0.9 33.9 371.32
climatbambey 2001 9 12 255 25 34.1 23.3 5 0 0.8 32.2 371.32
climatbambey 2001 9 13 256 25 33.6 18.4 4.2 0 1.9 34 371.32
climatbambey 2001 9 14 257 25.3 33.8 18.3 4.2 0 1.3 33.3 371.32
climatbambey 2001 9 15 258 25 33.4 21.6 5 12.7 1.7 30.4 371.32
climatbambey 2001 9 16 259 22.5 32 22.6 4.7 9.3 1 27.3 371.32
climatbambey 2001 9 17 260 23.7 31.5 15.6 3.4 0.4 1 30.5 371.32
climatbambey 2001 9 18 261 23.1 32.5 18.5 3.9 14.3 0.8 30.8 371.32
climatbambey 2001 9 19 262 22.5 34.5 23.9 5 0 0.8 29 371.32
climatbambey 2001 9 20 263 23.2 32.7 12.5 3 0 0.8 28.5 371.32
climatbambey 2001 9 21 264 23.5 32.8 21.4 4.6 4.4 1.2 29.2 371.32
climatbambey 2001 9 22 265 24.7 31.7 17.3 3.8 0 1 31.5 371.32
climatbambey 2001 9 23 266 24 32.1 21 4.5 0 1.7 30.3 371.32
climatbambey 2001 9 24 267 24.9 33 21.8 4.8 0.3 1.4 31.2 371.32
climatbambey 2001 9 25 268 22 34.1 19.8 4.3 95 1 29 371.32
climatbambey 2001 9 26 269 22 32.6 21.3 4.5 0 1.4 29.2 371.32
climatbambey 2001 9 27 270 25 34 20.9 4.6 0 1.2 33 371.32
climatbambey 2001 9 28 271 23.7 34 23.9 5.2 3.5 1.7 30.6 371.32
climatbambey 2001 9 29 272 22 34.6 22.7 4.8 0 1 28.3 371.32
climatbambey 2001 9 30 273 24.1 35.6 21.3 4.7 0 1 32.4 371.32
climatbambey 2001 10 1 274 24.6 35.3 23 5.1 0.2 1.2 31.9 371.32
climatbambey 2001 10 2 275 21.6 36.2 19.5 4.4 0 0.9 28.5 371.32
climatbambey 2001 10 3 276 23.6 36.2 23.5 5.2 0 1 29.5 371.32
climatbambey 2001 10 4 277 22.5 36.9 19.5 4.4 0 0.8 30.2 371.32
climatbambey 2001 10 5 278 24.1 35.9 23.1 5.1 0 0.9 30.8 371.32
climatbambey 2001 10 6 279 23 37.1 22 4.9 0 0.8 32.3 371.32
climatbambey 2001 10 7 280 23 37 23.6 5.3 0 1.1 30.8 371.32
climatbambey 2001 10 8 281 24.2 38.5 21.3 5.1 0 1.4 34.6 371.32
climatbambey 2001 10 9 282 25.4 38.1 22.9 5.4 0 1.3 33.8 371.32
climatbambey 2001 10 10 283 24.6 35.4 21.8 4.8 0 1.2 33.3 371.32
climatbambey 2001 10 11 284 24.4 28.1 11.8 2.5 0 1 30.9 371.32
climatbambey 2001 10 12 285 23 33.6 16.6 3.6 0 0.8 32.3 371.32
climatbambey 2001 10 13 286 25 35.8 17 4.1 0 1.1 31.7 371.32
climatbambey 2001 10 14 287 25.1 36.1 17 4.1 0 1.1 33.6 371.32
climatbambey 2001 10 15 288 24.9 35.9 21.3 4.6 0 0.6 33 371.32
climatbambey 2001 10 16 289 23 35.1 21.4 4.8 16.2 1.5 30.5 371.32
climatbambey 2001 10 17 290 23.3 35.9 22.6 4.8 0 0.7 32.3 371.32
climatbambey 2001 10 18 291 22.5 36.9 20.3 4.4 0 0.7 31.5 371.32
climatbambey 2001 10 19 292 23 37 21.5 5 0 1.4 30.8 371.32
climatbambey 2001 10 20 293 24.6 35.3 19.1 4.2 0 0.7 31.9 371.32
climatbambey 2001 10 21 294 21.6 36.5 21 4.6 0 1 28.7 371.32
climatbambey 2001 10 22 295 20 36.6 20.1 4.3 0 0.9 29 371.32
climatbambey 2001 10 23 296 21.1 36.6 19.6 4.5 21 1.2 28.8 371.32
climatbambey 2001 10 24 297 22 37.6 22.3 4.9 0 1 30.2 371.32
climatbambey 2001 10 25 298 24.2 34.5 21 4.6 0 1.3 32.1 371.32
climatbambey 2001 10 26 299 23.6 36.6 20.9 4.7 0 1 31.4 371.32
climatbambey 2001 10 27 300 23.5 36.4 20.1 4.5 0 1 31.3 371.32
climatbambey 2001 10 28 301 21.4 36.1 21.5 4.5 0 0.8 27.2 371.32
climatbambey 2001 10 29 302 19 38.6 21 4.7 0 0.9 24.7 371.32
climatbambey 2001 10 30 303 19 38.8 21.3 4.7 0 0.8 24.1 371.32
climatbambey 2001 10 31 304 17.6 37.1 21.3 4.6 0 1 22.7 371.32
climatbambey 2001 11 1 305 18.1 34 20.1 3.9 0 0.8 28.3 371.32
climatbambey 2001 11 2 306 19 34.3 10.3 3 0 1.4 24.4 371.32
climatbambey 2001 11 3 307 17.4 34.1 19.6 4 11 1 24 371.32
climatbambey 2001 11 4 308 21 36.1 19.4 4.1 0 0.8 27.9 371.32
climatbambey 2001 11 5 309 17.6 37.6 21.4 4.4 0 0.7 23.4 371.32
climatbambey 2001 11 6 310 18.5 39.4 21.6 4.7 0 0.8 24.6 371.32
climatbambey 2001 11 7 311 19.5 38.4 21.5 4.9 0 1.2 25 371.32
climatbambey 2001 11 8 312 17.5 39.1 21.4 5 0 1.2 22.5 371.32
climatbambey 2001 11 9 313 17 39.1 20.7 4.8 0 1.1 22 371.32
climatbambey 2001 11 10 314 21 38.4 20.3 4.7 0 1.1 27.1 371.32
climatbambey 2001 11 11 315 19.5 36.1 21.5 4.5 0 0.9 24.3 371.32
climatbambey 2001 11 12 316 16.6 36.7 20.9 4.4 0 0.9 20.3 371.32
climatbambey 2001 11 13 317 18 37.2 17.7 4.2 0 1.1 20.7 371.32
climatbambey 2001 11 14 318 19.5 37.2 20.9 4.7 0 1.2 22.4 371.32
climatbambey 2001 11 15 319 18.7 38.3 21.3 4.8 0 1.1 23.2 371.32
climatbambey 2001 11 16 320 20.1 38.5 21.3 5.1 0 1.2 19 371.32
climatbambey 2001 11 17 321 17 39.9 21.3 5.3 0 1.4 19.2 371.32
climatbambey 2001 11 18 322 21.5 40.3 21.1 5 0 1.1 25.5 371.32
climatbambey 2001 11 19 323 17.5 39.1 17.9 4.3 0 0.9 17.3 371.32
climatbambey 2001 11 20 324 14.5 37.4 16.8 3.9 0 1 20.1 371.32
climatbambey 2001 11 21 325 20 34.4 17 3.9 0 1.3 23.1 371.32
climatbambey 2001 11 22 326 18.5 33.9 20.5 4.2 0 1.2 23.8 371.32
climatbambey 2001 11 23 327 18 34.6 19.6 4.1 0 1.2 23.1 371.32
climatbambey 2001 11 24 328 19.9 34.5 13.1 3.3 0 1.2 23.6 371.32
climatbambey 2001 11 25 329 19.5 33.1 9.8 3 0 1.6 23.1 371.32
climatbambey 2001 11 26 330 21.7 32.2 9.8 2.8 0 1.4 25.1 371.32
climatbambey 2001 11 27 331 19.5 32.5 11.6 2.8 0 1.2 24.5 371.32
climatbambey 2001 11 28 332 19.2 33.7 12.7 3 0 1.1 24 371.32
climatbambey 2001 11 29 333 21.5 33 9.5 2.7 0 1 22.8 371.32
climatbambey 2001 11 30 334 21.5 33.1 11.9 3.7 0 1.4 17.8 371.32
climatbambey 2001 12 1 335 19.4 34.5 16.9 4.5 0 1.7 18.3 371.32
climatbambey 2001 12 2 336 18.5 34.8 16.9 4.4 0 1.4 14.5 371.32
climatbambey 2001 12 3 337 19.5 35.9 16.9 4.8 0 1.6 14.7 371.32
climatbambey 2001 12 4 338 21.1 35.8 16.9 5.8 0 2.2 12.2 371.32
climatbambey 2001 12 5 339 21.5 30.6 16.8 4.9 0 2 13.1 371.32
climatbambey 2001 12 6 340 22.4 33.6 16.8 4.2 0 1.2 15.9 371.32
climatbambey 2001 12 7 341 22.4 39.3 16.8 5.1 0 1.5 14.9 371.32
climatbambey 2001 12 8 342 14.5 37.4 16.8 4.1 0 1.1 15.4 371.32
climatbambey 2001 12 9 343 18.5 37 16.8 4.5 0 1.5 18.8 371.32
climatbambey 2001 12 10 344 23 36.5 16.7 4.6 0 1.3 13.8 371.32
climatbambey 2001 12 11 345 20.7 32.4 16.7 5.3 0 2.2 12.7 371.32
climatbambey 2001 12 12 346 14.5 36.9 16.7 4.3 0 1.2 11.9 371.32
climatbambey 2001 12 13 347 14.1 34.7 16.7 4.8 0 1.6 9.6 371.32
climatbambey 2001 12 14 348 18.5 34 16.7 4.5 0 1.4 9.9 371.32
climatbambey 2001 12 15 349 18.5 35.9 16.7 4.5 0 1.4 14.4 371.32
climatbambey 2001 12 16 350 19.3 37.7 16.7 4.8 0 1.5 15.2 371.32
climatbambey 2001 12 17 351 16.2 37.2 16.7 4.1 0 1.2 18 371.32
climatbambey 2001 12 18 352 16.7 38.2 16.7 4.1 0 1.1 18.3 371.32
climatbambey 2001 12 19 353 18 40.4 16.7 4.4 0 1.1 17.8 371.32
climatbambey 2001 12 20 354 19.5 39.2 16.7 4.1 0 1.1 24.3 371.32
climatbambey 2001 12 21 355 17.3 38.1 16.7 4.1 0 1.3 23 371.32
climatbambey 2001 12 22 356 16.9 37 16.7 4.3 0 1.7 21.5 371.32
climatbambey 2001 12 23 357 17 37 16.7 3.9 0 1.4 25 371.32
climatbambey 2001 12 24 358 20.4 36.8 16.7 4.1 0 1.5 25.8 371.32
climatbambey 2001 12 25 359 20.8 39 16.7 4.3 0 1.3 25.7 371.32
climatbambey 2001 12 26 360 18.1 40.1 16.7 4.2 0 1.1 22.8 371.32
climatbambey 2001 12 27 361 14 39.5 16.7 4.2 0 1.2 19.7 371.32
climatbambey 2001 12 28 362 18 37 16.7 3.8 0 0.9 19.6 371.32
climatbambey 2001 12 29 363 18.9 38.8 16.7 3.9 0 0.9 23.2 371.32
climatbambey 2001 12 30 364 16.3 36.1 16.8 3.7 0 1.1 22.1 371.32
climatbambey 2001 12 31 365 18 34.9 16.8 3.9 0 1.5 23.6 371.32
