climatbambey 2007 1 2 2 16 31.2 17.2 6.7 0 3.2 6.7 384.02
climatbambey 2007 1 3 3 15.8 30.6 17.2 5.9 0 2.6 6.5 384.02
climatbambey 2007 1 4 4 15.6 30.7 17.2 6.9 0 3.6 6.9 384.02
climatbambey 2007 1 5 5 13.6 31.6 18.7 5.6 0 2.3 7.5 384.02
climatbambey 2007 1 6 6 16 31.1 18.8 6 0 2.4 4.9 384.02
climatbambey 2007 1 7 7 15 31.5 17.3 5.1 0 1.8 5.7 384.02
climatbambey 2007 1 8 8 15 34 17.3 4.3 0 1.2 9.1 384.02
climatbambey 2007 1 9 9 16.5 35 17.4 3.9 0 0.9 12.9 384.02
climatbambey 2007 1 10 10 11 35 17.4 4.8 0 1.8 11.7 384.02
climatbambey 2007 1 11 11 15 34.5 17.4 5.2 0 2.2 13.1 384.02
climatbambey 2007 1 12 12 22 35 17.5 5.1 0 1.7 14.4 384.02
climatbambey 2007 1 13 13 15 36 17.5 6 0 2.2 8.6 384.02
climatbambey 2007 1 14 14 19.9 35 17.5 6.7 0 2.7 9 384.02
climatbambey 2007 1 15 15 19.3 33.5 17.6 5.8 0 2.1 8.1 384.02
climatbambey 2007 1 16 16 16.8 33.5 17.6 4.4 0 1.5 14.5 384.02
climatbambey 2007 1 17 17 17.3 34.9 17.9 4.3 0 1.3 15.9 384.02
climatbambey 2007 1 18 18 17 34.4 15.7 5.1 0 2.1 12.9 384.02
climatbambey 2007 1 19 19 22.8 34.1 15.7 5.7 0 2 8.9 384.02
climatbambey 2007 1 20 20 22.4 33.3 12.5 4.8 0 1.6 7.9 384.02
climatbambey 2007 1 21 21 16.4 35 16.6 4.3 0 1.2 10.4 384.02
climatbambey 2007 1 22 22 19 36.5 17.9 4.3 0 1.1 19.4 384.02
climatbambey 2007 1 23 23 15.6 35.5 17.9 4 0 1.2 20.1 384.02
climatbambey 2007 1 24 24 17 35.5 18 4.6 0 2 21.3 384.02
climatbambey 2007 1 25 25 17.5 34.5 18 4.7 0 1.8 17.5 384.02
climatbambey 2007 1 26 26 13 34.1 18.1 4.1 0 1.5 17.7 384.02
climatbambey 2007 1 27 27 15 34 18.2 4.3 0 1.8 19.2 384.02
climatbambey 2007 1 28 28 17.4 34 18.2 4.6 0 2.3 21 384.02
climatbambey 2007 1 29 29 17 33.6 18.3 4.5 0 2.1 20.6 384.02
climatbambey 2007 1 30 30 17 35 18.3 4.9 0 3 22.2 384.02
climatbambey 2007 1 31 31 18 32.6 18.4 5 0 3.9 21.4 384.02
climatbambey 2007 2 1 32 21.8 37.1 20.5 5.4 21.8 2.4 26.5 384.02
climatbambey 2007 2 2 33 19.5 37.5 18.1 4.7 0 1.9 25.9 384.02
climatbambey 2007 2 3 34 17 38.4 20.6 5.2 0 1.9 23 384.02
climatbambey 2007 2 4 35 19.2 40.5 20.6 7 0 2.9 19.6 384.02
climatbambey 2007 2 5 36 21.4 37.7 20.3 7.2 0 3.4 18.4 384.02
climatbambey 2007 2 6 37 19.8 33.5 17.8 5.2 0 2.8 19.9 384.02
climatbambey 2007 2 7 38 19.1 30.6 13.6 4.2 0 2.5 18.7 384.02
climatbambey 2007 2 8 39 16.5 33.1 19.2 4.6 0 2.3 20 384.02
climatbambey 2007 2 9 40 17.3 36.6 22 6 0 2.4 18.1 384.02
climatbambey 2007 2 10 41 19.5 37 17 5.8 0 2 12.8 384.02
climatbambey 2007 2 11 42 18.4 37.4 22.2 6.3 0 2.1 14.5 384.02
climatbambey 2007 2 12 43 20.3 38.5 21.4 5.5 0 1.5 20.1 384.02
climatbambey 2007 2 13 44 21 38.6 20.9 5.6 0 1.4 14.9 384.02
climatbambey 2007 2 14 45 20.7 38.6 19.5 5.2 0 1.3 17.7 384.02
climatbambey 2007 2 15 46 19.5 38.5 18.7 5.2 0 1.3 13.8 384.02
climatbambey 2007 2 16 47 15.5 39 21.9 6.1 0 1.6 10.1 384.02
climatbambey 2007 2 17 48 16.5 38.5 22.1 5.6 0 1.5 16.5 384.02
climatbambey 2007 2 18 49 15.9 37.5 18.5 4.7 0 1.5 20.8 384.02
climatbambey 2007 2 19 50 19.5 36.5 15 4.7 0 2.1 22.3 384.02
climatbambey 2007 2 20 51 19.5 36.5 20.5 4.8 0 2 27.4 384.02
climatbambey 2007 2 21 52 16.2 36 20.5 4.9 0 2.6 24.5 384.02
climatbambey 2007 2 22 53 19.5 35.2 20.6 4.9 0 2.3 26.4 384.02
climatbambey 2007 2 23 54 16.7 36.2 20.7 5 0 2.2 23.3 384.02
climatbambey 2007 2 24 55 16.5 35.5 20.7 5.4 0 2 17.5 384.02
climatbambey 2007 2 25 56 17.7 35.5 20.8 5.3 0 2.1 20.9 384.02
climatbambey 2007 2 26 57 17.4 36.5 20.8 5.4 0 2 20.1 384.02
climatbambey 2007 2 27 58 19.2 36.5 20.9 5.8 0 2.4 21 384.02
climatbambey 2007 2 28 59 20.9 38.4 21 6.3 0 2.2 19.3 384.02
climatbambey 2007 3 1 60 20.6 38.7 21.4 6.9 0 2.4 16.8 384.02
climatbambey 2007 3 2 61 21 39.5 21.4 8.5 0 3.2 12.7 384.02
climatbambey 2007 3 3 62 25 39.6 21.5 7.4 0 2.3 13.8 384.02
climatbambey 2007 3 4 63 22 40.5 21.5 6.7 0 2.2 21.2 384.02
climatbambey 2007 3 5 64 23.5 39.9 21.6 7.2 0 2.7 21.3 384.02
climatbambey 2007 3 6 65 25 40.1 21.7 8 0 2.5 11.8 384.02
climatbambey 2007 3 7 66 22.7 40.3 21.7 7.4 0 2.3 14.6 384.02
climatbambey 2007 3 8 67 21 40.6 21.8 6.8 0 2.3 21.3 384.02
climatbambey 2007 3 9 68 16 40.5 21.8 6.4 0 2 18.6 384.02
climatbambey 2007 3 10 69 16 40.5 21.9 6.5 0 2.2 19.6 384.02
climatbambey 2007 3 11 70 21 37.8 21.9 7.1 0 2.3 13.3 384.02
climatbambey 2007 3 12 71 20.6 36.8 22 6.3 0 2.3 19.5 384.02
climatbambey 2007 3 13 72 17.5 38.1 22 6.1 0 2.3 20.7 384.02
climatbambey 2007 3 14 73 18.5 33.7 22.1 5.3 0 3.6 24.7 384.02
climatbambey 2007 3 15 74 17.4 31.1 22.1 4.6 0 3.2 23.5 384.02
climatbambey 2007 3 16 75 16.4 33.5 22.2 5.4 0 2.8 20.7 384.02
climatbambey 2007 3 17 76 15 37.5 22.2 5.9 0 2.5 20.5 384.02
climatbambey 2007 3 18 77 21.5 37.5 22.3 7.4 0 3.3 19.8 384.02
climatbambey 2007 3 19 78 18.6 32 22.3 5.8 0 3.4 19.8 384.02
climatbambey 2007 3 20 79 18.8 32.4 22.3 5.3 0 3.2 23 384.02
climatbambey 2007 3 21 80 17.9 29.3 22.4 4.8 0 2.6 20.1 384.02
climatbambey 2007 3 22 81 19.6 35.7 22.4 6.1 0 2.4 20.6 384.02
climatbambey 2007 3 23 82 20 39.2 22.5 7.1 0 3.1 22.6 384.02
climatbambey 2007 3 24 83 19.5 40 22.5 7 0 3.1 23.8 384.02
climatbambey 2007 3 25 84 20 39.5 22.5 6.2 0 3.1 28.6 384.02
climatbambey 2007 3 26 85 22.2 40.8 22.6 8.1 0 3.4 21.7 384.02
climatbambey 2007 3 27 86 21.7 40.5 22.6 7.9 0 3.3 21.9 384.02
climatbambey 2007 3 28 87 23.1 38 22.6 7.3 0 3.3 22.8 384.02
climatbambey 2007 3 29 88 21.8 37.5 22.7 7.2 0 3 20 384.02
climatbambey 2007 3 30 89 19.8 39.5 22.7 7.3 0 2.5 17 384.02
climatbambey 2007 3 31 90 20 39.4 22.7 6.9 0 2.6 21.7 384.02
climatbambey 2007 4 1 91 18.6 38 23.1 6.4 0 2.5 22.1 384.02
climatbambey 2007 4 2 92 17.6 36.8 23.1 6.1 0 2.6 22 384.02
climatbambey 2007 4 3 93 19.5 39.4 23.1 6.8 0 2.7 23.4 384.02
climatbambey 2007 4 4 94 20.3 42.7 23.2 7.5 0 2.8 25.2 384.02
climatbambey 2007 4 5 95 22.5 43 23.2 7.3 0 2.1 23.1 384.02
climatbambey 2007 4 6 96 19.2 43 23.2 6.5 0 1.5 22.1 384.02
climatbambey 2007 4 7 97 22 42 23.2 7.4 0 2.1 19.5 384.02
climatbambey 2007 4 8 98 20.4 41.9 23.2 7.5 0 2.3 19.5 384.02
climatbambey 2007 4 9 99 22 39.5 23.3 7 0 2.7 24.6 384.02
climatbambey 2007 4 10 100 17 40.7 23.3 7 0 2.7 22.2 384.02
climatbambey 2007 4 11 101 17.6 37 23.3 7.4 0 3.8 19 384.02
climatbambey 2007 4 12 102 19.9 39.8 23.3 7.3 0 2.7 20.6 384.02
climatbambey 2007 4 13 103 20.5 41 23.3 7.6 0 2.4 18.4 384.02
climatbambey 2007 4 14 104 23.2 42.1 23.3 8.5 0 2.7 16.8 384.02
climatbambey 2007 4 15 105 21.5 40.2 23.4 7.6 0 3.3 24.3 384.02
climatbambey 2007 4 16 106 19.2 37.1 23.4 6.7 0 2.8 20.8 384.02
climatbambey 2007 4 17 107 18.1 34.5 23.4 6 0 2.9 21.4 384.02
climatbambey 2007 4 18 108 17.3 36.4 23.4 6.1 0 2.7 22.1 384.02
climatbambey 2007 4 19 109 19.1 39.6 23.4 7 0 2.8 22.9 384.02
climatbambey 2007 4 20 110 19.5 40 23.4 7.4 0 2.7 19.9 384.02
climatbambey 2007 4 21 111 19 40.5 23.4 7 0 2.8 24.5 384.02
climatbambey 2007 4 22 112 17.5 36.8 23.4 6.2 0 2.4 20.9 384.02
climatbambey 2007 4 23 113 17.6 38.9 23.4 7 0 2.7 19.6 384.02
climatbambey 2007 4 24 114 18.9 37.4 23.4 6.4 0 2.7 22.7 384.02
climatbambey 2007 4 25 115 18 35.5 23.4 5.9 0 2.7 22.8 384.02
climatbambey 2007 4 26 116 17.7 34.7 23.4 5.6 0 2.3 22.1 384.02
climatbambey 2007 4 27 117 17.5 35 23.4 5.6 0 2 20.8 384.02
climatbambey 2007 4 28 118 17.5 37.5 23.4 6.2 0 2.5 22.4 384.02
climatbambey 2007 4 29 119 18.7 37.4 23.4 6.3 0 2.8 23.5 384.02
climatbambey 2007 4 30 120 19.4 39 23.4 6.6 0 2.8 25.3 384.02
climatbambey 2007 5 1 121 18.7 36.1 22.8 5.9 0 2.5 23.2 384.02
climatbambey 2007 5 2 122 19 35.9 22.8 5.8 0 2.4 23.4 384.02
climatbambey 2007 5 3 123 19.2 38.1 22.8 6.3 0 2.8 24.5 384.02
climatbambey 2007 5 4 124 19.9 41.5 22.8 7 0 2.6 25.2 384.02
climatbambey 2007 5 5 125 19 42 22.8 8.5 0 3 16.8 384.02
climatbambey 2007 5 6 126 22.1 42 22.8 8.1 0 2.6 17.6 384.02
climatbambey 2007 5 7 127 20.8 43.1 22.8 8.5 0 2.5 13.5 384.02
climatbambey 2007 5 8 128 19.9 43.4 22.8 8.5 0 2.7 17 384.02
climatbambey 2007 5 9 129 22.9 42 22.8 7 0 1.9 21.7 384.02
climatbambey 2007 5 10 130 26.4 41.8 22.8 8.1 0 2.4 17.7 384.02
climatbambey 2007 5 11 131 26.2 43.5 22.8 10.9 0 3.9 13.7 384.02
climatbambey 2007 5 12 132 23 43.8 22.8 8.1 0 2.8 23.9 384.02
climatbambey 2007 5 13 133 21.7 41.1 22.7 6.3 0 1.9 27.6 384.02
climatbambey 2007 5 14 134 19.5 42.6 22.7 6.3 0 1.7 26.1 384.02
climatbambey 2007 5 15 135 18.6 43.3 22.7 7.2 0 2.5 25.1 384.02
climatbambey 2007 5 16 136 18.2 40.3 22.7 6.1 0 1.9 24.2 384.02
climatbambey 2007 5 17 137 18 39 22.7 6.4 0 2.7 23.7 384.02
climatbambey 2007 5 18 138 18.7 37.8 22.7 6.8 0 3.3 22.2 384.02
climatbambey 2007 5 19 139 18.2 37.4 22.7 6.4 0 2.6 21.3 384.02
climatbambey 2007 5 20 140 18.2 37.5 22.7 6.1 0 2.4 22.7 384.02
climatbambey 2007 5 21 141 22.4 37.5 22.7 7.1 0 3.3 23.1 384.02
climatbambey 2007 5 22 142 21.8 35.2 22.7 6.6 0 3.3 22.6 384.02
climatbambey 2007 5 23 143 20.6 36.4 22.6 6.8 0 3.1 20.8 384.02
climatbambey 2007 5 24 144 20.2 36.5 22.6 6.9 0 3.5 22 384.02
climatbambey 2007 5 25 145 20.3 35.5 22.6 6.1 0 2.6 22.4 384.02
climatbambey 2007 5 26 146 20 35.9 22.6 6.3 0 3 23 384.02
climatbambey 2007 5 27 147 20.4 36.5 22.6 6.3 0 2.3 20.9 384.02
climatbambey 2007 5 28 148 21.4 40.5 22.6 6.5 0 1.9 23.1 384.02
climatbambey 2007 5 29 149 22.6 41.3 22.6 6.9 0 2 22 384.02
climatbambey 2007 5 30 150 21.5 41.6 22.6 7.1 0 2.2 22 384.02
climatbambey 2007 5 31 151 21.3 36.5 22.6 5.6 0 1.8 25.7 384.02
climatbambey 2007 6 1 152 20 31.3 20.8 4.4 0 1.8 25.5 384.02
climatbambey 2007 6 2 153 19 36.4 20.8 5.6 0 2.6 24.1 384.02
climatbambey 2007 6 3 154 19.4 33.6 20.8 5.4 0 2.6 22.2 384.02
climatbambey 2007 6 4 155 19.7 34 20.8 5.2 0 2.4 23.7 384.02
climatbambey 2007 6 5 156 19.4 36.2 20.8 5.4 0 2.3 24.7 384.02
climatbambey 2007 6 6 157 20 34.9 20.8 5.2 0 2.1 24.7 384.02
climatbambey 2007 6 7 158 19.5 35 20.8 5.1 0 2.5 26.2 384.02
climatbambey 2007 6 8 159 20.8 35.6 20.8 5.7 0 3.1 25.6 384.02
climatbambey 2007 6 9 160 22.6 42.8 20.8 6.8 0 2.6 29.2 384.02
climatbambey 2007 6 10 161 24.5 36.8 20.8 6.1 0 2.7 26.9 384.02
climatbambey 2007 6 11 162 24.2 43.3 20.8 7 0 2.5 29.4 384.02
climatbambey 2007 6 12 163 24 43.5 20.8 7.3 0 2.5 26 384.02
climatbambey 2007 6 13 164 22.4 36.4 14.3 4.8 6 2.5 25.6 384.02
climatbambey 2007 6 14 165 22.6 34.1 14.4 4 0 2 28.2 384.02
climatbambey 2007 6 15 166 22.4 38.3 18.8 5.5 0 2.4 27.9 384.02
climatbambey 2007 6 16 167 22.5 43 19.4 7 0 3 28.5 384.02
climatbambey 2007 6 17 168 24 35.6 19.4 5.6 0 3.1 28.3 384.02
climatbambey 2007 6 18 169 23.7 38.4 20.3 6.1 0 2.8 28.4 384.02
climatbambey 2007 6 19 170 24.5 37.8 23.4 6.8 0 2.9 27.6 384.02
climatbambey 2007 6 20 171 25 38 21.3 6 0 2.3 29.4 384.02
climatbambey 2007 6 21 172 23.7 36.9 21.5 5.8 0 2.7 29.8 384.02
climatbambey 2007 6 22 173 23.2 38.5 23.9 6.2 0 2.2 30.1 384.02
climatbambey 2007 6 23 174 23 35.8 15.7 4.5 0 2.1 28.3 384.02
climatbambey 2007 6 24 175 26 35.7 12.4 3.9 0 2.1 31.6 384.02
climatbambey 2007 6 25 176 24.2 36.6 17.5 5.2 0 2.9 30 384.02
climatbambey 2007 6 26 177 22.9 35.1 19.4 5.5 0 2.8 26.4 384.02
climatbambey 2007 6 27 178 23.5 35.5 19.4 5.9 0 3 25.6 384.02
climatbambey 2007 6 28 179 24 35.6 19.4 5.8 0 2.7 25.6 384.02
climatbambey 2007 6 29 180 23 37.8 19.4 5.8 0 2.5 26.7 384.02
climatbambey 2007 6 30 181 21.9 37.6 19.4 6.4 0 3.5 25.5 384.02
climatbambey 2007 7 1 182 22.5 33.2 19.4 5.2 0 2.9 25.7 384.02
climatbambey 2007 7 2 183 23.7 35.1 19.4 5.4 0 2.2 25 384.02
climatbambey 2007 7 3 184 22.6 35.6 24.7 6 0 2.3 27 384.02
climatbambey 2007 7 4 185 24.7 35 18.7 4.9 0.2 2.1 29.4 384.02
climatbambey 2007 7 5 186 25.3 36.9 21.2 5.6 0 2.3 31.4 384.02
climatbambey 2007 7 6 187 24.6 36.5 24.3 6.6 0 3.4 29.8 384.02
climatbambey 2007 7 7 188 23.4 34.9 24.6 6 0 2.2 26.7 384.02
climatbambey 2007 7 8 189 23.1 35 21.2 5.3 0 2.2 28.1 384.02
climatbambey 2007 7 9 190 22.1 36 24 6 0 2.4 26.7 384.02
climatbambey 2007 7 10 191 25.1 37.6 17.8 5.5 0 2.4 29.1 384.02
climatbambey 2007 7 11 192 25.1 36.4 23.1 6.4 0 3.1 29 384.02
climatbambey 2007 7 12 193 24.6 36 24.1 6.2 0 2.5 28.9 384.02
climatbambey 2007 7 13 194 24.5 37 22.1 6 0 2.4 29 384.02
climatbambey 2007 7 14 195 25 36.6 23.9 6.4 0 2.7 28.9 384.02
climatbambey 2007 7 15 196 25 34.6 22.5 6.2 0 3.5 28.1 384.02
climatbambey 2007 7 16 197 23.6 33.2 21.6 5.6 0 2.4 24.6 384.02
climatbambey 2007 7 17 198 24 35.9 21.7 5.5 51.7 2.3 30.5 384.02
climatbambey 2007 7 18 199 23.9 32.7 20.1 4.6 0 2.8 31.5 384.02
climatbambey 2007 7 19 200 25.1 32.6 21 5.1 0 2.8 30.2 384.02
climatbambey 2007 7 20 201 24 35.5 21.8 5.5 0 2 28.2 384.02
climatbambey 2007 7 21 202 25.1 35 20.5 5.5 0 2.5 28.7 384.02
climatbambey 2007 7 22 203 25.1 34.5 20.8 5.1 0 2.1 30.8 384.02
climatbambey 2007 7 23 204 25.7 35.7 21.2 5.5 0 2 30 384.02
climatbambey 2007 7 24 205 25 34.7 16.8 4.5 0 1.8 28.8 384.02
climatbambey 2007 7 25 206 24.8 35.3 19 4.7 14.6 1.7 31.1 384.02
climatbambey 2007 7 26 207 24.7 30.9 18.4 4.2 0 2.6 30.3 384.02
climatbambey 2007 7 27 208 22.5 33.5 22 4.9 0 1.5 28.3 384.02
climatbambey 2007 7 28 209 23.1 34 23.7 5.2 0 1.7 30.4 384.02
climatbambey 2007 7 29 210 25.8 34.5 21.4 5.2 0 1.9 31.5 384.02
climatbambey 2007 7 30 211 25.7 34.7 21.8 5.5 25.5 2.4 30.5 384.02
climatbambey 2007 7 31 212 22.4 29.9 14.8 3.1 31.4 1.1 30.2 384.02
climatbambey 2007 8 1 213 24.9 32.9 22.1 4.8 6.8 1.6 32.9 384.02
climatbambey 2007 8 2 214 23.8 31 15.5 3.5 32.6 2 31.2 384.02
climatbambey 2007 8 3 215 22.7 31.6 22.6 4.6 0 1.4 30.7 384.02
climatbambey 2007 8 4 216 25 32.9 25 5.4 0 1.7 32.3 384.02
climatbambey 2007 8 5 217 24.1 34 21.1 4.7 0 1.8 33.1 384.02
climatbambey 2007 8 6 218 26.1 32.9 20.1 4.7 0 2.7 33.8 384.02
climatbambey 2007 8 7 219 26.4 32.1 18.5 4.6 0 3.1 31.9 384.02
climatbambey 2007 8 8 220 26.5 32.2 18 4.6 0 2.4 30.7 384.02
climatbambey 2007 8 9 221 25.5 32.5 22.5 5.2 0 1.7 28.6 384.02
climatbambey 2007 8 10 222 23.6 34.5 21.1 5 0 2.1 30.7 384.02
climatbambey 2007 8 11 223 25.2 34.6 24.7 5.7 0 2.3 32.5 384.02
climatbambey 2007 8 12 224 26 33.6 17.3 4.4 88 2.1 31.7 384.02
climatbambey 2007 8 13 225 21.5 30.6 16.3 3.5 0 1.6 28.6 384.02
climatbambey 2007 8 14 226 22.5 30.1 14.7 3.4 1.3 1.3 27.2 384.02
climatbambey 2007 8 15 227 24.5 34.1 19 4.5 13 1.6 31.6 384.02
climatbambey 2007 8 16 228 24.9 33.4 21 4.7 24.5 1.7 32.5 384.02
climatbambey 2007 8 17 229 23.9 33.6 23.8 5.1 0 1.3 32.2 384.02
climatbambey 2007 8 18 230 24.9 34 21.2 4.9 0 1.9 31.9 384.02
climatbambey 2007 8 19 231 24.6 32.6 19.9 4.5 0 1.5 29.9 384.02
climatbambey 2007 8 20 232 23.8 33.3 23.5 5.2 0 1.7 29.7 384.02
climatbambey 2007 8 21 233 23.6 31.8 16.1 4 0 1.6 26.6 384.02
climatbambey 2007 8 22 234 22.1 35.1 23.9 5.4 0 1.6 28.6 384.02
climatbambey 2007 8 23 235 25 34.1 15 4.1 30 2.5 31.6 384.02
climatbambey 2007 8 24 236 24 30.8 17.2 3.9 5 1.3 28.5 384.02
climatbambey 2007 8 25 237 23.9 33.6 23.8 5.2 0 1.5 29.8 384.02
climatbambey 2007 8 26 238 24.3 33.1 22.4 5 0 1.9 30.3 384.02
climatbambey 2007 8 27 239 24.2 33.1 16.1 3.8 33 1.3 30.6 384.02
climatbambey 2007 8 28 240 24.6 33.5 21.1 4.7 0 1.4 31.5 384.02
climatbambey 2007 8 29 241 24.2 30.4 18.4 3.9 0 1.8 30.8 384.02
climatbambey 2007 8 30 242 24.6 29.3 12 2.7 3.6 1.2 31.1 384.02
climatbambey 2007 8 31 243 25.1 31.5 23 4.8 0 2.3 32.3 384.02
climatbambey 2007 9 1 244 24.1 33.3 20.4 4.5 7.7 1.2 30.1 384.02
climatbambey 2007 9 2 245 24.1 30.9 16.6 3.6 1 1.2 31.6 384.02
climatbambey 2007 9 3 246 24.7 31.6 19.3 4.1 0.9 2.1 32.8 384.02
climatbambey 2007 9 4 247 22.5 33.3 19.2 4.2 0 1.4 30.8 384.02
climatbambey 2007 9 5 248 22.4 33.3 19.2 4.2 0 1.4 30.7 384.02
climatbambey 2007 9 6 249 24.1 34.8 19.2 4.5 9.5 1.7 32.3 384.02
climatbambey 2007 9 7 250 22.7 33.4 19.2 4.2 12.4 1.2 30.9 384.02
climatbambey 2007 9 8 251 24.7 27.8 19.2 3.7 30 1 33.1 384.02
climatbambey 2007 9 9 252 24.2 30 19.1 3.9 2.7 1.2 32.4 384.02
climatbambey 2007 9 10 253 23.4 31.5 19.1 4.2 0 1.5 28.7 384.02
climatbambey 2007 9 11 254 22.5 34.5 19.1 4.3 34 1 29.2 384.02
climatbambey 2007 9 12 255 21.2 32.6 20.6 4.3 5.5 0.9 27.8 384.02
climatbambey 2007 9 13 256 20.9 32.1 15.3 3.3 3 1.3 29.6 384.02
climatbambey 2007 9 14 257 23.7 33.3 24 5 0 1 30.2 384.02
climatbambey 2007 9 15 258 23.2 34.4 23.4 5.1 0 1.5 31.9 384.02
climatbambey 2007 9 16 259 23 35.4 21.7 4.9 0 1.3 30 384.02
climatbambey 2007 9 17 260 22.9 36.4 22.5 5 13.2 1.2 32.6 384.02
climatbambey 2007 9 18 261 22.5 34.1 22.3 4.8 12 1.2 29.6 384.02
climatbambey 2007 9 19 262 22.1 31.1 13.8 3 0 1.1 29.9 384.02
climatbambey 2007 9 20 263 23.5 34.1 22.7 4.8 0 1.1 32.5 384.02
climatbambey 2007 9 21 264 24 34.8 23.6 5.1 0 1.2 33 384.02
climatbambey 2007 9 22 265 23.9 36.1 22.8 5.1 0 1.1 33.3 384.02
climatbambey 2007 9 23 266 23.5 35.1 22.3 4.9 0 1.4 33 384.02
climatbambey 2007 9 24 267 22 32.1 12.5 2.9 0 1 29.1 384.02
climatbambey 2007 9 25 268 23.5 35.6 21.1 4.7 0 0.9 32.2 384.02
climatbambey 2007 9 26 269 25 35.7 20.2 4.7 0 1.3 32.9 384.02
climatbambey 2007 9 27 270 25 34.2 12.6 3.3 20.2 1.3 32.1 384.02
climatbambey 2007 9 28 271 22 33.1 22.7 4.7 0 1.1 29.1 384.02
climatbambey 2007 9 29 272 23 35.5 24 5.2 0 1 30.1 384.02
climatbambey 2007 9 30 273 24 36 16.1 3.8 0 0.8 32 384.02
climatbambey 2007 10 1 274 24.1 35.4 22.9 5.1 0 1.4 32.8 384.02
climatbambey 2007 10 2 275 24.5 36.4 23.2 5.3 0 1.7 34.2 384.02
climatbambey 2007 10 3 276 24.4 35.9 22.9 5.2 0 1.6 32.7 384.02
climatbambey 2007 10 4 277 24.2 34.5 22.6 4.9 0 1.5 32.5 384.02
climatbambey 2007 10 5 278 24 37.5 20.4 4.8 0 1 31.9 384.02
climatbambey 2007 10 6 279 24 37 22.7 5.2 0 1.2 32.5 384.02
climatbambey 2007 10 7 280 23.9 38.5 20.8 5 0 1.4 33.4 384.02
climatbambey 2007 10 8 281 26 39.1 22.6 5.4 0 1.2 36.3 384.02
climatbambey 2007 10 9 282 25.4 38.6 19.7 5.2 0 1.6 32.3 384.02
climatbambey 2007 10 10 283 22.5 36.4 19.1 4.4 0 1.3 31.9 384.02
climatbambey 2007 10 11 284 23 33.3 13.6 3.2 0 1.1 30.1 384.02
climatbambey 2007 10 12 285 21.4 33.2 18.6 4.1 0 1.1 26.3 384.02
climatbambey 2007 10 13 286 21.5 35.1 17.8 4.1 0 1.3 29 384.02
climatbambey 2007 10 14 287 23.2 36.5 16.5 3.8 0 0.8 30.3 384.02
climatbambey 2007 10 15 288 22.4 39.3 22.5 5.8 0 1.7 26.9 384.02
climatbambey 2007 10 16 289 20.3 39.8 22.7 5.3 0 1 25.5 384.02
climatbambey 2007 10 17 290 19.8 38.8 22.4 5.1 0 1.1 27.5 384.02
climatbambey 2007 10 18 291 19.8 40.3 22.4 5.1 0 0.9 27.9 384.02
climatbambey 2007 10 19 292 19.3 37.3 22.6 5.2 0 1.4 24.6 384.02
climatbambey 2007 10 20 293 19.3 36.3 22.3 4.8 0 1.3 27.3 384.02
climatbambey 2007 10 21 294 18.2 36.1 21.8 4.7 0 1.1 24.1 384.02
climatbambey 2007 10 22 295 21.2 37.3 21.3 4.9 0 1.1 25.8 384.02
climatbambey 2007 10 23 296 21.5 38.1 19.6 4.7 0 1.1 26.4 384.02
climatbambey 2007 10 24 297 22.4 38.5 21.7 5.1 0 1.3 29.4 384.02
climatbambey 2007 10 25 298 23.5 40.7 20.2 5.3 0 1.5 31.1 384.02
climatbambey 2007 10 26 299 23.5 41 19.6 4.9 0 1 30.4 384.02
climatbambey 2007 10 27 300 19.6 38.4 21.5 5 0 1.4 26.6 384.02
climatbambey 2007 10 28 301 20.2 38 21.5 4.9 0 1.1 26.6 384.02
climatbambey 2007 10 29 302 18.8 37.4 19.2 4.4 0 1 24.1 384.02
climatbambey 2007 10 30 303 21.2 39.7 20.6 5.1 0 1.3 27 384.02
climatbambey 2007 10 31 304 22.7 38.8 14.7 4.4 0 1.2 20.8 384.02
climatbambey 2007 11 1 305 18.9 36 20.4 4.7 0 1.4 22.1 384.02
climatbambey 2007 11 2 306 24.7 34.1 12.3 3.4 0 1.2 26.8 384.02
climatbambey 2007 11 3 307 24.3 38.8 17.9 5 0 1.9 29.9 384.02
climatbambey 2007 11 4 308 21.6 38.6 20 4.9 0 1.4 28 384.02
climatbambey 2007 11 5 309 18.5 39.3 20.3 4.7 0 1 24.3 384.02
climatbambey 2007 11 6 310 18.5 40.1 19.8 4.9 0 1.2 23.2 384.02
climatbambey 2007 11 7 311 20 38.4 19.5 5.8 0 2.3 21.7 384.02
climatbambey 2007 11 8 312 21.5 37.6 20.7 6 0 1.7 8.5 384.02
climatbambey 2007 11 9 313 13 37.3 20.3 5.1 0 1.3 10.2 384.02
climatbambey 2007 11 10 314 12.5 37.6 19.6 4.8 0 1.1 7 384.02
climatbambey 2007 11 11 315 16.5 38.1 19.6 4.7 0 1.1 13.2 384.02
climatbambey 2007 11 12 316 20.4 38.2 11.9 3.6 0 1 20.2 384.02
climatbambey 2007 11 13 317 20.2 35.1 10.4 2.9 0 1 23.1 384.02
climatbambey 2007 11 14 318 20 37.1 10.8 3.4 0 1.2 22.2 384.02
climatbambey 2007 11 15 319 19 37.6 20.3 4.9 0 1.5 23.5 384.02
climatbambey 2007 11 16 320 19.1 37.5 20.3 4.7 0 1.2 22.9 384.02
climatbambey 2007 11 17 321 18 38.1 19.8 4.6 0 1.2 23.1 384.02
climatbambey 2007 11 18 322 19.4 38.5 19.3 4.8 0 1.4 23.2 384.02
climatbambey 2007 11 19 323 19.7 38.8 15.7 4.3 0 1.3 21.5 384.02
climatbambey 2007 11 20 324 18.6 40.1 19.7 5 0 1.3 19.8 384.02
climatbambey 2007 11 21 325 18.4 39 16.6 5.2 0 1.9 19.1 384.02
climatbambey 2007 11 22 326 21.4 38.4 15.9 4.6 0 1.5 21.9 384.02
climatbambey 2007 11 23 327 20.4 38.5 20.6 5.2 0 1.7 24 384.02
climatbambey 2007 11 24 328 18.7 38.5 19.6 4.7 0 1.4 24.3 384.02
climatbambey 2007 11 25 329 17.8 36.5 19.4 4.5 0 1.3 20 384.02
climatbambey 2007 11 26 330 17.8 34.4 19.3 4.8 0 1.9 18.3 384.02
climatbambey 2007 11 27 331 16.6 32.5 19.2 4.7 0 1.9 15.4 384.02
climatbambey 2007 11 28 332 18.3 32.3 20.3 4.6 0 1.5 14.5 384.02
climatbambey 2007 11 29 333 16.7 33 19.8 4.4 0 1.4 15.7 384.02
climatbambey 2007 11 30 334 17 32.6 14.7 3.6 0 1.3 16.9 384.02
climatbambey 2007 12 1 335 18.9 32.5 16.5 3.9 0 1.2 16.3 384.02
climatbambey 2007 12 2 336 18.4 34.8 19 4.7 0 1.6 16.2 384.02
climatbambey 2007 12 3 337 19.4 34.8 18.6 5.3 0 2.5 18.8 384.02
climatbambey 2007 12 4 338 19.5 31 18.7 5.2 0 2.1 11.4 384.02
climatbambey 2007 12 5 339 14.4 29.1 19.5 5.1 0 2.1 7.2 384.02
climatbambey 2007 12 6 340 14 30.1 19.5 5.2 0 2 6.5 384.02
climatbambey 2007 12 7 341 16.9 32.1 18.6 5.1 0 1.8 7.4 384.02
climatbambey 2007 12 8 342 17 32.5 19.4 4.8 0 1.5 8.3 384.02
climatbambey 2007 12 9 343 16.2 33.6 19.9 4.4 0 1.2 9.4 384.02
climatbambey 2007 12 10 344 11.6 35.1 18.6 4.1 0 1.1 12 384.02
climatbambey 2007 12 11 345 16.2 34.6 19.3 4.3 0 1.2 14.6 384.02
climatbambey 2007 12 12 346 16 36.4 18.3 4.4 0 1.5 19.6 384.02
climatbambey 2007 12 13 347 20 38.1 18.6 4.4 0 1.1 20.1 384.02
climatbambey 2007 12 14 348 17.1 36.1 16.2 5.1 0 2.1 15.8 384.02
climatbambey 2007 12 15 349 20 32.6 13.6 3.8 0 1.1 8.4 384.02
climatbambey 2007 12 16 350 19.5 32.4 14.6 4.7 0 2 13.6 384.02
climatbambey 2007 12 17 351 17.5 35.1 19 4.5 0 1.4 16.6 384.02
climatbambey 2007 12 18 352 16 35.6 19.1 4.1 0 1 15.8 384.02
climatbambey 2007 12 19 353 17.9 35.6 18.7 4.3 0 1.2 17.7 384.02
climatbambey 2007 12 20 354 18 35.7 19.6 4.1 0 1 20.3 384.02
climatbambey 2007 12 21 355 17.9 34.7 18.3 5.1 0 2.4 18 384.02
climatbambey 2007 12 22 356 18.9 37.7 18.3 5.8 0 2.4 17.7 384.02
climatbambey 2007 12 23 357 17.2 39.1 19.1 4.9 0 1.4 18.1 384.02
climatbambey 2007 12 24 358 15.5 38.1 19.2 5.1 0 1.7 16.2 384.02
climatbambey 2007 12 25 359 18.6 36 12.1 3.9 0 1.4 16.3 384.02
climatbambey 2007 12 26 360 18.1 36.1 19 4.8 0 1.4 11.8 384.02
climatbambey 2007 12 27 361 18 35.5 18.8 4.8 0 1.4 10 384.02
climatbambey 2007 12 28 362 17 35.9 19.4 4.7 0 1.3 12.1 384.02
climatbambey 2007 12 29 363 16.5 34.4 19.6 4.7 0 1.4 11.5 384.02
climatbambey 2007 12 30 364 16 31.1 17.2 4.9 0 1.8 7.4 384.02
climatbambey 2007 12 31 365 15 30.2 17.1 4.8 0 1.8 7.1 384.02
