climatbambey 2006 1 2 2 13.5 34.1 19.4 4.4 0 1.4 13.1 382.09
climatbambey 2006 1 3 3 15.9 34.6 19.9 4.4 0 1.2 14 382.09
climatbambey 2006 1 4 4 13 34.1 18.3 4.3 0 1.3 12.3 382.09
climatbambey 2006 1 5 5 14.9 33.5 16.6 4.3 0 1.4 11.6 382.09
climatbambey 2006 1 6 6 20 33.1 15.1 4.3 0 1.4 11.1 382.09
climatbambey 2006 1 7 7 16.9 31.1 19.5 5 0 1.7 6.4 382.09
climatbambey 2006 1 8 8 12.5 29.1 19.8 3.9 0 1.4 12.4 382.09
climatbambey 2006 1 9 9 12 30.5 19 3.8 0 1.3 14 382.09
climatbambey 2006 1 10 10 17.7 34.5 18.6 4.4 0 1.6 19.6 382.09
climatbambey 2006 1 11 11 21.8 31.8 13.6 3.9 0 1.6 17.8 382.09
climatbambey 2006 1 12 12 19 32.8 19.9 4.4 0 1.4 17.7 382.09
climatbambey 2006 1 13 13 17.1 32.8 9.4 3.6 0 1.6 14.4 382.09
climatbambey 2006 1 14 14 17 32 9.4 4.4 0 2.4 13.8 382.09
climatbambey 2006 1 15 15 19.5 33.2 9.5 5.3 0 2.6 11.3 382.09
climatbambey 2006 1 16 16 18 30.7 19.1 5.7 0 2.6 11 382.09
climatbambey 2006 1 17 17 16.1 27.4 16.9 4.8 0 2.8 12.1 382.09
climatbambey 2006 1 18 18 17.5 26.5 14.5 4.1 0 2.3 13.1 382.09
climatbambey 2006 1 19 19 12.9 29 20.2 4.4 0 2.1 13.6 382.09
climatbambey 2006 1 20 20 14.5 31.9 19.9 4.6 0 1.6 12.6 382.09
climatbambey 2006 1 21 21 20.5 33 18.6 4.8 0 1.6 15.1 382.09
climatbambey 2006 1 22 22 21 36.1 19.7 4.3 0 0.9 19.1 382.09
climatbambey 2006 1 23 23 16 35 16.9 4.1 0 1.4 18.8 382.09
climatbambey 2006 1 24 24 19.5 34.1 14.1 4.3 0 1.6 15.3 382.09
climatbambey 2006 1 25 25 18.2 33.2 17.7 4.8 0 2 16.2 382.09
climatbambey 2006 1 26 26 16 33.6 18.7 4.7 0 2 17.5 382.09
climatbambey 2006 1 27 27 14.6 31.9 21.4 4.5 0 1.9 17.8 382.09
climatbambey 2006 1 28 28 14 31.4 21.3 4.6 0 2 16.5 382.09
climatbambey 2006 1 29 29 13.5 32.6 20.2 4.4 0 1.8 17.6 382.09
climatbambey 2006 1 30 30 15 32.1 9.9 3.3 0 1.5 15.4 382.09
climatbambey 2006 1 31 31 15.5 33.9 20.2 4.6 0 1.3 13.1 382.09
climatbambey 2006 2 1 32 15 35.3 20.3 4.5 0 1.3 18.1 382.09
climatbambey 2006 2 2 33 14.8 33 11.7 3.1 0 1.1 17 382.09
climatbambey 2006 2 3 34 16.3 34.8 19.4 4.5 0 1.2 15.9 382.09
climatbambey 2006 2 4 35 17.4 37.1 20.5 5.4 0 1.6 15.4 382.09
climatbambey 2006 2 5 36 21.6 37.5 16 5.2 0 1.9 18.8 382.09
climatbambey 2006 2 6 37 22 37.6 18.3 5.3 0 1.6 16.6 382.09
climatbambey 2006 2 7 38 18.4 37.4 18.3 4.7 0 1.1 11.6 382.09
climatbambey 2006 2 8 39 18.6 35.6 13.4 4.3 0 1.6 16.9 382.09
climatbambey 2006 2 9 40 18.5 30.7 11.4 3.4 0 1.8 19.3 382.09
climatbambey 2006 2 10 41 18.6 31.6 18.6 4.5 0 2.3 20.9 382.09
climatbambey 2006 2 11 42 16.9 28.1 17.4 3.8 0 2.4 19.3 382.09
climatbambey 2006 2 12 43 16 28.1 13.2 3.4 0 2.3 18.3 382.09
climatbambey 2006 2 13 44 16.3 31.9 21 4.8 0 2.5 20 382.09
climatbambey 2006 2 14 45 16.5 32 21.7 5.2 0 2.8 18.8 382.09
climatbambey 2006 2 15 46 17 31.4 17.7 4.6 0 2.3 17.5 382.09
climatbambey 2006 2 16 47 15 32.5 22.2 4.8 0 2.3 19.5 382.09
climatbambey 2006 2 17 48 15 33 22.5 5.3 0 2.7 18.5 382.09
climatbambey 2006 2 18 49 20 34.9 22.1 6.2 0 2.4 16.5 382.09
climatbambey 2006 2 19 50 20.2 36.5 22.9 6.6 0 2.4 16 382.09
climatbambey 2006 2 20 51 20 37 22.8 6.2 0 1.9 15.6 382.09
climatbambey 2006 2 21 52 16.5 36.8 23.2 6.3 0 2.1 14.8 382.09
climatbambey 2006 2 22 53 14.8 37.6 22.9 6.6 0 2.2 13.1 382.09
climatbambey 2006 2 23 54 15.6 38.1 22.4 6.4 0 2 13.6 382.09
climatbambey 2006 2 24 55 20.5 37.9 22.8 5.3 0 1 9.7 382.09
climatbambey 2006 2 25 56 14.6 37.3 23.2 6 0 1.7 12.9 382.09
climatbambey 2006 2 26 57 14 37.1 22 6.3 0 1.9 10.3 382.09
climatbambey 2006 2 27 58 14.9 38.5 23.6 6.3 0 2.4 19.6 382.09
climatbambey 2006 2 28 59 15.9 36 22.7 5.8 0 2.9 21.3 382.09
climatbambey 2006 3 1 60 15 32.5 23.3 5.1 0 3.1 20.7 382.09
climatbambey 2006 3 2 61 15 35 22.7 5.1 0 2.4 22.6 382.09
climatbambey 2006 3 3 62 15.9 38.5 23.3 5.5 0 2.1 26 382.09
climatbambey 2006 3 4 63 19.9 39 23.2 6.7 0 2.5 21.6 382.09
climatbambey 2006 3 5 64 19 40 22 6.6 0 2.4 21 382.09
climatbambey 2006 3 6 65 21.5 42 22.4 6.9 0 2.1 21.1 382.09
climatbambey 2006 3 7 66 28 41 20.2 7.4 0 2.3 18.6 382.09
climatbambey 2006 3 8 67 26 40 17.5 7 0 2.2 14.6 382.09
climatbambey 2006 3 9 68 27.5 39.5 17.3 6.2 0 1.8 15.5 382.09
climatbambey 2006 3 10 69 25.9 42 16.1 5.9 0 1.6 16.7 382.09
climatbambey 2006 3 11 70 27.5 42 18.2 6.2 0 1.5 12.2 382.09
climatbambey 2006 3 12 71 27 42 20.8 6.5 0 1.5 16.4 382.09
climatbambey 2006 3 13 72 20.1 41.6 21.6 6.4 0 1.6 16.3 382.09
climatbambey 2006 3 14 73 19 41.5 22.4 6.3 0 1.5 17 382.09
climatbambey 2006 3 15 74 19.5 42.1 22.9 6.7 0 1.9 22 382.09
climatbambey 2006 3 16 75 18.8 41.9 22.9 6.5 0 2.1 24.9 382.09
climatbambey 2006 3 17 76 17.4 38.4 21.9 5.7 0 2.2 23.9 382.09
climatbambey 2006 3 18 77 17.5 38.1 23.5 6.1 0 2.5 23.7 382.09
climatbambey 2006 3 19 78 17.7 36.6 22.7 5.9 0 2.9 23.4 382.09
climatbambey 2006 3 20 79 17.4 34.6 23.8 5.5 0 2.9 23.5 382.09
climatbambey 2006 3 21 80 17.6 37.8 24.1 6.1 0 2.7 24.5 382.09
climatbambey 2006 3 22 81 17.2 39.8 24.1 6.3 0 2.2 24.5 382.09
climatbambey 2006 3 23 82 20.3 42.5 23.7 7.1 0 2.1 21.8 382.09
climatbambey 2006 3 24 83 22.2 42.5 21.2 7 0 2.1 21.3 382.09
climatbambey 2006 3 25 84 19.3 43 23 6.4 0 1.6 24.7 382.09
climatbambey 2006 3 26 85 18.4 44.2 24.5 6.4 0 1.4 29.2 382.09
climatbambey 2006 3 27 86 23 43 24 7.6 0 2.3 24.7 382.09
climatbambey 2006 3 28 87 21.1 42.5 22.9 7.2 0 2.4 24 382.09
climatbambey 2006 3 29 88 21 36.6 23.4 5.7 0 1.8 24.7 382.09
climatbambey 2006 3 30 89 18.5 36.5 23.6 5.7 0 1.9 23.3 382.09
climatbambey 2006 3 31 90 18.1 40.9 24 6.3 0 2 26.4 382.09
climatbambey 2006 4 1 91 20 42.5 24.6 7 0 2.1 26.4 382.09
climatbambey 2006 4 2 92 18.8 42 23.9 6.2 0 1.6 26.3 382.09
climatbambey 2006 4 3 93 18.5 42.5 23.8 6.5 0 1.8 26.2 382.09
climatbambey 2006 4 4 94 20.3 42 23.8 6.9 0 2.6 28.5 382.09
climatbambey 2006 4 5 95 21.6 41.6 23.7 7.6 0 3.1 26 382.09
climatbambey 2006 4 6 96 18.7 35 23.5 5.4 0 2 24.4 382.09
climatbambey 2006 4 7 97 18.4 36.5 24.4 5.9 0 2.3 24.2 382.09
climatbambey 2006 4 8 98 19.2 38.6 23.9 6.2 0 2.3 25.7 382.09
climatbambey 2006 4 9 99 19 37 24.4 6.1 0 2.7 25.7 382.09
climatbambey 2006 4 10 100 19 37.1 24.3 6.5 0 2.8 23.5 382.09
climatbambey 2006 4 11 101 19.5 37.6 24.1 6.3 0 2.8 25.8 382.09
climatbambey 2006 4 12 102 20.5 40.6 24.7 6.5 0 2 27.6 382.09
climatbambey 2006 4 13 103 19.5 38.1 24.4 5.8 0 2 28.1 382.09
climatbambey 2006 4 14 104 20 38.2 23.4 5.9 0 2.3 27.6 382.09
climatbambey 2006 4 15 105 18 38.8 24 6.1 0 2.4 25.7 382.09
climatbambey 2006 4 16 106 18 39.6 23.9 6.5 0 3 26.3 382.09
climatbambey 2006 4 17 107 15 39.9 24.4 6.5 0 2 19.8 382.09
climatbambey 2006 4 18 108 18.9 35.6 24.2 5.7 0 2 23.9 382.09
climatbambey 2006 4 19 109 18 38 23.8 5.8 0 1.7 23.6 382.09
climatbambey 2006 4 20 110 19.5 37.4 24.8 6.1 0 2 24.4 382.09
climatbambey 2006 4 21 111 19.2 38.3 24.8 6.3 0 2.3 25.5 382.09
climatbambey 2006 4 22 112 19 37 23.6 6.1 0 2.7 24.6 382.09
climatbambey 2006 4 23 113 20.6 35.5 22.4 5.7 0 2.4 25.2 382.09
climatbambey 2006 4 24 114 20 39.1 22.9 6.5 0 2.6 24.6 382.09
climatbambey 2006 4 25 115 21 41.1 24.6 7.4 0 2.6 23.4 382.09
climatbambey 2006 4 26 116 21.5 40.1 25.4 7.4 0 2.7 24.4 382.09
climatbambey 2006 4 27 117 20 39.6 25.9 6.7 0 2.5 28.3 382.09
climatbambey 2006 4 28 118 19.9 36.1 26.1 6.3 0 2.9 25.9 382.09
climatbambey 2006 4 29 119 16.6 36.1 25.9 5.5 0 2.4 26.8 382.09
climatbambey 2006 4 30 120 15.9 32.4 24.6 5 0 2.3 22.6 382.09
climatbambey 2006 5 1 121 17.5 32.6 25.8 5.4 0 2.3 22.9 382.09
climatbambey 2006 5 2 122 18.7 34.2 25.4 5.9 0 2.8 23.5 382.09
climatbambey 2006 5 3 123 19.7 35 23 5.6 0 2.7 25.5 382.09
climatbambey 2006 5 4 124 19.5 37.8 21.2 5.8 0 2.7 26.3 382.09
climatbambey 2006 5 5 125 20.6 41 23.9 7 0 2.6 26 382.09
climatbambey 2006 5 6 126 21.6 42.5 24.4 7.6 0 2.3 22.9 382.09
climatbambey 2006 5 7 127 20.4 39.5 22.1 6.5 0 2.5 24.5 382.09
climatbambey 2006 5 8 128 19.5 40 24.2 6.7 0 2.5 25.9 382.09
climatbambey 2006 5 9 129 19 36.1 23.2 5.9 0 2.4 22.8 382.09
climatbambey 2006 5 10 130 19 35 24.9 6.6 0 2.8 20 382.09
climatbambey 2006 5 11 131 18.5 39.2 25.8 7.6 0 2.9 20.4 382.09
climatbambey 2006 5 12 132 18.4 37.1 25.9 6.6 0 2.3 21.4 382.09
climatbambey 2006 5 13 133 17.8 37.2 26.7 6.7 0 2.5 21.8 382.09
climatbambey 2006 5 14 134 19.2 41.3 26.2 7.2 0 2.6 26.7 382.09
climatbambey 2006 5 15 135 17.6 36.5 26 6.2 0 2.2 22.3 382.09
climatbambey 2006 5 16 136 18.2 37 26 6.4 0 2.3 22.5 382.09
climatbambey 2006 5 17 137 19.4 39.9 26 7.1 0 2.4 23.7 382.09
climatbambey 2006 5 18 138 21.4 44.5 25.8 8.1 0 2.7 27.8 382.09
climatbambey 2006 5 19 139 21.4 41.6 23.9 7 0 2 23.3 382.09
climatbambey 2006 5 20 140 21.6 36 24.9 6.4 0 2.6 24.9 382.09
climatbambey 2006 5 21 141 21.4 37 24.8 6.6 0 2.5 24.3 382.09
climatbambey 2006 5 22 142 21 37.3 22 6.3 0 2.6 23.8 382.09
climatbambey 2006 5 23 143 18 37.1 22 5.6 0 2 23 382.09
climatbambey 2006 5 24 144 19 37.6 23.6 5.9 0 2 25 382.09
climatbambey 2006 5 25 145 19.5 39.1 24.7 6.2 0 1.9 25.7 382.09
climatbambey 2006 5 26 146 21.6 38.1 20.6 5.3 0 1.8 28.6 382.09
climatbambey 2006 5 27 147 18 38.1 19.8 5.5 0 2 22.7 382.09
climatbambey 2006 5 28 148 22 40.1 23.9 6.9 0 2.3 25.2 382.09
climatbambey 2006 5 29 149 24.1 41.4 24.5 7.6 0 2.5 24.6 382.09
climatbambey 2006 5 30 150 24.3 42 23.3 6.6 0 1.7 28.9 382.09
climatbambey 2006 5 31 151 23.9 37.5 23.7 6.1 0 2.2 29.8 382.09
climatbambey 2006 6 1 152 22.4 40.2 24.3 6.4 0 2 29.9 382.09
climatbambey 2006 6 2 153 22.8 39.9 23.4 6.1 0 1.8 29.6 382.09
climatbambey 2006 6 3 154 23.9 37.6 19.2 5.6 0 2.8 30.6 382.09
climatbambey 2006 6 4 155 23.2 40.4 20.8 5.8 0 2.1 32 382.09
climatbambey 2006 6 5 156 23.1 40.2 20.8 6 0 2.1 29.4 382.09
climatbambey 2006 6 6 157 22.1 42.1 20.8 6 0 1.7 29.2 382.09
climatbambey 2006 6 7 158 22.1 41 20.8 5.7 0 1.9 32 382.09
climatbambey 2006 6 8 159 22.5 40 20.8 5.8 0 2.4 31.4 382.09
climatbambey 2006 6 9 160 23 40.5 20.8 6.5 0 2.4 26 382.09
climatbambey 2006 6 10 161 22.7 42 20.8 6.5 0 2.3 27.9 382.09
climatbambey 2006 6 11 162 23.6 42.2 20.8 6 0 1.9 32.5 382.09
climatbambey 2006 6 12 163 24 37.4 20.8 5.8 0 2.3 28.5 382.09
climatbambey 2006 6 13 164 24.5 38.3 20.8 5.7 0 2 29.6 382.09
climatbambey 2006 6 14 165 24.2 36.8 20.8 5.3 22.8 1.9 30.8 382.09
climatbambey 2006 6 15 166 22.8 32.3 20.7 4.6 0 2.3 30 382.09
climatbambey 2006 6 16 167 23.5 34.6 20.7 5.1 0 2.1 28.7 382.09
climatbambey 2006 6 17 168 25.4 36.1 20.7 5.5 0 2.4 31.4 382.09
climatbambey 2006 6 18 169 25.6 36.8 20.7 5.4 0 2.1 32.5 382.09
climatbambey 2006 6 19 170 24 36.6 20.7 5.5 0 2.4 30.6 382.09
climatbambey 2006 6 20 171 23.5 39.1 20.7 5.8 0 2.1 29.2 382.09
climatbambey 2006 6 21 172 24.1 37 20.7 5.5 0 2 29.6 382.09
climatbambey 2006 6 22 173 24 37 20.7 5.7 0 2.3 28.8 382.09
climatbambey 2006 6 23 174 23.9 37 20.7 5.6 0 2 27.4 382.09
climatbambey 2006 6 24 175 25 39.6 20.7 5.8 0.2 2.1 32.4 382.09
climatbambey 2006 6 25 176 23 37.6 20.7 5.7 0 2.4 28.9 382.09
climatbambey 2006 6 26 177 24.6 37.8 20.7 5.6 0.3 2.2 30.7 382.09
climatbambey 2006 6 27 178 25 39.7 20.7 5.8 0 1.8 31 382.09
climatbambey 2006 6 28 179 25.5 39.6 20.7 6 0 2.3 32.1 382.09
climatbambey 2006 6 29 180 25.4 36.9 20.7 5.4 0 2.3 33.1 382.09
climatbambey 2006 6 30 181 24.9 36.7 20.7 5.3 0 2.1 32.2 382.09
climatbambey 2006 7 1 182 25.7 35.9 20.5 5.7 0 2.8 30.6 382.09
climatbambey 2006 7 2 183 25 37.4 20.5 5.7 0.5 2.6 31.8 382.09
climatbambey 2006 7 3 184 24.4 36.6 20.5 4.7 0 0.8 32.7 382.09
climatbambey 2006 7 4 185 24.5 37.5 20.5 5.4 0 2.4 33.2 382.09
climatbambey 2006 7 5 186 24.5 38.4 20.5 5.7 0 2.2 30.9 382.09
climatbambey 2006 7 6 187 24.5 35.1 20.5 5.2 0 2.4 30.4 382.09
climatbambey 2006 7 7 188 24.2 37.1 20.5 5.4 0 2.5 32.4 382.09
climatbambey 2006 7 8 189 24.5 36.5 20.5 5.5 0 2.6 31 382.09
climatbambey 2006 7 9 190 22.9 35.1 20.5 5.3 0 2.2 27 382.09
climatbambey 2006 7 10 191 23 38.1 20.5 5.3 0 2.1 32.4 382.09
climatbambey 2006 7 11 192 22.6 37.9 20.5 5.6 0 2.3 29.1 382.09
climatbambey 2006 7 12 193 24.2 37 20.5 5.5 0 2.1 29.9 382.09
climatbambey 2006 7 13 194 26.5 37.1 20.5 5.7 0 3.1 34.8 382.09
climatbambey 2006 7 14 195 26 34.4 20.5 5.4 0 2.2 29.2 382.09
climatbambey 2006 7 15 196 22 35.5 20.5 5.1 4.5 2.1 28.4 382.09
climatbambey 2006 7 16 197 22.5 34.1 20.5 4.6 0 1.4 30.6 382.09
climatbambey 2006 7 17 198 26.4 38.9 20.5 5.8 0 2.1 32.3 382.09
climatbambey 2006 7 18 199 26.2 38.1 20.5 6 0 2.7 32.1 382.09
climatbambey 2006 7 19 200 26.6 35.9 20.5 5.9 0 2.9 30.8 382.09
climatbambey 2006 7 20 201 26.7 35.3 20.5 5.5 7.3 2.4 31.7 382.09
climatbambey 2006 7 21 202 24.1 31.1 20.5 4.2 1.2 2.2 32.9 382.09
climatbambey 2006 7 22 203 24.5 30.5 15.4 3.3 0.5 2.2 33 382.09
climatbambey 2006 7 23 204 24.7 33.6 24.2 5.4 0 2 31.3 382.09
climatbambey 2006 7 24 205 23.3 35.7 23.8 5.3 17.5 1.6 32.8 382.09
climatbambey 2006 7 25 206 23.5 34.9 22.5 5 0 1.6 32.2 382.09
climatbambey 2006 7 26 207 26 36.1 19.5 4.9 0 2 34.7 382.09
climatbambey 2006 7 27 208 25.1 35.4 23.7 5.5 12.5 2 33.4 382.09
climatbambey 2006 7 28 209 26.2 31.7 13.9 3.1 0.4 1.3 35.9 382.09
climatbambey 2006 7 29 210 25.4 34.5 19.2 4.4 0 1.7 36.2 382.09
climatbambey 2006 7 30 211 24.7 33.8 15.5 3.6 0.5 0.9 33.3 382.09
climatbambey 2006 7 31 212 25 34.6 19.5 4.6 0 1.6 32.7 382.09
climatbambey 2006 8 1 213 25 35.6 19.5 5.2 13.2 2.4 31.1 382.09
climatbambey 2006 8 2 214 22.9 32.3 15.2 3.7 0 2 29.5 382.09
climatbambey 2006 8 3 215 23.1 34.6 25.2 5.5 0 1.4 29.6 382.09
climatbambey 2006 8 4 216 24.8 35.6 22.6 5.2 0 1.4 32.4 382.09
climatbambey 2006 8 5 217 25.4 34.1 19.1 4.5 4.5 1.7 33.9 382.09
climatbambey 2006 8 6 218 24 33.6 19 4.3 11.9 1.8 32.7 382.09
climatbambey 2006 8 7 219 24.4 33.6 25.9 5.4 0 2.4 34 382.09
climatbambey 2006 8 8 220 24.4 33.4 16.9 3.8 0 1.5 34.6 382.09
climatbambey 2006 8 9 221 26 34.4 21.2 5.1 0 1.9 32 382.09
climatbambey 2006 8 10 222 23.1 34 23.6 5.2 0 1.5 29.7 382.09
climatbambey 2006 8 11 223 24 35.4 20.8 4.9 36 1.4 30.2 382.09
climatbambey 2006 8 12 224 23.5 33.4 21.5 4.6 20 1 31.6 382.09
climatbambey 2006 8 13 225 23.5 33.6 23.1 5 0 1.5 31.6 382.09
climatbambey 2006 8 14 226 22.5 30.1 13.8 3 3 1.4 30.3 382.09
climatbambey 2006 8 15 227 22.8 32.4 21.8 4.4 13.5 1.8 32.5 382.09
climatbambey 2006 8 16 228 23.1 33.2 19.5 4.1 11.3 1.4 34.7 382.09
climatbambey 2006 8 17 229 23.5 34.1 24.3 5.2 0 1.9 32.5 382.09
climatbambey 2006 8 18 230 25.6 33.8 23.8 5.3 0 2 34.2 382.09
climatbambey 2006 8 19 231 25 34.8 18.7 4.4 0.3 1.5 33.3 382.09
climatbambey 2006 8 20 232 23.4 34.7 22.5 4.9 26 1.8 34.1 382.09
climatbambey 2006 8 21 233 23 33.5 24.2 5.2 0 1.6 30.7 382.09
climatbambey 2006 8 22 234 25.2 33.4 21.9 4.9 0 2 33.2 382.09
climatbambey 2006 8 23 235 25 32.8 24.7 5.6 0 3.2 31.3 382.09
climatbambey 2006 8 24 236 25 32.4 16.1 4 9 1.9 30.5 382.09
climatbambey 2006 8 25 237 23 30.6 14 2.9 67 1.7 32.6 382.09
climatbambey 2006 8 26 238 23.4 32.6 21.6 4.6 0 1.5 31 382.09
climatbambey 2006 8 27 239 24.2 33.5 19.6 4.2 10 1.4 35.1 382.09
climatbambey 2006 8 28 240 22.9 33.7 22.5 4.7 0 1.1 33.1 382.09
climatbambey 2006 8 29 241 22.9 31.1 16.5 3.5 0 1.1 31.4 382.09
climatbambey 2006 8 30 242 25.4 35.6 22.6 5.1 7 1.1 35.1 382.09
climatbambey 2006 8 31 243 21.5 31.1 16.9 3.5 3.5 1.1 29.6 382.09
climatbambey 2006 9 1 244 24.5 33.6 20.8 4.5 12 1.5 34.3 382.09
climatbambey 2006 9 2 245 22.1 31.1 14.4 3 25.9 1.2 32.7 382.09
climatbambey 2006 9 3 246 24.1 30.6 12.8 2.8 11.5 1.5 33.7 382.09
climatbambey 2006 9 4 247 24.1 34.4 24 5.1 0 1.4 34.1 382.09
climatbambey 2006 9 5 248 25.3 33.4 21.2 4.7 0 1.8 33.9 382.09
climatbambey 2006 9 6 249 24.9 34.3 19.7 4.4 2.7 1.4 34.6 382.09
climatbambey 2006 9 7 250 24.9 34.4 20.3 4.6 44 1.4 33.9 382.09
climatbambey 2006 9 8 251 21.4 32 24.1 4.8 0 1.5 28.9 382.09
climatbambey 2006 9 9 252 24.1 33.7 21.8 4.7 0 1.2 31.9 382.09
climatbambey 2006 9 10 253 25.1 33.8 22.3 4.9 0 2.1 33.9 382.09
climatbambey 2006 9 11 254 23.6 30.5 15.1 3.2 6 1.7 32.2 382.09
climatbambey 2006 9 12 255 22.5 31.9 16 3.5 0 1.7 30.5 382.09
climatbambey 2006 9 13 256 22.9 33.5 21.5 4.6 27 1.7 31.4 382.09
climatbambey 2006 9 14 257 22.7 30.6 19 3.9 0 1 30.4 382.09
climatbambey 2006 9 15 258 22.9 32.4 17.8 3.7 0.4 1.6 32.6 382.09
climatbambey 2006 9 16 259 24 33.2 25.1 5.2 0 1.6 33.3 382.09
climatbambey 2006 9 17 260 23.9 35.2 22.4 4.9 0 1.2 33.9 382.09
climatbambey 2006 9 18 261 23.5 32.8 15.5 3.5 0 1.8 32.4 382.09
climatbambey 2006 9 19 262 25.3 33.8 22.2 4.9 0 1.5 33.1 382.09
climatbambey 2006 9 20 263 24.6 35.6 22.7 5.1 0 1.2 33.3 382.09
climatbambey 2006 9 21 264 25.5 35.1 23 5.3 0 1.5 31.9 382.09
climatbambey 2006 9 22 265 24.8 35 22.5 5.1 0 1.7 32.5 382.09
climatbambey 2006 9 23 266 22.3 35.8 22.8 5.1 0 1.4 30.9 382.09
climatbambey 2006 9 24 267 24 35.6 22.5 5.1 0 1.3 30.8 382.09
climatbambey 2006 9 25 268 23.4 36.6 22.7 5.2 0.5 1.4 32.5 382.09
climatbambey 2006 9 26 269 23.4 33.1 20.5 4.4 0 1.2 31.3 382.09
climatbambey 2006 9 27 270 23.6 33.6 17.6 4 0 1.7 31.9 382.09
climatbambey 2006 9 28 271 25 35.4 18.3 4.2 0 1.3 35.8 382.09
climatbambey 2006 9 29 272 24.5 35.1 22.5 4.9 0 1.3 34 382.09
climatbambey 2006 9 30 273 25 36.1 22.7 5.3 0 1.6 32.6 382.09
climatbambey 2006 10 1 274 25 38.5 22.4 5.4 0 1.5 34.7 382.09
climatbambey 2006 10 2 275 25.4 37 23.6 5.6 0 1.5 33.2 382.09
climatbambey 2006 10 3 276 23.8 36.5 23.7 5.4 27 1.7 32.1 382.09
climatbambey 2006 10 4 277 22.5 29.6 11.5 2.5 0 0.9 30.5 382.09
climatbambey 2006 10 5 278 25.1 36 21 4.8 2.5 1.1 33.3 382.09
climatbambey 2006 10 6 279 25.5 36 22.5 5.1 0 1.4 35 382.09
climatbambey 2006 10 7 280 24.2 36.5 23.2 5.4 0 1.4 30.7 382.09
climatbambey 2006 10 8 281 23.8 35.7 22.2 4.9 0 1.2 32.4 382.09
climatbambey 2006 10 9 282 24 33.2 13.7 3.3 0 1.1 29.9 382.09
climatbambey 2006 10 10 283 23.5 34.6 14.9 3.4 0 0.8 31.3 382.09
climatbambey 2006 10 11 284 23.9 35.6 13.9 3.6 0 1.7 32.6 382.09
climatbambey 2006 10 12 285 26 37.1 21.3 5.3 0 1.7 33.4 382.09
climatbambey 2006 10 13 286 24 34.2 13.6 3.3 5.2 1.1 31.2 382.09
climatbambey 2006 10 14 287 21.6 29 10.9 2.2 9.9 1.1 31.4 382.09
climatbambey 2006 10 15 288 23 33.5 16.4 3.6 0 1.2 32.4 382.09
climatbambey 2006 10 16 289 24.7 37.3 18.1 4.6 0 1.7 32.6 382.09
climatbambey 2006 10 17 290 25.3 34.8 17.8 4 0 0.7 33.4 382.09
climatbambey 2006 10 18 291 24.6 35.6 15.3 3.8 0 1.3 32.4 382.09
climatbambey 2006 10 19 292 25.6 37.5 18.3 4.7 0 1.4 30.4 382.09
climatbambey 2006 10 20 293 24.3 37.5 19 4.4 0 0.9 33.3 382.09
climatbambey 2006 10 21 294 23.4 38.8 19.2 4.7 0 1.2 30.5 382.09
climatbambey 2006 10 22 295 25.1 36.6 19.4 4.6 0 1.3 32.1 382.09
climatbambey 2006 10 23 296 23 35.5 21.2 5 0 1.8 28.6 382.09
climatbambey 2006 10 24 297 23 38 21.7 5.3 0 1.5 28.8 382.09
climatbambey 2006 10 25 298 22 37.2 20.9 5.1 0 2 29 382.09
climatbambey 2006 10 26 299 21 36.2 21.6 4.9 0 1.7 29 382.09
climatbambey 2006 10 27 300 21.5 34.1 21.4 4.6 0 1.6 28 382.09
climatbambey 2006 10 28 301 20.1 36.1 21.3 4.6 0 1.4 28.9 382.09
climatbambey 2006 10 29 302 21.5 35.6 20.5 4.5 0 1.2 28.5 382.09
climatbambey 2006 10 30 303 20.8 36 19 4.2 0 1 26.3 382.09
climatbambey 2006 10 31 304 22.1 36.9 19 4.8 0 1.8 27.6 382.09
climatbambey 2006 11 1 305 22.8 39.5 21.2 5.2 0 1.3 29.5 382.09
climatbambey 2006 11 2 306 21 38.1 20.7 4.9 0 1.4 27.7 382.09
climatbambey 2006 11 3 307 22.1 38.6 20.6 4.8 0 1.2 30.1 382.09
climatbambey 2006 11 4 308 23.5 40 20.6 5.3 0 1.4 28.6 382.09
climatbambey 2006 11 5 309 21.6 38.7 20.3 4.9 0 1.5 29.3 382.09
climatbambey 2006 11 6 310 23.6 39.9 19 5 0 1.4 29.5 382.09
climatbambey 2006 11 7 311 21.7 40 21.4 4.8 0 0.8 26.3 382.09
climatbambey 2006 11 8 312 16.6 39.5 20.8 4.9 0 1.2 22.7 382.09
climatbambey 2006 11 9 313 22.1 38 19.1 4.6 0 1.3 28.7 382.09
climatbambey 2006 11 10 314 23.9 38.6 20 4.9 0 1.4 31.4 382.09
climatbambey 2006 11 11 315 23.5 38 17.5 4.2 0 1 31 382.09
climatbambey 2006 11 12 316 23.5 39.9 19.9 5.1 0 1.5 30.6 382.09
climatbambey 2006 11 13 317 18.5 39.1 19.9 5 0 1.5 22.6 382.09
climatbambey 2006 11 14 318 17.4 38.1 20.1 5.3 0 1.6 16.4 382.09
climatbambey 2006 11 15 319 19.1 36.6 21 5.5 0 1.6 12.6 382.09
climatbambey 2006 11 16 320 17.5 37.1 20.8 5 0 1.5 18.9 382.09
climatbambey 2006 11 17 321 18.4 37.1 20.1 4.7 0 1.4 21.8 382.09
climatbambey 2006 11 18 322 18.4 39.1 20.1 4.3 0 0.7 27 382.09
climatbambey 2006 11 19 323 20.1 38.6 20.1 4.6 0 1.2 26.8 382.09
climatbambey 2006 11 20 324 21.2 38.1 17.4 4.2 0 1.1 26.8 382.09
climatbambey 2006 11 21 325 18 38.1 19 4.4 0 1.1 21.8 382.09
climatbambey 2006 11 22 326 15.5 37.6 20 4.5 0 1 16 382.09
climatbambey 2006 11 23 327 14.5 37.4 20.5 4.4 0 1 16.8 382.09
climatbambey 2006 11 24 328 15.9 38.1 18.9 4.5 0 1.2 19.8 382.09
climatbambey 2006 11 25 329 20 36.6 18 4.3 0 1.3 22.9 382.09
climatbambey 2006 11 26 330 13.5 38.6 20 4.8 0 1.3 16.3 382.09
climatbambey 2006 11 27 331 17 38.5 20.4 5.1 0 1.3 13 382.09
climatbambey 2006 11 28 332 13.7 39 20.6 5.1 0 1.3 12.4 382.09
climatbambey 2006 11 29 333 13 38.2 20.9 5 0 1.3 12.5 382.09
climatbambey 2006 11 30 334 14.7 37.5 17.7 4.5 0 1.3 14.5 382.09
climatbambey 2006 12 1 335 17.6 32.5 16.9 4.3 0 1.5 14.5 382.09
climatbambey 2006 12 2 336 17.4 32.2 16.9 4.7 0 1.9 13.4 382.09
climatbambey 2006 12 3 337 17.2 32.2 16.9 4.4 0 1.6 12.6 382.09
climatbambey 2006 12 4 338 17.2 32.1 16.9 4.2 0 1.4 11.7 382.09
climatbambey 2006 12 5 339 17.1 32.2 16.8 4.7 0 1.8 10.9 382.09
climatbambey 2006 12 6 340 16.3 32.5 16.8 5.1 0 2.1 10.5 382.09
climatbambey 2006 12 7 341 16.1 32.5 16.8 4.9 0 1.9 10.4 382.09
climatbambey 2006 12 8 342 15.7 32.7 16.8 4.8 0 1.8 10.5 382.09
climatbambey 2006 12 9 343 15.8 33.5 16.8 4.2 0 1.3 11.2 382.09
climatbambey 2006 12 10 344 16.1 34.2 16.7 5 0 2 12.2 382.09
climatbambey 2006 12 11 345 16.7 34.5 16.7 5.9 0 2.8 12.6 382.09
climatbambey 2006 12 12 346 17 34.6 16.7 5.5 0 2.4 13.3 382.09
climatbambey 2006 12 13 347 17.1 34.8 16.7 4.8 0 1.8 14.3 382.09
climatbambey 2006 12 14 348 17.1 35.1 16.7 4.2 0 1.3 15.1 382.09
climatbambey 2006 12 15 349 17.8 35.1 16.7 4 0 1.1 15.7 382.09
climatbambey 2006 12 16 350 18 35.2 16.7 4.2 0 1.3 16.3 382.09
climatbambey 2006 12 17 351 18.2 35.1 16.7 4.7 0 1.8 16.1 382.09
climatbambey 2006 12 18 352 18 35 16.7 5 0 2.1 15.9 382.09
climatbambey 2006 12 19 353 18.1 35.3 16.7 4.9 0 1.9 16.1 382.09
climatbambey 2006 12 20 354 17.6 36 16.7 4.7 0 1.8 17.1 382.09
climatbambey 2006 12 21 355 17.5 36.4 16.7 4.3 0 1.4 17.4 382.09
climatbambey 2006 12 22 356 17.5 36.5 16.7 4.6 0 1.6 16.8 382.09
climatbambey 2006 12 23 357 17.7 36.5 16.7 4.8 0 1.8 16.2 382.09
climatbambey 2006 12 24 358 17.6 36.5 16.7 4.7 0 1.6 15.5 382.09
climatbambey 2006 12 25 359 17.5 36.3 16.7 4.1 0 1.1 14.5 382.09
climatbambey 2006 12 26 360 17.3 35.9 16.7 4.4 0 1.3 13.2 382.09
climatbambey 2006 12 27 361 16.8 35.1 16.7 4.7 0 1.6 12 382.09
climatbambey 2006 12 28 362 16.8 34.6 16.7 4.6 0 1.5 11.3 382.09
climatbambey 2006 12 29 363 17 34.1 16.7 4.9 0 1.7 10.7 382.09
climatbambey 2006 12 30 364 16.7 33.8 16.8 5.1 0 1.9 9.8 382.09
climatbambey 2006 12 31 365 16.5 33.4 16.8 5.7 0 2.4 9.5 382.09
