climatbambey 2019 1 3 3 20.2 33.8 15.2 -999.99 0 2 7.3 411.66
climatbambey 2019 1 4 4 17.4 30.2 15.9 -999.99 0 1.8 7.7 411.66
climatbambey 2019 1 5 5 19.5 33.6 13.2 -999.99 0 2.2 8 411.66
climatbambey 2019 1 6 6 15.8 34 19 -999.99 0 2 8.7 411.66
climatbambey 2019 1 7 7 19.5 31.8 20.1 -999.99 0 1.9 10 411.66
climatbambey 2019 1 8 8 13 35.2 20.7 -999.99 0 1.8 9.8 411.66
climatbambey 2019 1 9 9 15.4 35.8 20.5 -999.99 0 2 12.8 411.66
climatbambey 2019 1 10 10 15 32 20 -999.99 0 1.9 11 411.66
climatbambey 2019 1 11 11 15.6 33.8 19.4 -999.99 0 2 12.1 411.66
climatbambey 2019 1 12 12 14.5 34.5 20.2 -999.99 0 1.7 11.5 411.66
climatbambey 2019 1 13 13 16.9 36.8 20.2 -999.99 0 1.7 14 411.66
climatbambey 2019 1 14 14 16.9 36 19.5 -999.99 0 1.9 13.5 411.66
climatbambey 2019 1 15 15 15.4 35.5 20.5 -999.99 0 1.9 13.7 411.66
climatbambey 2019 1 16 16 16.5 35 19.8 -999.99 0 1.9 18.4 411.66
climatbambey 2019 1 17 17 17.8 34.8 19.8 -999.99 0 2 18.6 411.66
climatbambey 2019 1 18 18 17.5 29.8 19.6 -999.99 0 2.7 11.1 411.66
climatbambey 2019 1 19 19 16.2 29 20 -999.99 0 2.4 8.5 411.66
climatbambey 2019 1 20 20 15.2 31 20.2 -999.99 0 2.2 9.3 411.66
climatbambey 2019 1 21 21 15.2 31.5 15.6 -999.99 0 2 9.3 411.66
climatbambey 2019 1 22 22 12.8 30.4 16.9 -999.99 0 2.1 11.9 411.66
climatbambey 2019 1 23 23 17.2 31 20.2 -999.99 0 2 13.8 411.66
climatbambey 2019 1 24 24 16 33 20.5 -999.99 0 1.9 14.3 411.66
climatbambey 2019 1 25 25 17.8 35 20.5 -999.99 0 1.8 19.3 411.66
climatbambey 2019 1 26 26 19.8 35.2 19.5 -999.99 0 2 16.9 411.66
climatbambey 2019 1 27 27 20 35.5 14 -999.99 0 2.2 8.9 411.66
climatbambey 2019 1 28 28 19.8 35 18.5 -999.99 0 2.7 10.6 411.66
climatbambey 2019 1 29 29 16.5 34.6 20.7 -999.99 0 2 14.7 411.66
climatbambey 2019 1 30 30 16 34.8 20.5 -999.99 0 1.9 16.9 411.66
climatbambey 2019 1 31 31 16.2 34 20.3 -999.99 0 2 13.7 411.66
climatbambey 2019 2 1 32 13.8 35.2 18.5 -999.99 0 2 16.9 411.66
climatbambey 2019 2 2 33 16.5 34 21 -999.99 0 2 16.9 411.66
climatbambey 2019 2 3 34 16.4 34 20.3 -999.99 0 2 16.2 411.66
climatbambey 2019 2 4 35 17 33.6 20.1 -999.99 0 2 17.9 411.66
climatbambey 2019 2 5 36 16 34.5 16.5 -999.99 0 1.9 18.3 411.66
climatbambey 2019 2 6 37 17 36.2 13.6 -999.99 0 1.7 17.1 411.66
climatbambey 2019 2 7 38 20.5 35 18.3 -999.99 0 2 9.7 411.66
climatbambey 2019 2 8 39 20.8 31.5 17.4 -999.99 0 1.8 7.1 411.66
climatbambey 2019 2 9 40 19.5 37 17.9 -999.99 0 2.1 9.6 411.66
climatbambey 2019 2 10 41 19.6 37.4 22.1 -999.99 0 1.9 10.1 411.66
climatbambey 2019 2 11 42 20.4 38.6 21.6 -999.99 0 1.7 7.8 411.66
climatbambey 2019 2 12 43 19.2 38.2 21.7 -999.99 0 1.9 7.7 411.66
climatbambey 2019 2 13 44 22.4 37 19.5 -999.99 0 2.2 5.8 411.66
climatbambey 2019 2 14 45 22.8 37 21 -999.99 0 2.1 8 411.66
climatbambey 2019 2 15 46 20 38.6 19.4 -999.99 0 2 10.6 411.66
climatbambey 2019 2 16 47 19.2 33 16.7 -999.99 0 2.1 16.2 411.66
climatbambey 2019 2 17 48 17.8 34.8 16.7 -999.99 0 2.1 17.8 411.66
climatbambey 2019 2 18 49 17 33.5 22.3 -999.99 0 2 17.8 411.66
climatbambey 2019 2 19 50 18.6 33.6 21.3 -999.99 0 2 15.7 411.66
climatbambey 2019 2 20 51 15.4 35 22.2 -999.99 0 2 15.9 411.66
climatbambey 2019 2 21 52 16.8 37.4 23.3 -999.99 0 1.9 13.6 411.66
climatbambey 2019 2 22 53 20 38.5 23.1 -999.99 0 2.1 11.4 411.66
climatbambey 2019 2 23 54 22.4 37.4 21.2 -999.99 0 2.4 10.8 411.66
climatbambey 2019 2 24 55 22.5 35 22.1 -999.99 0 2.1 8.1 411.66
climatbambey 2019 2 25 56 19.2 34.2 22.4 -999.99 0 2.3 7.2 411.66
climatbambey 2019 2 26 57 18.4 33.5 22.5 -999.99 0 2.6 5.4 411.66
climatbambey 2019 2 27 58 20.4 32.4 23.6 -999.99 0 2.8 5.2 411.66
climatbambey 2019 2 28 59 17.4 33 23.8 -999.99 0 2.4 5.4 411.66
climatbambey 2019 3 1 60 19.6 32 23.3 -999.99 0 3.1 5.6 411.66
climatbambey 2019 3 2 61 18 33.4 23.3 -999.99 0 2.3 10.4 411.66
climatbambey 2019 3 3 62 15 34.4 23.1 -999.99 0 2 10.6 411.66
climatbambey 2019 3 4 63 16.2 35.5 23 -999.99 0 2.2 12.7 411.66
climatbambey 2019 3 5 64 18 37.5 23.3 -999.99 0 2 13.6 411.66
climatbambey 2019 3 6 65 18.2 37.2 23.4 -999.99 0 2.1 16.2 411.66
climatbambey 2019 3 7 66 17 36.6 23.9 -999.99 0 2.3 15 411.66
climatbambey 2019 3 8 67 18.6 37 23.8 -999.99 0 2 15.9 411.66
climatbambey 2019 3 9 68 16.4 35.5 24 -999.99 0 2.3 16.9 411.66
climatbambey 2019 3 10 69 19 37.2 23.8 -999.99 0 2 16.2 411.66
climatbambey 2019 3 11 70 20.6 38.5 24 -999.99 0 2.3 14.7 411.66
climatbambey 2019 3 12 71 22.5 37.5 21.9 -999.99 0 2.9 7.8 411.66
climatbambey 2019 3 13 72 24.2 36.5 23.5 -999.99 0 2.7 6.5 411.66
climatbambey 2019 3 14 73 22.8 37.2 23.8 -999.99 0 3 7.2 411.66
climatbambey 2019 3 15 74 20.8 38 23.1 -999.99 0 2.2 8.8 411.66
climatbambey 2019 3 16 75 17.4 38.2 18.8 -999.99 0 2 16.4 411.66
climatbambey 2019 3 17 76 18 38.5 23.1 -999.99 0 1.8 19.4 411.66
climatbambey 2019 3 18 77 18.4 40 22.9 -999.99 0 2 21.1 411.66
climatbambey 2019 3 19 78 19.8 41.5 23.9 -999.99 0 2 16.5 411.66
climatbambey 2019 3 20 79 19.2 40.4 24.4 -999.99 0 2 23.9 411.66
climatbambey 2019 3 21 80 18.8 38.2 24.1 -999.99 0 2 23.3 411.66
climatbambey 2019 3 22 81 20.4 30.5 24.1 -999.99 0.5 2.1 22.9 411.66
climatbambey 2019 3 23 82 17.4 30.4 16 -999.99 0 2 19.6 411.66
climatbambey 2019 3 24 83 17.4 31.7 11.8 -999.99 0 2 19.9 411.66
climatbambey 2019 3 25 84 17.2 31.6 11.8 -999.99 0 2 20.3 411.66
climatbambey 2019 3 26 85 17.6 31 17.8 -999.99 0 2.4 19.9 411.66
climatbambey 2019 3 27 86 18.2 32.6 14.2 -999.99 0 2.1 21.4 411.66
climatbambey 2019 3 28 87 19 32.5 23 -999.99 0 2.4 20 411.66
climatbambey 2019 3 29 88 19.2 34.5 24.5 -999.99 0 2.4 20 411.66
climatbambey 2019 3 30 89 19.4 33.5 18.7 -999.99 0 2.1 17.9 411.66
climatbambey 2019 3 31 90 19.2 35.4 22.6 -999.99 0 2.1 20.3 411.66
climatbambey 2019 4 1 91 19.8 37 23.4 -999.99 0 2.4 17 411.66
climatbambey 2019 4 2 92 21.4 37 24.8 -999.99 0 2 18 411.66
climatbambey 2019 4 3 93 19.8 34 24.8 -999.99 0 2.1 19.7 411.66
climatbambey 2019 4 4 94 19.4 32.6 24.3 -999.99 0 2.2 18.3 411.66
climatbambey 2019 4 5 95 18.8 35 23.6 -999.99 0 2.6 17.5 411.66
climatbambey 2019 4 6 96 19.8 37 23.1 -999.99 0 2.3 19 411.66
climatbambey 2019 4 7 97 23 38.5 22.8 -999.99 0 2 18.4 411.66
climatbambey 2019 4 8 98 24 39.8 23.2 -999.99 0 2.1 13.2 411.66
climatbambey 2019 4 9 99 23.8 40 22.3 -999.99 0 2 12.1 411.66
climatbambey 2019 4 10 100 23 39 20.3 -999.99 0 2.1 17.7 411.66
climatbambey 2019 4 11 101 20.4 37.5 23.2 -999.99 0 2.1 18.2 411.66
climatbambey 2019 4 12 102 18.6 36.2 24.7 -999.99 0 2.4 18.4 411.66
climatbambey 2019 4 13 103 18 38 25 -999.99 0 2.1 19.7 411.66
climatbambey 2019 4 14 104 18.6 39 25.4 -999.99 0 2.1 22.4 411.66
climatbambey 2019 4 15 105 19.5 40 24.8 -999.99 0 2.1 23.6 411.66
climatbambey 2019 4 16 106 19.2 40.4 25.3 -999.99 0 2.1 23.7 411.66
climatbambey 2019 4 17 107 20.2 37.5 25.8 -999.99 0 2.1 21.6 411.66
climatbambey 2019 4 18 108 19 39 17.4 -999.99 0 2 21.8 411.66
climatbambey 2019 4 19 109 19.8 40 25.8 -999.99 0 2.1 21.1 411.66
climatbambey 2019 4 20 110 20.5 38.5 25.8 -999.99 0 2.1 22.7 411.66
climatbambey 2019 4 21 111 19.8 40 24.6 -999.99 0 2 24.3 411.66
climatbambey 2019 4 22 112 19 32.5 24.8 -999.99 0 2 21.5 411.66
climatbambey 2019 4 23 113 18 35.5 22.9 -999.99 0 2 22 411.66
climatbambey 2019 4 24 114 18.2 39 25.3 -999.99 0 2 23.3 411.66
climatbambey 2019 4 25 115 21 40.4 24.3 -999.99 0 2 21.9 411.66
climatbambey 2019 4 26 116 22.2 42.6 24.7 -999.99 0 2.1 21.2 411.66
climatbambey 2019 4 27 117 24.2 42.8 24.9 -999.99 0 2.1 20.2 411.66
climatbambey 2019 4 28 118 24.2 42 25.9 -999.99 0 1.9 20.2 411.66
climatbambey 2019 4 29 119 24 41 26.2 -999.99 0 2.3 20.5 411.66
climatbambey 2019 4 30 120 21.4 40 25.9 -999.99 0 2 24.5 411.66
climatbambey 2019 5 1 121 20.4 32 25.3 -999.99 0 2 23.5 411.66
climatbambey 2019 5 2 122 19.4 31.8 24.9 -999.99 0 2 22.3 411.66
climatbambey 2019 5 3 123 19 31.4 25.9 -999.99 0 2 21 411.66
climatbambey 2019 5 4 124 19.4 34.4 26 -999.99 0 2 22.3 411.66
climatbambey 2019 5 5 125 20 39.5 26.1 -999.99 0 2 24.9 411.66
climatbambey 2019 5 6 126 22.4 44 26.1 -999.99 0 2.1 22.1 411.66
climatbambey 2019 5 7 127 26 43.5 24.8 -999.99 0 1.7 22.2 411.66
climatbambey 2019 5 8 128 24 44.9 25.6 -999.99 0 2 22.9 411.66
climatbambey 2019 5 9 129 22.9 40 25.5 -999.99 0 2 28.8 411.66
climatbambey 2019 5 10 130 20.5 38.5 25.4 -999.99 0 2 27.2 411.66
climatbambey 2019 5 11 131 21 39.4 25.4 -999.99 0 2 26.2 411.66
climatbambey 2019 5 12 132 21.2 37.5 25.3 -999.99 0 2 24.9 411.66
climatbambey 2019 5 13 133 20.4 34 25.3 -999.99 0 2.1 23.3 411.66
climatbambey 2019 5 14 134 20.2 33.8 25 -999.99 0 2.3 23.7 411.66
climatbambey 2019 5 15 135 19.8 33 24.5 -999.99 0 2 23.7 411.66
climatbambey 2019 5 16 136 18 33.5 25.2 -999.99 0 2 22.2 411.66
climatbambey 2019 5 17 137 19 34.4 24.8 -999.99 0 2 22.9 411.66
climatbambey 2019 5 18 138 20.5 34 24.8 -999.99 0 2 23.9 411.66
climatbambey 2019 5 19 139 19.4 34.2 24.7 -999.99 0 2 21.8 411.66
climatbambey 2019 5 20 140 20 37 25.2 -999.99 0 2 23.3 411.66
climatbambey 2019 5 21 141 21 39.8 24.8 -999.99 0 2 24.3 411.66
climatbambey 2019 5 22 142 22.5 37 24.3 -999.99 0 2.1 25.1 411.66
climatbambey 2019 5 23 143 21 36.9 24.5 -999.99 0 2.1 25.8 411.66
climatbambey 2019 5 24 144 21.5 39 24.5 -999.99 0 2.1 27.3 411.66
climatbambey 2019 5 25 145 21.6 37 25.1 -999.99 0 2 26.5 411.66
climatbambey 2019 5 26 146 21.2 35.5 24 -999.99 0 2 23.5 411.66
climatbambey 2019 5 27 147 21.2 35.6 24 -999.99 0 2 24 411.66
climatbambey 2019 5 28 148 21 39 23 -999.99 0 2.2 25.2 411.66
climatbambey 2019 5 29 149 23 37.2 21.9 -999.99 0 2 26.9 411.66
climatbambey 2019 5 30 150 25 42.4 23.8 -999.99 0 2.1 24.3 411.66
climatbambey 2019 5 31 151 22 37.6 18.3 -999.99 0 2 26.8 411.66
climatbambey 2019 6 1 152 21.5 38.4 21.6 -999.99 0 1.9 26.4 411.66
climatbambey 2019 6 2 153 20.5 39.5 20.3 -999.99 0 2 27.6 411.66
climatbambey 2019 6 3 154 20 36.6 20.7 -999.99 0 2.1 24.4 411.66
climatbambey 2019 6 4 155 22 34.4 22.6 -999.99 0 2 26.4 411.66
climatbambey 2019 6 5 156 22.4 33 19.1 -999.99 0 2 24.7 411.66
climatbambey 2019 6 6 157 22.4 36.8 17.8 -999.99 0 1.8 28.2 411.66
climatbambey 2019 6 7 158 21.4 35.6 21.1 -999.99 0 1.9 24.7 411.66
climatbambey 2019 6 8 159 20.8 36.5 21.5 -999.99 0 2 24.7 411.66
climatbambey 2019 6 9 160 21.8 39.8 23.1 -999.99 0 1.8 28.4 411.66
climatbambey 2019 6 10 161 24.2 37 22.5 -999.99 0 2 27.4 411.66
climatbambey 2019 6 11 162 24.5 36.8 22.9 -999.99 0 1.8 29.5 411.66
climatbambey 2019 6 12 163 22.5 36 21.5 -999.99 0 2 27.8 411.66
climatbambey 2019 6 13 164 22.4 37.5 21.5 -999.99 0 2 26.2 411.66
climatbambey 2019 6 14 165 21.4 36.5 14.9 -999.99 0 2 26 411.66
climatbambey 2019 6 15 166 22.5 38 15 -999.99 0 2 28.4 411.66
climatbambey 2019 6 16 167 24 39.2 21.9 -999.99 0 1.1 26.5 411.66
climatbambey 2019 6 17 168 25.4 41.5 23.1 -999.99 0 2 24.5 411.66
climatbambey 2019 6 18 169 25 35 15.2 -999.99 0 1.3 26.3 411.66
climatbambey 2019 6 19 170 25 40 18.4 -999.99 0 2 30.3 411.66
climatbambey 2019 6 20 171 23 37 20.4 -999.99 0 2 29.5 411.66
climatbambey 2019 6 21 172 24 39.8 16.5 -999.99 0 2 30 411.66
climatbambey 2019 6 22 173 23.4 36.6 22.2 -999.99 0 2 29.1 411.66
climatbambey 2019 6 23 174 22.4 35.5 17.6 -999.99 0 2 27.4 411.66
climatbambey 2019 6 24 175 22.8 36 18.8 -999.99 0 2 27.3 411.66
climatbambey 2019 6 25 176 23.6 42.5 22.8 -999.99 0 2 30.8 411.66
climatbambey 2019 6 26 177 25.2 38.8 22.7 -999.99 0 1.7 30.4 411.66
climatbambey 2019 6 27 178 25.4 37.2 14.5 -999.99 0 2 30.6 411.66
climatbambey 2019 6 28 179 25.5 35.5 18.8 -999.99 0 2.3 29.3 411.66
climatbambey 2019 6 29 180 23.6 37.5 22.7 -999.99 1.4 1.7 28.5 411.66
climatbambey 2019 6 30 181 24 33.5 23.2 -999.99 3.6 0.9 27.8 411.66
climatbambey 2019 7 1 182 24.8 34 20.2 -999.99 0 1.8 29.3 411.66
climatbambey 2019 7 2 183 25 38 23.5 -999.99 0 1.6 30.5 411.66
climatbambey 2019 7 3 184 25.6 39.4 18.5 -999.99 0 1.8 31.3 411.66
climatbambey 2019 7 4 185 25 39 15.8 -999.99 0 2.3 30 411.66
climatbambey 2019 7 5 186 24.8 33.2 20.2 -999.99 0 2 26.8 411.66
climatbambey 2019 7 6 187 23.5 34 22.5 -999.99 0 2.3 27.2 411.66
climatbambey 2019 7 7 188 25 36.5 19.5 -999.99 0 2.2 26.8 411.66
climatbambey 2019 7 8 189 24.6 35.6 21.6 -999.99 0 1.8 29 411.66
climatbambey 2019 7 9 190 25.2 36.8 20.8 -999.99 0 2.2 29.2 411.66
climatbambey 2019 7 10 191 24.4 34.3 15.3 -999.99 0 3.3 29 411.66
climatbambey 2019 7 11 192 23 34 23.6 -999.99 0 3.7 26.1 411.66
climatbambey 2019 7 12 193 22 37.4 21.7 -999.99 0 2 25.6 411.66
climatbambey 2019 7 13 194 24.5 37.5 22.5 -999.99 0 1.8 29.4 411.66
climatbambey 2019 7 14 195 25 37.5 22.7 -999.99 0 2.8 30.3 411.66
climatbambey 2019 7 15 196 23.6 35.3 22.3 -999.99 0 2.9 27.7 411.66
climatbambey 2019 7 16 197 22.4 33.6 17.5 -999.99 0 2.3 25.5 411.66
climatbambey 2019 7 17 198 25 35.5 20.7 -999.99 0 2.1 30.1 411.66
climatbambey 2019 7 18 199 25.4 33.5 21.8 -999.99 0 3.7 30.4 411.66
climatbambey 2019 7 19 200 23.5 34 14 -999.99 0 2.3 26.6 411.66
climatbambey 2019 7 20 201 22.3 35 15.5 -999.99 0 2.1 27.7 411.66
climatbambey 2019 7 21 202 25.2 37.9 20.9 -999.99 0 2.2 30.1 411.66
climatbambey 2019 7 22 203 24.6 35.2 22.1 -999.99 0 2.2 25.1 411.66
climatbambey 2019 7 23 204 24 38 13.9 -999.99 0 1.7 27.9 411.66
climatbambey 2019 7 24 205 26.2 36 15 -999.99 45 1.7 31.6 411.66
climatbambey 2019 7 25 206 23.8 30.5 23.4 -999.99 0 2 32 411.66
climatbambey 2019 7 26 207 23.8 33.7 24.1 -999.99 0 1.8 30.2 411.66
climatbambey 2019 7 27 208 24.5 35 23.9 -999.99 0 1.7 30.3 411.66
climatbambey 2019 7 28 209 26 34.9 23.3 -999.99 0 1.9 29.8 411.66
climatbambey 2019 7 29 210 26 34.5 20.9 -999.99 0 1.7 30.1 411.66
climatbambey 2019 7 30 211 27 36.5 19.6 -999.99 0 2 32.8 411.66
climatbambey 2019 7 31 212 26.6 35.8 19.5 -999.99 0 2 31.6 411.66
climatbambey 2019 8 1 213 25.5 36 20 -999.99 0 2.3 32.8 411.66
climatbambey 2019 8 2 214 24.5 36 22.1 -999.99 0 2.1 29.9 411.66
climatbambey 2019 8 3 215 25 36.5 22.7 -999.99 0 2.9 32.8 411.66
climatbambey 2019 8 4 216 23.8 36.5 20.9 -999.99 0 2.8 30.6 411.66
climatbambey 2019 8 5 217 26.6 35 14.9 -999.99 0 2.6 32 411.66
climatbambey 2019 8 6 218 23 33.7 22.4 -999.99 0 2.6 28 411.66
climatbambey 2019 8 7 219 21.8 33.7 25.2 -999.99 0 1.8 27.7 411.66
climatbambey 2019 8 8 220 24.2 35 22.9 -999.99 0 2.1 31.9 411.66
climatbambey 2019 8 9 221 25 36.5 22.3 -999.99 0 1.7 32.3 411.66
climatbambey 2019 8 10 222 25.5 35.8 16.2 -999.99 0 2.9 32.8 411.66
climatbambey 2019 8 11 223 24.6 34.5 19.5 -999.99 0 3.3 33.1 411.66
climatbambey 2019 8 12 224 25.5 35.5 20.7 -999.99 0 1.9 33 411.66
climatbambey 2019 8 13 225 27 36.5 17.2 -999.99 0 2 34.5 411.66
climatbambey 2019 8 14 226 26.4 35.8 22.4 -999.99 0 2 32.3 411.66
climatbambey 2019 8 15 227 24.7 34 18.5 -999.99 0 2.9 29.6 411.66
climatbambey 2019 8 16 228 25.5 36 21 -999.99 0 3 31.4 411.66
climatbambey 2019 8 17 229 26.5 34.7 25.2 -999.99 3.9 2.2 31.8 411.66
climatbambey 2019 8 18 230 25 34 19.7 -999.99 34.4 2 32.6 411.66
climatbambey 2019 8 19 231 22.5 31 14.1 -999.99 0 1.4 29.9 411.66
climatbambey 2019 8 20 232 25.7 35 24 -999.99 0 1.8 35.3 411.66
climatbambey 2019 8 21 233 26 31.5 25.2 -999.99 22 2.8 31.6 411.66
climatbambey 2019 8 22 234 23 30.6 23.3 -999.99 38.5 1.4 30.5 411.66
climatbambey 2019 8 23 235 24.5 31 23.6 -999.99 3 3.3 31.8 411.66
climatbambey 2019 8 24 236 25 33 19.7 -999.99 0 2.6 33.4 411.66
climatbambey 2019 8 25 237 24.7 32 22.4 -999.99 0.5 2.7 31.8 411.66
climatbambey 2019 8 26 238 24.5 31.5 14.3 -999.99 0 2.1 32.5 411.66
climatbambey 2019 8 27 239 25.7 34.6 20.8 -999.99 6.5 2.2 33.6 411.66
climatbambey 2019 8 28 240 26 34 21.1 -999.99 25 1 35 411.66
climatbambey 2019 8 29 241 24.4 32 17.8 -999.99 87.3 0.9 33.3 411.66
climatbambey 2019 8 30 242 23.3 29 14.7 -999.99 19.6 1.8 30.5 411.66
climatbambey 2019 8 31 243 24.3 31.2 20.4 -999.99 0.1 2.4 32.6 411.66
climatbambey 2019 9 1 244 25.5 30.2 18.2 -999.99 8.8 2.1 32.6 411.66
climatbambey 2019 9 2 245 25.2 32.9 16 -999.99 0.5 1.6 32.5 411.66
climatbambey 2019 9 3 246 24.5 33.6 18.7 -999.99 0 1.4 32.3 411.66
climatbambey 2019 9 4 247 27 35.5 18.8 -999.99 57.2 2.1 37.1 411.66
climatbambey 2019 9 5 248 24.5 31.5 19 -999.99 0.2 1.9 34 411.66
climatbambey 2019 9 6 249 24 32.5 13.7 -999.99 0 1.3 31.6 411.66
climatbambey 2019 9 7 250 24.5 31.3 15.6 -999.99 10.1 0.7 34 411.66
climatbambey 2019 9 8 251 23.6 32.8 17.2 -999.99 0.5 1.9 33.1 411.66
climatbambey 2019 9 9 252 24.5 33 22.5 -999.99 0 1.8 33.9 411.66
climatbambey 2019 9 10 253 25 34 18.6 -999.99 1.3 1.1 36.1 411.66
climatbambey 2019 9 11 254 25 34 21.4 -999.99 0 1.2 34 411.66
climatbambey 2019 9 12 255 25.3 36 14.6 -999.99 5 0.6 37.2 411.66
climatbambey 2019 9 13 256 24 34 23.4 -999.99 0 0.8 32.8 411.66
climatbambey 2019 9 14 257 25 34.2 18.6 -999.99 12 0.8 34.6 411.66
climatbambey 2019 9 15 258 26 33.8 21.1 -999.99 0 1.7 35.2 411.66
climatbambey 2019 9 16 259 22.4 33.5 21.6 -999.99 32.8 2 31.5 411.66
climatbambey 2019 9 17 260 21.6 34 22.5 -999.99 0 1.3 31.6 411.66
climatbambey 2019 9 18 261 26.2 34.5 13.6 -999.99 0.6 1.5 35.9 411.66
climatbambey 2019 9 19 262 24 32 17.9 -999.99 20 1.5 33.3 411.66
climatbambey 2019 9 20 263 25 31 23.3 -999.99 0.2 1.7 33.1 411.66
climatbambey 2019 9 21 264 23.6 32.6 17.7 -999.99 2.3 1.3 31.7 411.66
climatbambey 2019 9 22 265 26.6 31.5 16.8 -999.99 0 1.3 34.5 411.66
climatbambey 2019 9 23 266 25.8 34 20.7 -999.99 17 1.2 33.7 411.66
climatbambey 2019 9 24 267 22 30.5 20.5 -999.99 2.1 1.2 30.9 411.66
climatbambey 2019 9 25 268 24.8 33.2 15.3 -999.99 0 1.8 33.4 411.66
climatbambey 2019 9 26 269 24.5 33.5 13.4 -999.99 0 2.2 33.4 411.66
climatbambey 2019 9 27 270 24.8 34 22.8 -999.99 0 1 34.2 411.66
climatbambey 2019 9 28 271 25 33.9 22.8 -999.99 0 2 34.3 411.66
climatbambey 2019 9 29 272 24.3 32.6 16.3 -999.99 0 1.8 31.6 411.66
climatbambey 2019 9 30 273 25 35.5 17.3 -999.99 0 1.6 33.8 411.66
climatbambey 2019 10 1 274 26.6 35.5 20.3 -999.99 0 1.8 34.7 411.66
climatbambey 2019 10 2 275 25.2 36.8 17.1 -999.99 15.5 1.2 35.9 411.66
climatbambey 2019 10 3 276 24.2 34.8 21.8 -999.99 0 1.3 35 411.66
climatbambey 2019 10 4 277 24.2 25.5 22 -999.99 0 1.2 25.6 411.66
climatbambey 2019 10 5 278 23 29.5 24.3 -999.99 19.6 1.2 31.4 411.66
climatbambey 2019 10 6 279 25 34.5 20.6 -999.99 0 1.8 34.7 411.66
climatbambey 2019 10 7 280 25.8 32 22.8 -999.99 0 1.9 33.8 411.66
climatbambey 2019 10 8 281 25 31 16.2 -999.99 0 1.3 32.7 411.66
climatbambey 2019 10 9 282 25.4 30 21.3 -999.99 0 1.4 33.8 411.66
climatbambey 2019 10 10 283 25.5 35 22.6 -999.99 0 1.2 34.6 411.66
climatbambey 2019 10 11 284 25.2 35.5 21.7 -999.99 0 1.8 33.8 411.66
climatbambey 2019 10 12 285 25.4 37.5 22.8 -999.99 0 1.4 33.4 411.66
climatbambey 2019 10 13 286 28.4 35 22.4 -999.99 1.3 1.9 37.9 411.66
climatbambey 2019 10 14 287 23.2 32 21.5 -999.99 23.2 2 30.6 411.66
climatbambey 2019 10 15 288 24.4 33 20.9 -999.99 7.5 1.8 33.9 411.66
climatbambey 2019 10 16 289 24 34.5 13.3 -999.99 0 1.7 35.1 411.66
climatbambey 2019 10 17 290 26.2 37 22.3 -999.99 0 1.7 38.6 411.66
climatbambey 2019 10 18 291 26.2 36.6 21.6 -999.99 0 1.1 37.2 411.66
climatbambey 2019 10 19 292 26.5 37.5 19.3 -999.99 0 1.5 37.1 411.66
climatbambey 2019 10 20 293 25 37.5 17.4 -999.99 0 1.6 36.7 411.66
climatbambey 2019 10 21 294 23.4 36.2 16.5 -999.99 0 1.8 31.7 411.66
climatbambey 2019 10 22 295 23.8 35 21.1 -999.99 0 2 30.1 411.66
climatbambey 2019 10 23 296 24 37.5 21.3 -999.99 0 2 32.3 411.66
climatbambey 2019 10 24 297 24.8 34.2 18 -999.99 0 1.7 33.6 411.66
climatbambey 2019 10 25 298 25.5 33.8 21.3 -999.99 0 1.6 34.9 411.66
climatbambey 2019 10 26 299 25.2 36.6 20 -999.99 0 1.7 35.1 411.66
climatbambey 2019 10 27 300 24.6 38 19.1 -999.99 0 1.9 33.6 411.66
climatbambey 2019 10 28 301 17 37 21.3 -999.99 0 1.3 21.4 411.66
climatbambey 2019 10 29 302 18.2 37.5 19.4 -999.99 0 1.6 21 411.66
climatbambey 2019 10 30 303 20.5 38 18.9 -999.99 0 2 23 411.66
climatbambey 2019 10 31 304 20 37 20.4 -999.99 0 1.8 20.4 411.66
climatbambey 2019 11 1 305 17.5 37.5 21.4 -999.99 0 1.8 19.3 411.66
climatbambey 2019 11 2 306 19 38 18.6 -999.99 0 1.3 18.9 411.66
climatbambey 2019 11 3 307 24 37 21.4 -999.99 0 0.8 25.3 411.66
climatbambey 2019 11 4 308 20.8 39.5 18.1 -999.99 0 1.8 23.1 411.66
climatbambey 2019 11 5 309 22.5 40 20.1 -999.99 0 1.4 24.6 411.66
climatbambey 2019 11 6 310 23.5 39.2 18.4 -999.99 0 1.8 25.7 411.66
climatbambey 2019 11 7 311 22.2 36.5 10.5 -999.99 0 2 23.3 411.66
climatbambey 2019 11 8 312 20.8 36.5 19.9 -999.99 0 2 23.2 411.66
climatbambey 2019 11 9 313 21.2 36.5 21.1 -999.99 0 2 24.4 411.66
climatbambey 2019 11 10 314 22.6 38.8 16.9 -999.99 0 1.1 27.2 411.66
climatbambey 2019 11 11 315 22.8 30.9 21 -999.99 0 1.7 18.4 411.66
climatbambey 2019 11 12 316 21.6 37.6 18.2 -999.99 0 1.6 19.5 411.66
climatbambey 2019 11 13 317 19.8 37.5 13.5 -999.99 0 1.6 20.8 411.66
climatbambey 2019 11 14 318 17.5 36 13.7 -999.99 0 1.6 21.4 411.66
climatbambey 2019 11 15 319 21 36.5 9.7 -999.99 0 1.3 24.9 411.66
climatbambey 2019 11 16 320 21.6 33.2 16.6 -999.99 0 1.4 27 411.66
climatbambey 2019 11 17 321 22.8 37 12.1 -999.99 0 1.2 25.9 411.66
climatbambey 2019 11 18 322 23.2 36 13.2 -999.99 0 1.9 21.6 411.66
climatbambey 2019 11 19 323 22 36.5 21.2 -999.99 0 2 18.3 411.66
climatbambey 2019 11 20 324 21.2 36 21.3 -999.99 0 2.8 15.8 411.66
climatbambey 2019 11 21 325 19.8 36.6 21.2 -999.99 0 1.8 18 411.66
climatbambey 2019 11 22 326 19.6 37 20.8 -999.99 0 1.7 17.1 411.66
climatbambey 2019 11 23 327 18.5 38 10.5 -999.99 0 1.3 18.2 411.66
climatbambey 2019 11 24 328 19 38.5 10.4 -999.99 0 1.3 19.3 411.66
climatbambey 2019 11 25 329 20.5 39 10.8 -999.99 0 1.7 19.7 411.66
climatbambey 2019 11 26 330 20.2 38 16.2 -999.99 0 1.1 19.9 411.66
climatbambey 2019 11 27 331 19.8 36.5 19.1 -999.99 0 2.1 20.8 411.66
climatbambey 2019 11 28 332 18.5 36.5 19.8 -999.99 0 2.1 23.1 411.66
climatbambey 2019 11 29 333 19 36.4 17.2 -999.99 0 1.9 22.8 411.66
climatbambey 2019 11 30 334 19.8 37.6 16.4 -999.99 0 2 22 411.66
climatbambey 2019 12 1 335 19.5 38 19.2 -999.99 0 2 22.1 411.66
climatbambey 2019 12 2 336 18.5 38 19.7 -999.99 0 2 22 411.66
climatbambey 2019 12 3 337 19.6 36.5 18.2 -999.99 0 1.7 23.3 411.66
climatbambey 2019 12 4 338 19.6 35.5 19.8 -999.99 0 1.4 20.8 411.66
climatbambey 2019 12 5 339 18.8 31.8 18.7 -999.99 0 2 20.1 411.66
climatbambey 2019 12 6 340 16 31 19.5 -999.99 0 2 19.8 411.66
climatbambey 2019 12 7 341 19 31 18.7 -999.99 0 2 19.9 411.66
climatbambey 2019 12 8 342 20 31.5 20 -999.99 0 1.9 16.9 411.66
climatbambey 2019 12 9 343 20.4 32.5 20.5 -999.99 0 1.8 18.3 411.66
climatbambey 2019 12 10 344 20.6 36 20.3 -999.99 0 2.1 16.2 411.66
climatbambey 2019 12 11 345 21.4 33.4 20.4 -999.99 0 1.8 10.6 411.66
climatbambey 2019 12 12 346 19.2 34.5 14.9 -999.99 0 1.7 10.2 411.66
climatbambey 2019 12 13 347 17.5 36 18.7 -999.99 0 1.2 13 411.66
climatbambey 2019 12 14 348 15.4 37.5 12.4 -999.99 0 0.8 16.6 411.66
climatbambey 2019 12 15 349 16.2 37.5 20.412 -999.99 0 1.4 21.4 411.66
climatbambey 2019 12 16 350 18.2 33 19.9 -999.99 0 2 22.3 411.66
climatbambey 2019 12 17 351 17.5 34 20.4 -999.99 0 2 19.9 411.66
climatbambey 2019 12 18 352 17 36.5 19.9 -999.99 0 1.8 17.7 411.66
climatbambey 2019 12 19 353 18.5 36 20.2 -999.99 0 2 23.1 411.66
climatbambey 2019 12 20 354 18.5 35.5 17.7 -999.99 0 1.7 19.2 411.66
climatbambey 2019 12 21 355 18 35 15.7 -999.99 0 2 12.8 411.66
climatbambey 2019 12 22 356 17.5 36.5 19.3 -999.99 0 2 11.9 411.66
climatbambey 2019 12 23 357 19.6 38 19 -999.99 0 2 18.2 411.66
climatbambey 2019 12 24 358 19.2 38.5 17 -999.99 0 1.4 12.7 411.66
climatbambey 2019 12 25 359 16.2 36.5 16.7 -999.99 0 1 16.3 411.66
climatbambey 2019 12 26 360 13.5 37 18.8 -999.99 0 1.7 15.1 411.66
climatbambey 2019 12 27 361 14.5 37.5 18.4 -999.99 0 0.8 16.6 411.66
climatbambey 2019 12 28 362 14.5 37 19.8 -999.99 0 1.2 19 411.66
climatbambey 2019 12 29 363 13.5 36.2 13.4 -999.99 0 1.9 16.8 411.66
climatbambey 2019 12 30 364 19.2 35.2 18.6 -999.99 0 2 9.2 411.66
climatbambey 2019 12 31 365 19.5 34 14 -999.99 0 2 9 411.66
