climatbambey 2018 1 2 2 18.8 33.8 16 5.9 0 2.4 9.2 408.72
climatbambey 2018 1 3 3 18.8 34.2 15.2 5.7 0 2.3 9.7 408.72
climatbambey 2018 1 4 4 20.2 34.6 15.9 5.5 0 2 9.3 408.72
climatbambey 2018 1 5 5 21.2 34.8 13.2 5.3 0 2 10.4 408.72
climatbambey 2018 1 6 6 19.2 33.6 19 5.4 0 2.2 14.3 408.72
climatbambey 2018 1 7 7 15.6 31.2 20.1 4.4 0 2.4 18.4 408.72
climatbambey 2018 1 8 8 13.8 32.5 20.7 4.3 0 1.7 17.7 408.72
climatbambey 2018 1 9 9 14.2 32.6 20.5 5 0 2.3 14.7 408.72
climatbambey 2018 1 10 10 16.5 33.2 20 6 0 2.6 11.1 408.72
climatbambey 2018 1 11 11 16.2 34.6 19.4 5.6 0 2.1 11.2 408.72
climatbambey 2018 1 12 12 15.6 35.4 20.2 5.6 0 1.9 10.6 408.72
climatbambey 2018 1 13 13 14.8 35.8 20.2 5.7 0 1.9 9.3 408.72
climatbambey 2018 1 14 14 14.5 35.6 19.5 5.7 0 2 10.5 408.72
climatbambey 2018 1 15 15 18.2 35.4 20.5 5.9 0 2 10.4 408.72
climatbambey 2018 1 16 16 16.5 31 19.8 5.4 0 2.4 11.9 408.72
climatbambey 2018 1 17 17 14.8 28 19.8 4.6 0 2.3 12.2 408.72
climatbambey 2018 1 18 18 13.5 30.4 19.6 5.2 0 2.6 12 408.72
climatbambey 2018 1 19 19 14.2 31.6 20 5.3 0 2.2 10.3 408.72
climatbambey 2018 1 20 20 18.5 33.4 20.2 5.8 0 2.2 11.6 408.72
climatbambey 2018 1 21 21 16.8 33.5 15.6 5.2 0 2.1 11.2 408.72
climatbambey 2018 1 22 22 20 33.6 16.9 6.1 0 2.3 8.1 408.72
climatbambey 2018 1 23 23 19.4 35 20.2 6.2 0 2.1 7.2 408.72
climatbambey 2018 1 24 24 17.4 36.2 20.5 5.9 0 1.9 9.3 408.72
climatbambey 2018 1 25 25 17.2 36 20.5 6.2 0 2.2 10.6 408.72
climatbambey 2018 1 26 26 19.2 34.4 19.5 6 0 2 6.7 408.72
climatbambey 2018 1 27 27 19 33 14 5.1 0 2.1 11.8 408.72
climatbambey 2018 1 28 28 16.2 32.5 18.5 4.6 0 2 16.8 408.72
climatbambey 2018 1 29 29 12.2 32.4 20.7 4.6 0 2 15.9 408.72
climatbambey 2018 1 30 30 12.8 31.5 20.5 4.6 0 2.2 15.7 408.72
climatbambey 2018 1 31 31 14.8 31 20.3 5.1 0 2.1 11.7 408.72
climatbambey 2018 2 1 32 14.2 29.8 18.5 4.4 0 2 14.1 408.72
climatbambey 2018 2 2 33 13.5 29 21 4.5 0 2.3 14.9 408.72
climatbambey 2018 2 3 34 15.4 29.8 20.3 5.1 0 2.6 14.1 408.72
climatbambey 2018 2 4 35 16.2 31.5 20.1 5.1 0 2.2 13.9 408.72
climatbambey 2018 2 5 36 16 32.2 16.5 4.9 0 2.2 13.7 408.72
climatbambey 2018 2 6 37 19 31.8 13.6 5 0 2.1 11.2 408.72
climatbambey 2018 2 7 38 20.4 31.8 18.3 5.5 0 2.1 11.5 408.72
climatbambey 2018 2 8 39 16.8 28.5 17.4 5.2 0 2.6 11.3 408.72
climatbambey 2018 2 9 40 18.8 29.8 17.9 6.3 0 3 9 408.72
climatbambey 2018 2 10 41 26.5 30.2 22.1 6.3 0 2.2 11.2 408.72
climatbambey 2018 2 11 42 15.6 31.4 21.6 6.4 0 2.6 8 408.72
climatbambey 2018 2 12 43 16.8 33.2 21.7 6.6 0 2.3 6.3 408.72
climatbambey 2018 2 13 44 19.5 36 19.5 6.1 0 2 11.4 408.72
climatbambey 2018 2 14 45 20 36.5 21 6.5 0 2 8.4 408.72
climatbambey 2018 2 15 46 21.5 34 19.4 6.6 0 2.9 14 408.72
climatbambey 2018 2 16 47 21.5 33 16.7 5.8 0 2.9 16.6 408.72
climatbambey 2018 2 17 48 18 33.2 16.7 4.4 0 2 19.7 408.72
climatbambey 2018 2 18 49 16.6 36.2 22.3 5.5 0 2 19.6 408.72
climatbambey 2018 2 19 50 16.4 36 21.3 5.5 0 2.1 18.7 408.72
climatbambey 2018 2 20 51 14.8 36.6 22.2 5.6 0 2.1 18.5 408.72
climatbambey 2018 2 21 52 17.6 33.8 23.3 5.5 0 2.2 18.8 408.72
climatbambey 2018 2 22 53 17 32 23.1 4.9 0 2 20.1 408.72
climatbambey 2018 2 23 54 16.4 28.5 21.2 4.3 0 2.3 18.9 408.72
climatbambey 2018 2 24 55 13.8 30 22.1 4.4 0 1.8 17.5 408.72
climatbambey 2018 2 25 56 16.4 29.8 22.4 4.5 0 2 19.9 408.72
climatbambey 2018 2 26 57 15.9 30.8 22.5 4.7 0 2 18.8 408.72
climatbambey 2018 2 27 58 16.4 34 23.6 5.2 0 2 21 408.72
climatbambey 2018 2 28 59 16.4 32.8 23.8 5.2 0 2.3 20.3 408.72
climatbambey 2018 3 1 60 17 35.2 23.3 5.3 0 2 21.8 408.72
climatbambey 2018 3 2 61 17.8 37.5 23.3 5.8 0 2.2 23.7 408.72
climatbambey 2018 3 3 62 19.8 38.5 23.1 7.2 0 2.9 19 408.72
climatbambey 2018 3 4 63 19.4 38.2 23 6.4 0 2.2 20 408.72
climatbambey 2018 3 5 64 20.4 41 23.3 6.8 0 2.2 22.5 408.72
climatbambey 2018 3 6 65 20.6 41.2 23.4 7 0 2 17.9 408.72
climatbambey 2018 3 7 66 19.5 41.5 23.9 6.9 0 1.9 19.2 408.72
climatbambey 2018 3 8 67 19 41.8 23.8 6.7 0 1.8 20 408.72
climatbambey 2018 3 9 68 18.2 41.6 24 6.6 0 1.7 19 408.72
climatbambey 2018 3 10 69 21.8 42.2 23.8 7.3 0 2 17.8 408.72
climatbambey 2018 3 11 70 20.4 41.6 24 7.1 0 2 19.1 408.72
climatbambey 2018 3 12 71 21.5 41.6 21.9 6.9 0 2 18.5 408.72
climatbambey 2018 3 13 72 19.5 41.8 23.5 6.6 0 1.7 20.3 408.72
climatbambey 2018 3 14 73 18.8 42.6 23.8 7 0 1.7 15 408.72
climatbambey 2018 3 15 74 21 40.2 23.1 6.5 0 2 23.1 408.72
climatbambey 2018 3 16 75 19.2 36 18.8 5.4 0 2.3 21.6 408.72
climatbambey 2018 3 17 76 18.2 38.4 23.1 6 0 2 22.1 408.72
climatbambey 2018 3 18 77 20.4 39 22.9 6.7 0 2 17.1 408.72
climatbambey 2018 3 19 78 19.2 39.8 23.9 7 0 2 16.3 408.72
climatbambey 2018 3 20 79 19.8 39.4 24.4 6.9 0 2.1 19.5 408.72
climatbambey 2018 3 21 80 19.6 38.5 24.1 6.7 0 2.1 19.1 408.72
climatbambey 2018 3 22 81 17.4 38.2 24.1 6.5 0 2 17.9 408.72
climatbambey 2018 3 23 82 21 37.2 16 6 0 2.3 16.1 408.72
climatbambey 2018 3 24 83 24.5 35.8 11.8 7.2 0 2.6 6 408.72
climatbambey 2018 3 25 84 23 37.5 11.8 6.3 0 2.1 8.2 408.72
climatbambey 2018 3 26 85 18.8 38.5 17.8 5.9 0 1.8 14.5 408.72
climatbambey 2018 3 27 86 20.4 37.4 14.2 5.1 0 1.9 18.7 408.72
climatbambey 2018 3 28 87 20.4 39.6 23 6.6 0 2.1 21.6 408.72
climatbambey 2018 3 29 88 18.4 36.5 24.5 5.9 0 2.1 23.4 408.72
climatbambey 2018 3 30 89 19.4 34.8 18.7 4.9 0 2 22.6 408.72
climatbambey 2018 3 31 90 18.4 37.6 22.6 5.9 0 2 22.1 408.72
climatbambey 2018 4 1 91 17.4 37.8 23.4 5.9 0 2 22.3 408.72
climatbambey 2018 4 2 92 18.5 33 24.8 5.6 0 2.3 22 408.72
climatbambey 2018 4 3 93 16.6 36.2 24.8 5.9 0 2.1 21.5 408.72
climatbambey 2018 4 4 94 18.4 38 24.3 6.1 0 2 23.7 408.72
climatbambey 2018 4 5 95 20 38.5 23.6 6.1 0 2.2 26 408.72
climatbambey 2018 4 6 96 21.8 40.4 23.1 7.1 0 2.4 22.6 408.72
climatbambey 2018 4 7 97 21 39 22.8 6.5 0 2.1 21.6 408.72
climatbambey 2018 4 8 98 20 36.8 23.2 6.1 0 2.1 22.2 408.72
climatbambey 2018 4 9 99 19.4 38.4 22.3 6.4 0 2.2 21.1 408.72
climatbambey 2018 4 10 100 21.6 40 20.3 6.9 0 2.2 17.5 408.72
climatbambey 2018 4 11 101 23.5 40 23.2 7.5 0 2.2 16.4 408.72
climatbambey 2018 4 12 102 21 39.6 24.7 7.7 0 2.3 14.9 408.72
climatbambey 2018 4 13 103 19.8 38 25 6.8 0 2.1 19.1 408.72
climatbambey 2018 4 14 104 18.8 38.2 25.4 6.7 0 1.9 18.9 408.72
climatbambey 2018 4 15 105 20 39.2 24.8 7.1 0 2.1 17.8 408.72
climatbambey 2018 4 16 106 19.6 38 25.3 6.4 0 2 23.2 408.72
climatbambey 2018 4 17 107 19.2 37.2 25.8 6.3 0 2 23.7 408.72
climatbambey 2018 4 18 108 17.5 34.2 17.4 4.5 0 2 21.8 408.72
climatbambey 2018 4 19 109 18 31 25.8 5.4 0 2.2 21.1 408.72
climatbambey 2018 4 20 110 18.4 31.5 25.8 5.5 0 2.3 21.8 408.72
climatbambey 2018 4 21 111 18 34.5 24.6 5.7 0 2 21.8 408.72
climatbambey 2018 4 22 112 18 33.8 24.8 5.6 0 2 21.7 408.72
climatbambey 2018 4 23 113 19 34 22.9 5.4 0 2.1 22.3 408.72
climatbambey 2018 4 24 114 19.8 38 25.3 6.5 0 2 22.7 408.72
climatbambey 2018 4 25 115 20 39.2 24.3 6.7 0 2 20.7 408.72
climatbambey 2018 4 26 116 21 40.8 24.7 7.5 0 2.2 18.3 408.72
climatbambey 2018 4 27 117 22 40.5 24.9 6.9 0 2 24.4 408.72
climatbambey 2018 4 28 118 20.5 40 25.9 6.9 0 2 24.3 408.72
climatbambey 2018 4 29 119 20.4 40 26.2 6.9 0 1.9 23.8 408.72
climatbambey 2018 4 30 120 21 41.8 25.9 7.4 0 2 22.1 408.72
climatbambey 2018 5 1 121 22 40.5 25.3 7.3 0 2 19.6 408.72
climatbambey 2018 5 2 122 22 41.6 24.9 7.3 0 1.9 20.2 408.72
climatbambey 2018 5 3 123 23 40.2 25.9 7.6 0 2.2 20.2 408.72
climatbambey 2018 5 4 124 20.4 39.8 26 7.3 0 2.2 21.1 408.72
climatbambey 2018 5 5 125 19.8 35.8 26.1 6.1 0 1.9 23.5 408.72
climatbambey 2018 5 6 126 19.6 36.6 26.1 6.3 0 2.2 24.1 408.72
climatbambey 2018 5 7 127 20 36.8 24.8 6.1 0 2 23.6 408.72
climatbambey 2018 5 8 128 21 37.8 25.6 7 0 2.3 20.9 408.72
climatbambey 2018 5 9 129 20.5 38.6 25.5 6.7 0 1.8 20.9 408.72
climatbambey 2018 5 10 130 19.5 38.8 25.4 6.6 0 2 23.2 408.72
climatbambey 2018 5 11 131 19 38.2 25.4 6.3 0 2 24.9 408.72
climatbambey 2018 5 12 132 18.9 37 25.3 6 0 1.8 23.6 408.72
climatbambey 2018 5 13 133 18.5 37 25.3 6.1 0 2 23.7 408.72
climatbambey 2018 5 14 134 19.6 36 25 6 0 2.1 24.3 408.72
climatbambey 2018 5 15 135 20.5 35.4 24.5 5.8 0 2 25.2 408.72
climatbambey 2018 5 16 136 20.6 34.2 25.2 5.8 0 2 24.1 408.72
climatbambey 2018 5 17 137 20 36 24.8 5.9 0 2 24.8 408.72
climatbambey 2018 5 18 138 19 35.4 24.8 5.9 0 2.2 23.6 408.72
climatbambey 2018 5 19 139 20.2 34.6 24.7 5.7 0 2 24.4 408.72
climatbambey 2018 5 20 140 19.5 35 25.2 5.9 0 2 23.1 408.72
climatbambey 2018 5 21 141 20.4 36 24.8 6 0 2.1 25 408.72
climatbambey 2018 5 22 142 21 35.8 24.3 6 0 2.2 24.8 408.72
climatbambey 2018 5 23 143 21 38.2 24.5 6.2 0 2 26.7 408.72
climatbambey 2018 5 24 144 21.8 39.6 24.5 6.9 0 2.4 25.6 408.72
climatbambey 2018 5 25 145 20.5 35.4 25.1 6 0 2 23.6 408.72
climatbambey 2018 5 26 146 21 36 24 5.8 0 1.8 25.1 408.72
climatbambey 2018 5 27 147 19.8 36 24 5.7 0 2.1 25.5 408.72
climatbambey 2018 5 28 148 21.8 41.5 23 6.8 0 2 24.5 408.72
climatbambey 2018 5 29 149 21.8 36.5 21.9 5.6 0 1.6 23.2 408.72
climatbambey 2018 5 30 150 22.5 36.5 23.8 6.1 0 2 25.4 408.72
climatbambey 2018 5 31 151 22.4 35.6 18.3 5.1 0 2 24.6 408.72
climatbambey 2018 6 1 152 20.5 40 21.6 6 0 2 26.5 408.72
climatbambey 2018 6 2 153 23 36.5 20.3 5.5 0 2 25.7 408.72
climatbambey 2018 6 3 154 23 35.4 20.7 5.6 0 2.3 25.3 408.72
climatbambey 2018 6 4 155 23 37 22.6 5.9 0 2.2 27.8 408.72
climatbambey 2018 6 5 156 23.8 38.5 19.1 5.5 0 1.9 27.6 408.72
climatbambey 2018 6 6 157 24.8 39.8 17.8 5.6 0 2.2 30 408.72
climatbambey 2018 6 7 158 26.2 36.5 21.1 6.1 0 2 24.3 408.72
climatbambey 2018 6 8 159 23 40.6 21.5 6.5 0 2.3 27.3 408.72
climatbambey 2018 6 9 160 23 40 23.1 6.4 0 1.8 25.2 408.72
climatbambey 2018 6 10 161 22.5 38.2 22.5 5.8 0 2 29.2 408.72
climatbambey 2018 6 11 162 23 37 22.9 6 0 1.9 24.8 408.72
climatbambey 2018 6 12 163 22.6 40 21.5 6 0 2 28.8 408.72
climatbambey 2018 6 13 164 24 38.5 21.5 6 0 2 27.6 408.72
climatbambey 2018 6 14 165 25.8 35 14.9 4.2 0 1.7 30.4 408.72
climatbambey 2018 6 15 166 24.5 38.5 15 4.3 0 1.2 28.4 408.72
climatbambey 2018 6 16 167 24.2 37.5 21.9 5.8 0 2 28.5 408.72
climatbambey 2018 6 17 168 23.5 36 23.1 5.8 0 2 27.6 408.72
climatbambey 2018 6 18 169 23 33.5 15.2 4.1 0 1.9 26.8 408.72
climatbambey 2018 6 19 170 22.9 35.4 18.4 5.3 0 2 23.4 408.72
climatbambey 2018 6 20 171 23 35.8 20.4 5.5 0 2 25.4 408.72
climatbambey 2018 6 21 172 23.6 33.4 16.5 4.4 0 2 27 408.72
climatbambey 2018 6 22 173 23.4 35.5 22.2 5.5 0 1.8 27.1 408.72
climatbambey 2018 6 23 174 23.5 35.5 17.6 4.8 0 2.1 28.4 408.72
climatbambey 2018 6 24 175 24.8 36.5 18.8 5.2 0 2 29.3 408.72
climatbambey 2018 6 25 176 23.8 36.4 22.8 5.7 0 2 28.8 408.72
climatbambey 2018 6 26 177 25.6 37.6 22.7 6 0 2 30 408.72
climatbambey 2018 6 27 178 22.5 37.4 14.5 4.9 32.8 2.9 28.3 408.72
climatbambey 2018 6 28 179 24 32.4 18.8 4.3 0 1.8 30.2 408.72
climatbambey 2018 6 29 180 24.6 35 22.7 5.4 0 1.8 30.8 408.72
climatbambey 2018 6 30 181 24.2 33.9 23.2 5.3 0 2 29.9 408.72
climatbambey 2018 7 1 182 23.8 33.5 20.2 4.9 0 1.8 27.5 408.72
climatbambey 2018 7 2 183 24.6 37.4 23.5 6.1 0 2 29.4 408.72
climatbambey 2018 7 3 184 24.6 36 18.5 5.1 0 2.2 30 408.72
climatbambey 2018 7 4 185 25.6 35.2 15.8 4.5 0 1.9 30 408.72
climatbambey 2018 7 5 186 26 37.6 20.2 5.4 0 1.7 31.5 408.72
climatbambey 2018 7 6 187 25.5 35 22.5 5.4 0 1.6 29.9 408.72
climatbambey 2018 7 7 188 26.5 36.5 19.5 5.4 0 2 30.3 408.72
climatbambey 2018 7 8 189 25.6 35.2 21.6 5.5 0.8 2 30 408.72
climatbambey 2018 7 9 190 26 35 20.8 5.2 0 2 31.4 408.72
climatbambey 2018 7 10 191 26 33.5 15.3 4.3 0 1.8 28.9 408.72
climatbambey 2018 7 11 192 25 36.4 23.6 5.9 0 1.9 29.6 408.72
climatbambey 2018 7 12 193 26.2 35 21.7 5.4 0 2.1 31.8 408.72
climatbambey 2018 7 13 194 25.6 36 22.5 5.7 0 1.7 28.6 408.72
climatbambey 2018 7 14 195 25.5 38 22.7 5.7 2.5 1.6 33.5 408.72
climatbambey 2018 7 15 196 26.4 36 22.3 5.5 0 1.9 33.2 408.72
climatbambey 2018 7 16 197 26 33 17.5 4.9 0 2.2 27.4 408.72
climatbambey 2018 7 17 198 25.6 34.5 20.7 5.3 0 2 28.5 408.72
climatbambey 2018 7 18 199 26 35 21.8 5.6 0 2 29.5 408.72
climatbambey 2018 7 19 200 26 28 14 3.1 10.2 1.8 31.7 408.72
climatbambey 2018 7 20 201 26 32.5 15.5 3.9 0 2 31.9 408.72
climatbambey 2018 7 21 202 25 36 20.9 5.3 0 1.7 29.9 408.72
climatbambey 2018 7 22 203 24 36.2 22.1 5.2 0 1.2 29.4 408.72
climatbambey 2018 7 23 204 26.2 32.5 13.9 3.8 0 2 30.7 408.72
climatbambey 2018 7 24 205 26.8 32.5 15 3.9 0 1.7 31.2 408.72
climatbambey 2018 7 25 206 26.6 32.5 23.4 5.7 0 2 27.7 408.72
climatbambey 2018 7 26 207 25.2 33.4 24.1 5.8 0 2 27.3 408.72
climatbambey 2018 7 27 208 24.8 33.5 23.9 5.7 0 2 26.9 408.72
climatbambey 2018 7 28 209 24.8 34 23.3 5.5 0 1.6 27.5 408.72
climatbambey 2018 7 29 210 25.6 35 20.9 5.5 0 2 27.6 408.72
climatbambey 2018 7 30 211 26.5 38 19.6 5.6 0 2 31.3 408.72
climatbambey 2018 7 31 212 26.2 34.5 19.5 5 0 2 31 408.72
climatbambey 2018 8 1 213 27 33.8 20 5.1 0.5 2 31.3 408.72
climatbambey 2018 8 2 214 26 34.5 22.1 5.2 16 1.8 32.5 408.72
climatbambey 2018 8 3 215 24.2 34 22.7 5.2 8.5 1.8 31 408.72
climatbambey 2018 8 4 216 24.2 32.5 20.9 4.5 0 1.6 32 408.72
climatbambey 2018 8 5 217 26.8 33 14.9 3.7 0 1.9 34.4 408.72
climatbambey 2018 8 6 218 25.5 33.5 22.4 5.2 0 2 31.3 408.72
climatbambey 2018 8 7 219 24.5 33 25.2 5.7 0 2 28.4 408.72
climatbambey 2018 8 8 220 25.4 35.4 22.9 5.6 0 1.9 31 408.72
climatbambey 2018 8 9 221 27 34 22.3 5.1 0 2 35.4 408.72
climatbambey 2018 8 10 222 26 34 16.2 4.1 2 2 33.7 408.72
climatbambey 2018 8 11 223 25.8 35 19.5 5.1 0 2 29.7 408.72
climatbambey 2018 8 12 224 23.2 34.8 20.7 5 0 1.8 28.4 408.72
climatbambey 2018 8 13 225 24 32.4 17.2 4.3 0 1.8 27 408.72
climatbambey 2018 8 14 226 23.5 35.2 22.4 5.5 0 1.7 26.8 408.72
climatbambey 2018 8 15 227 26.2 36 18.5 5 0 2 31.2 408.72
climatbambey 2018 8 16 228 26.4 37 21 5.7 15.9 2.1 31.3 408.72
climatbambey 2018 8 17 229 27 36 25.2 6.3 0 2.1 31.2 408.72
climatbambey 2018 8 18 230 26 34.5 19.7 5.1 0 2 30.1 408.72
climatbambey 2018 8 19 231 25.2 35.4 14.1 4.1 0 1.7 28.9 408.72
climatbambey 2018 8 20 232 24.5 36 24 5.9 0 2 28.8 408.72
climatbambey 2018 8 21 233 24.6 35.2 25.2 6 0 2 29.5 408.72
climatbambey 2018 8 22 234 24 36.5 23.3 5.8 1.2 1.9 29.3 408.72
climatbambey 2018 8 23 235 25.2 37.5 23.6 5.9 34 1.9 32.5 408.72
climatbambey 2018 8 24 236 23.8 32.4 19.7 4.3 0 1.7 31.7 408.72
climatbambey 2018 8 25 237 26.8 35.6 22.4 5.2 29 1.4 35.7 408.72
climatbambey 2018 8 26 238 23 32.6 14.3 3.6 0 1.7 28.9 408.72
climatbambey 2018 8 27 239 25.2 33 20.8 4.7 1 1.9 32.8 408.72
climatbambey 2018 8 28 240 25.4 33.5 21.1 4.8 0.2 1.7 32.9 408.72
climatbambey 2018 8 29 241 26.6 34.4 17.8 4.4 48 2 34.7 408.72
climatbambey 2018 8 30 242 24 31 14.7 3.3 4.9 1.6 31.6 408.72
climatbambey 2018 8 31 243 25 31.8 20.4 4.6 0 2 30.9 408.72
climatbambey 2018 9 1 244 25.6 33 18.2 4.2 0 1.5 32.8 408.72
climatbambey 2018 9 2 245 26 33.5 16 3.9 0 1.5 33.2 408.72
climatbambey 2018 9 3 246 25.8 32.9 18.7 4.4 4.4 1.5 31.1 408.72
climatbambey 2018 9 4 247 25.8 32.4 18.8 4.2 16.5 1.5 33.6 408.72
climatbambey 2018 9 5 248 23.8 31.5 19 4.1 21.2 1.5 30.7 408.72
climatbambey 2018 9 6 249 25 30.4 13.7 3.1 55.3 1.5 32.1 408.72
climatbambey 2018 9 7 250 24.8 29.2 15.6 3.4 0.3 1.5 31 408.72
climatbambey 2018 9 8 251 24.6 30.4 17.2 3.7 0 1.4 30.8 408.72
climatbambey 2018 9 9 252 24.2 31.5 22.5 4.7 10.3 1.4 31.1 408.72
climatbambey 2018 9 10 253 24.8 32 18.6 4.1 0 1.4 31.3 408.72
climatbambey 2018 9 11 254 26 33.5 21.4 4.8 0 1.4 33 408.72
climatbambey 2018 9 12 255 26.6 31.5 14.6 3.7 0.6 1.4 29.3 408.72
climatbambey 2018 9 13 256 25 33 23.4 5 8.5 1.4 32.6 408.72
climatbambey 2018 9 14 257 24.3 31.4 18.6 4 6 1.4 31.5 408.72
climatbambey 2018 9 15 258 24 34.9 21.1 4.8 0 1.4 32.5 408.72
climatbambey 2018 9 16 259 25.8 36.3 21.6 5.1 0 1.4 35.1 408.72
climatbambey 2018 9 17 260 26.2 35.6 22.5 5.2 0 1.4 34 408.72
climatbambey 2018 9 18 261 22.5 28.8 13.6 2.9 9.5 1.4 28.6 408.72
climatbambey 2018 9 19 262 24.8 33 17.9 4 0 1.4 33.3 408.72
climatbambey 2018 9 20 263 26.4 35.5 23.3 5.3 0 1.4 35.6 408.72
climatbambey 2018 9 21 264 27.3 35.7 17.7 4.4 0 1.4 36.1 408.72
climatbambey 2018 9 22 265 24.3 34.6 16.8 4 0 1.4 32.3 408.72
climatbambey 2018 9 23 266 22.8 34.4 20.7 4.6 0 1.4 29.7 408.72
climatbambey 2018 9 24 267 23.6 34 20.5 4.5 3.5 1.4 32.1 408.72
climatbambey 2018 9 25 268 23.5 31.5 15.3 3.3 14 1.4 32.1 408.72
climatbambey 2018 9 26 269 23 30.6 13.4 2.9 0 1.4 30.8 408.72
climatbambey 2018 9 27 270 25 35.3 22.8 5 0 1.4 35.1 408.72
climatbambey 2018 9 28 271 25.5 34 22.8 4.9 0 1.5 34.7 408.72
climatbambey 2018 9 29 272 21.2 31 16.3 3.5 55.3 1.5 28.4 408.72
climatbambey 2018 9 30 273 24.3 32.5 17.3 3.8 0 1.5 33.3 408.72
climatbambey 2018 10 1 274 25.5 34 20.3 4.4 0 1 34.7 408.72
climatbambey 2018 10 2 275 23.6 32 17.1 3.7 2.1 1.8 31.9 408.72
climatbambey 2018 10 3 276 24.9 35.5 21.8 4.8 0 1 34.1 408.72
climatbambey 2018 10 4 277 26 35.5 22 5 0 1.6 35.4 408.72
climatbambey 2018 10 5 278 25.5 37 24.3 5.4 0 1.1 37.4 408.72
climatbambey 2018 10 6 279 25.5 35.5 20.6 4.6 0 1.3 36 408.72
climatbambey 2018 10 7 280 24.2 36.5 22.8 5 12 1 35.3 408.72
climatbambey 2018 10 8 281 22.8 34 16.2 3.6 0 1.3 32.7 408.72
climatbambey 2018 10 9 282 26.4 35 21.3 4.7 0 1.4 37.3 408.72
climatbambey 2018 10 10 283 24.7 34.8 22.6 5 0 1.8 33.2 408.72
climatbambey 2018 10 11 284 23.2 36.5 21.7 5.1 0 1.8 31.3 408.72
climatbambey 2018 10 12 285 23.8 36.5 22.8 5.1 0 1 30.8 408.72
climatbambey 2018 10 13 286 23.5 35 22.4 5.1 0 2.2 31.5 408.72
climatbambey 2018 10 14 287 23.1 35 21.5 4.9 0 2.4 31.3 408.72
climatbambey 2018 10 15 288 23 35 20.9 4.8 0 1.7 30 408.72
climatbambey 2018 10 16 289 22.8 27.6 13.3 2.8 19 1.6 27.1 408.72
climatbambey 2018 10 17 290 24.8 34.2 22.3 4.9 0 1.8 33.4 408.72
climatbambey 2018 10 18 291 24 36.8 21.6 5.2 0 2 32.1 408.72
climatbambey 2018 10 19 292 22.4 34.5 19.3 4.2 0 1 28.3 408.72
climatbambey 2018 10 20 293 24 32.6 17.4 3.9 0 1.4 29.4 408.72
climatbambey 2018 10 21 294 23.5 33.5 16.5 3.7 0 1 29.4 408.72
climatbambey 2018 10 22 295 23.6 35 21.1 5.1 0 1.7 25.7 408.72
climatbambey 2018 10 23 296 24 38 21.3 4.8 0 0.8 31.7 408.72
climatbambey 2018 10 24 297 24 38 18 4.8 0 1.8 31 408.72
climatbambey 2018 10 25 298 25.6 39.5 21.3 5.5 0 1.6 32.9 408.72
climatbambey 2018 10 26 299 23 37.5 20 4.9 0 1.7 29.9 408.72
climatbambey 2018 10 27 300 24 36.9 19.1 4.9 0 2 31.1 408.72
climatbambey 2018 10 28 301 24.6 36.5 21.3 5.1 0 1.7 31.5 408.72
climatbambey 2018 10 29 302 23.5 37 19.4 5.1 0 2 28.2 408.72
climatbambey 2018 10 30 303 24 36 18.9 5 0 2 26.5 408.72
climatbambey 2018 10 31 304 23.4 37 20.4 5.2 0 2 28.1 408.72
climatbambey 2018 11 1 305 21.6 37.5 21.4 5.2 0 1.6 25.6 408.72
climatbambey 2018 11 2 306 24 37.5 18.6 4.9 0 1.7 28.8 408.72
climatbambey 2018 11 3 307 22.6 38.4 21.4 6.2 0 2 18.3 408.72
climatbambey 2018 11 4 308 21.6 35.8 18.1 4.6 0 1.8 26 408.72
climatbambey 2018 11 5 309 21.2 35.2 20.1 4.7 0 1.7 25.8 408.72
climatbambey 2018 11 6 310 21.2 36.2 18.4 4.5 0 1.8 27.9 408.72
climatbambey 2018 11 7 311 22.4 32.6 10.5 3.1 0 1.6 25.5 408.72
climatbambey 2018 11 8 312 21.6 39 19.9 5.3 0 1.8 26.5 408.72
climatbambey 2018 11 9 313 21 40 21.1 5.3 0 1.6 28.2 408.72
climatbambey 2018 11 10 314 22.8 39.2 16.9 4.8 0 1.4 22.5 408.72
climatbambey 2018 11 11 315 20.6 39.4 21 5.2 0 1.4 23.5 408.72
climatbambey 2018 11 12 316 22.2 36 18.2 4.9 0 2 24.2 408.72
climatbambey 2018 11 13 317 22 32.8 13.5 3.6 0 1.3 21.2 408.72
climatbambey 2018 11 14 318 20.2 34 13.7 3.9 0 1.6 20.8 408.72
climatbambey 2018 11 15 319 19.8 31.4 9.7 3.4 0 1.7 17.9 408.72
climatbambey 2018 11 16 320 19.5 35.8 16.6 4.9 0 1.8 16.7 408.72
climatbambey 2018 11 17 321 22 35 12.1 4.7 1.5 2 16.9 408.72
climatbambey 2018 11 18 322 20.2 31.6 13.2 3.3 0 1.4 21.5 408.72
climatbambey 2018 11 19 323 18.4 34.5 21.2 5 0 2.1 20.9 408.72
climatbambey 2018 11 20 324 19.2 34.8 21.3 5.1 0 2 20.5 408.72
climatbambey 2018 11 21 325 20.5 37 21.2 5.3 0 1.8 21.9 408.72
climatbambey 2018 11 22 326 20.2 36.5 20.8 5.6 0 2.1 18.5 408.72
climatbambey 2018 11 23 327 21.6 29.5 10.5 3.8 0 2.1 17.2 408.72
climatbambey 2018 11 24 328 20 32 10.4 3.3 0 1.4 18 408.72
climatbambey 2018 11 25 329 22.5 33.4 10.8 4 0 2 19.8 408.72
climatbambey 2018 11 26 330 22 35 16.2 4.8 0 1.9 18.9 408.72
climatbambey 2018 11 27 331 21.6 37 19.1 5.3 0 1.7 15.7 408.72
climatbambey 2018 11 28 332 19 37.8 19.8 5.3 0 1.6 15.5 408.72
climatbambey 2018 11 29 333 22.2 37.5 17.2 5.4 0 1.8 15.4 408.72
climatbambey 2018 11 30 334 19.8 38 16.4 4.5 0 1.2 14.5 408.72
climatbambey 2018 12 1 335 22.4 37.5 19.2 5.8 0 1.9 14.2 408.72
climatbambey 2018 12 2 336 20 37 19.7 5.5 0 1.7 11.7 408.72
climatbambey 2018 12 3 337 16.2 37.2 18.2 5.1 0 1.6 12.6 408.72
climatbambey 2018 12 4 338 15.8 36.8 19.8 4.9 0 1.4 12.3 408.72
climatbambey 2018 12 5 339 20.6 37.5 18.7 5.3 0 1.7 15.3 408.72
climatbambey 2018 12 6 340 19.6 38.2 19.5 5.5 0 1.7 14.5 408.72
climatbambey 2018 12 7 341 18.8 38 18.7 4.9 0 1.4 14.5 408.72
climatbambey 2018 12 8 342 19.6 37 20 5.6 0 1.9 14.8 408.72
climatbambey 2018 12 9 343 19 36.2 20.5 5.3 0 1.6 10.5 408.72
climatbambey 2018 12 10 344 19 36.5 20.3 5.7 0 1.9 12.5 408.72
climatbambey 2018 12 11 345 16 34.8 20.4 5.2 0 1.8 13 408.72
climatbambey 2018 12 12 346 17.2 34.8 14.9 4.2 0 1.9 19.3 408.72
climatbambey 2018 12 13 347 21 35.8 18.7 5.2 0 1.9 17.8 408.72
climatbambey 2018 12 14 348 24.8 36.8 12.4 5.5 0 2 11.3 408.72
climatbambey 2018 12 15 349 24.4 33.2 9.1 5.2 0 2 7.5 408.72
climatbambey 2018 12 16 350 21.4 35.5 19.9 5.6 0 2 14.9 408.72
climatbambey 2018 12 17 351 18 35 20.4 5.1 0 1.8 15.2 408.72
climatbambey 2018 12 18 352 16.6 35.5 19.9 5.2 0 1.8 13.5 408.72
climatbambey 2018 12 19 353 19.6 36 20.2 5.6 0 1.9 12.5 408.72
climatbambey 2018 12 20 354 20 35.5 17.7 5.3 0 1.9 13.6 408.72
climatbambey 2018 12 21 355 18.8 36 15.1 5.7 0 2.1 8.9 408.72
climatbambey 2018 12 22 356 19.8 36 19.3 5.9 0 2.1 10.5 408.72
climatbambey 2018 12 23 357 20.5 35.5 19 5.9 0 2.1 9.8 408.72
climatbambey 2018 12 24 358 18.5 36 17 5.7 0 2.1 10.3 408.72
climatbambey 2018 12 25 359 18 35 16.7 5.4 0 1.9 9.5 408.72
climatbambey 2018 12 26 360 18.5 34.5 18.8 5.5 0 2 10.4 408.72
climatbambey 2018 12 27 361 19.4 36 18.4 5.8 0 2 9.7 408.72
climatbambey 2018 12 28 362 17.6 35.5 19.8 5.5 0 1.9 12.1 408.72
climatbambey 2018 12 29 363 17.5 31.5 13.4 4.5 0 1.9 11.2 408.72
climatbambey 2018 12 30 364 16.6 34.5 18.6 5.1 0 1.8 12.1 408.72
climatbambey 2018 12 31 365 17.6 34.6 14 4.3 0 1.6 14.2 408.72
