climatbambey 2000 1 2 2 15.3 30.7 11 3 0 1.4 17.3 369.71
climatbambey 2000 1 3 3 16 33 11.3 4.4 0 2.4 14.9 369.71
climatbambey 2000 1 4 4 17.2 32.7 9.2 4.7 0 3 15.2 369.71
climatbambey 2000 1 5 5 20.5 30.6 12.4 4.3 0 2.1 14.6 369.71
climatbambey 2000 1 6 6 20.5 31 13.3 5 0 2.3 11.6 369.71
climatbambey 2000 1 7 7 17.2 32.2 13.5 5 0 2.3 11.4 369.71
climatbambey 2000 1 8 8 16 32 14.2 5.6 0 3.2 12.5 369.71
climatbambey 2000 1 9 9 14.9 32.1 14 4 0 1.7 13.9 369.71
climatbambey 2000 1 10 10 14 33.1 19.6 4.7 0 1.9 14.4 369.71
climatbambey 2000 1 11 11 18.4 33.6 19.7 5.6 0 2.7 16.6 369.71
climatbambey 2000 1 12 12 18.7 32.4 19.3 5.9 0 2.5 11 369.71
climatbambey 2000 1 13 13 18.5 32.2 19.1 5.8 0 2.3 9.1 369.71
climatbambey 2000 1 14 14 16.4 30.9 20.3 5.2 0 2.1 10.8 369.71
climatbambey 2000 1 15 15 17.5 30.6 15 4.4 0 1.8 12 369.71
climatbambey 2000 1 16 16 17.3 33.8 17.4 5.2 0 1.9 10.6 369.71
climatbambey 2000 1 17 17 17.5 34.6 17.6 5.9 0 2.3 9.8 369.71
climatbambey 2000 1 18 18 17.4 35.7 20.9 6.3 0 2.5 12.7 369.71
climatbambey 2000 1 19 19 16.4 35.1 18.2 5.1 0 1.9 13.7 369.71
climatbambey 2000 1 20 20 15.5 36.1 19.5 5.2 0 1.7 12.6 369.71
climatbambey 2000 1 21 21 15.1 35.1 18.8 5.1 0 1.7 11.5 369.71
climatbambey 2000 1 22 22 14.4 35.4 19.8 5.2 0 1.9 14 369.71
climatbambey 2000 1 23 23 18.5 37.1 21.3 5.8 0 1.8 13.1 369.71
climatbambey 2000 1 24 24 20.4 33.4 14.2 6.1 0 2.8 11.5 369.71
climatbambey 2000 1 25 25 18.2 32.1 17.4 5.2 0 2.5 14.7 369.71
climatbambey 2000 1 26 26 17 31 18.1 4.3 0 1.8 16.7 369.71
climatbambey 2000 1 27 27 18 35.4 17.7 5.5 0 2.4 16.1 369.71
climatbambey 2000 1 28 28 23.6 32.6 14.5 6 0 3.5 17.5 369.71
climatbambey 2000 1 29 29 25.4 36 15.1 5.8 0 2.2 15 369.71
climatbambey 2000 1 30 30 20.4 39 21.9 6.8 0 2.8 20 369.71
climatbambey 2000 1 31 31 26.5 39.1 16 8 0 3.1 11.9 369.71
climatbambey 2000 2 1 32 22 34.4 17.3 6.9 0 2.7 8.4 369.71
climatbambey 2000 2 2 33 21 34.4 19.7 7 0 2.8 9.5 369.71
climatbambey 2000 2 3 34 20.5 34 13.8 5.9 0 2.4 10.1 369.71
climatbambey 2000 2 4 35 20 34.2 18.9 6.8 0 2.6 7.7 369.71
climatbambey 2000 2 5 36 18.1 35 22.6 7.5 0 2.7 5 369.71
climatbambey 2000 2 6 37 18 32.6 18.3 7.1 0 2.8 4.7 369.71
climatbambey 2000 2 7 38 17.5 34 17.2 7.4 0 3.1 6.5 369.71
climatbambey 2000 2 8 39 20.4 33.6 16.6 7.4 0 3.1 6.6 369.71
climatbambey 2000 2 9 40 22.5 33.1 15.2 7.1 0 3 7.7 369.71
climatbambey 2000 2 10 41 18 34.1 23 7.1 0 2.6 7.2 369.71
climatbambey 2000 2 11 42 19.5 34.4 20.7 5.7 0 1.9 13.5 369.71
climatbambey 2000 2 12 43 16.5 35.1 16.5 5.2 0 1.9 13.3 369.71
climatbambey 2000 2 13 44 22.5 37 20.9 7.1 0 2.2 6.3 369.71
climatbambey 2000 2 14 45 22 36.1 14.3 6.6 0 2.3 6.6 369.71
climatbambey 2000 2 15 46 23.4 33.6 14.2 6.8 0 2.4 4.1 369.71
climatbambey 2000 2 16 47 22.5 36.5 21 8.1 0 2.8 4.7 369.71
climatbambey 2000 2 17 48 22.8 36.5 19.5 7.8 0 2.7 5.6 369.71
climatbambey 2000 2 18 49 19 36 22.2 7.1 0 2.3 7.2 369.71
climatbambey 2000 2 19 50 20.5 36.2 20.3 6.8 0 2.2 8.1 369.71
climatbambey 2000 2 20 51 17.2 36.6 22.9 6.6 0 2.1 10.8 369.71
climatbambey 2000 2 21 52 16.5 36.4 22.6 5.5 0 1.9 19.8 369.71
climatbambey 2000 2 22 53 17.6 33.6 19.8 5 0 2.5 20.8 369.71
climatbambey 2000 2 23 54 18.5 29.1 21.7 4.9 0 3 19.3 369.71
climatbambey 2000 2 24 55 17.2 29.5 14.3 4 0 2.7 18.5 369.71
climatbambey 2000 2 25 56 18.1 34.1 22.9 6.4 0 3.3 18.1 369.71
climatbambey 2000 2 26 57 19 34.5 22 6.7 0 3 15.8 369.71
climatbambey 2000 2 27 58 18.2 38 22.3 6.9 0 2.8 17.9 369.71
climatbambey 2000 2 28 59 18.4 36.1 22.1 6.7 0 2.7 15.4 369.71
climatbambey 2000 2 29 60 16.9 36.5 19.8 5.1 0 1.6 18.2 369.71
climatbambey 2000 3 1 61 15.6 35.6 17.7 3.8 0 0.6 18.9 369.71
climatbambey 2000 3 2 62 16.5 35.1 18.9 4.9 0 1.9 19.3 369.71
climatbambey 2000 3 3 63 17.4 36 18.8 5.2 0 2.4 21.4 369.71
climatbambey 2000 3 4 64 19.5 36.6 16 6 0 2.9 18.2 369.71
climatbambey 2000 3 5 65 18.5 38.1 18.8 6.9 0 3 16.7 369.71
climatbambey 2000 3 6 66 19.1 39.1 19.2 7.4 0 3.3 17.7 369.71
climatbambey 2000 3 7 67 20.3 41.7 19.5 7.2 0 2.4 16.6 369.71
climatbambey 2000 3 8 68 20.5 40.8 21.5 7.4 0 2.4 15.6 369.71
climatbambey 2000 3 9 69 19.8 41.5 21.8 7 0 2.1 17.8 369.71
climatbambey 2000 3 10 70 25.2 40.6 22.4 7.8 0 2.3 12.5 369.71
climatbambey 2000 3 11 71 21.9 39.7 22.7 7.3 0 2.7 20.4 369.71
climatbambey 2000 3 12 72 16.6 39.1 22.8 6 0 1.9 21.2 369.71
climatbambey 2000 3 13 73 15.5 40.1 22.6 6.5 0 1.9 16.4 369.71
climatbambey 2000 3 14 74 22.1 39.6 22.9 7.9 0 2.3 8.5 369.71
climatbambey 2000 3 15 75 19.5 39.1 23.1 7.2 0 1.9 6.9 369.71
climatbambey 2000 3 16 76 17.5 39.5 23.3 7 0 1.9 10.7 369.71
climatbambey 2000 3 17 77 17.1 39.1 23.1 8 0 2.6 9.7 369.71
climatbambey 2000 3 18 78 19.5 39.1 23 7.2 0 2 10 369.71
climatbambey 2000 3 19 79 20.4 40 23.1 7.5 0 2.3 13.9 369.71
climatbambey 2000 3 20 80 18 37.3 22.8 6.3 0 2.5 20.7 369.71
climatbambey 2000 3 21 81 17.5 35.7 23.2 6 0 2.3 19.5 369.71
climatbambey 2000 3 22 82 17.6 37.4 23.5 6.3 0 2.4 20.7 369.71
climatbambey 2000 3 23 83 19.4 38 24.2 7.1 0 2.4 16.5 369.71
climatbambey 2000 3 24 84 19.8 38.1 24 7.1 0 2.9 21 369.71
climatbambey 2000 3 25 85 17.9 35 24.2 6.4 0 3.2 20.7 369.71
climatbambey 2000 3 26 86 17.5 37.2 24.1 7.6 0 3.2 16 369.71
climatbambey 2000 3 27 87 17 37 23.6 7.5 0 3.1 15.1 369.71
climatbambey 2000 3 28 88 18 37.1 23.7 6.7 0 2.5 18.6 369.71
climatbambey 2000 3 29 89 18 36.6 24.2 6.8 0 2.8 18.9 369.71
climatbambey 2000 3 30 90 17.6 37.7 22.9 6.7 0 3.2 21.3 369.71
climatbambey 2000 3 31 91 20.6 41.6 22 8 0 3.1 20.1 369.71
climatbambey 2000 4 1 92 21.5 38.1 20.2 7.7 0 3.9 20.1 369.71
climatbambey 2000 4 2 93 21.1 35 22.8 7.9 0 4.3 17.6 369.71
climatbambey 2000 4 3 94 18.9 33.3 23.6 6.8 0 3.5 17.6 369.71
climatbambey 2000 4 4 95 17.8 35.3 23.5 6.4 0 2.7 18.4 369.71
climatbambey 2000 4 5 96 19.2 38.9 23 8.1 0 3.2 16.1 369.71
climatbambey 2000 4 6 97 20.9 37.3 23.7 8.2 0 3.5 16.1 369.71
climatbambey 2000 4 7 98 18.4 36.1 24.2 8 0 3.6 14.8 369.71
climatbambey 2000 4 8 99 18.6 36 23.9 7.4 0 3.7 18.3 369.71
climatbambey 2000 4 9 100 19.4 34.8 23.6 7 0 3.5 18.8 369.71
climatbambey 2000 4 10 101 19.5 38.5 23.9 8 0 3.5 18.2 369.71
climatbambey 2000 4 11 102 19.2 42.1 21.2 8.2 0 3.2 18.9 369.71
climatbambey 2000 4 12 103 22 42.4 24.4 10.3 0 3.8 14.4 369.71
climatbambey 2000 4 13 104 20.5 43 25.1 9.8 0 3.4 15 369.71
climatbambey 2000 4 14 105 23 44.3 23.5 10.8 0 4 15.7 369.71
climatbambey 2000 4 15 106 24.4 44.8 24 10.1 0 3.3 16.2 369.71
climatbambey 2000 4 16 107 19.5 40.3 21.3 8.1 0 2.9 14.8 369.71
climatbambey 2000 4 17 108 20.5 41.8 19 6.9 0 2.2 18.4 369.71
climatbambey 2000 4 18 109 20.9 36.3 18 5.5 0 2 20.2 369.71
climatbambey 2000 4 19 110 20 40.4 19.5 6.5 0 2.4 21.5 369.71
climatbambey 2000 4 20 111 21.4 39.9 23.2 6.2 0 1.7 24.7 369.71
climatbambey 2000 4 21 112 21 43.4 21.9 7.2 0 2.2 23.1 369.71
climatbambey 2000 4 22 113 20.7 42.9 23.8 9.2 0 3 15 369.71
climatbambey 2000 4 23 114 25.6 42.2 25.3 8.9 0 2.6 15.3 369.71
climatbambey 2000 4 24 115 19.1 38 24.3 6.6 0 2.5 22.4 369.71
climatbambey 2000 4 25 116 19 37.4 23.1 6.3 0 2.3 21.2 369.71
climatbambey 2000 4 26 117 20.1 35.9 20.8 6.1 0 3.1 23.1 369.71
climatbambey 2000 4 27 118 21 39.6 24.9 7.8 0 3.3 22.9 369.71
climatbambey 2000 4 28 119 23.9 42.6 22.7 9.2 0 3.5 19.9 369.71
climatbambey 2000 4 29 120 19 40 25.2 8.5 0 3.3 17.3 369.71
climatbambey 2000 4 30 121 18.5 36.1 25.1 7.6 0 3.6 18.1 369.71
climatbambey 2000 5 1 122 18.5 35.8 25.3 7 0 3.5 20.7 369.71
climatbambey 2000 5 2 123 17 33.1 25.3 6 0 3 20.5 369.71
climatbambey 2000 5 3 124 17.6 32 22.5 5.5 0 3.2 20.3 369.71
climatbambey 2000 5 4 125 20 35.1 21.1 5.6 0 2.1 21.2 369.71
climatbambey 2000 5 5 126 19.6 35.9 25.8 7.3 0 3.8 21.6 369.71
climatbambey 2000 5 6 127 19.4 37.1 26.2 7.8 0 3.9 20.7 369.71
climatbambey 2000 5 7 128 19.5 38.1 25.9 7.8 0 3.6 21 369.71
climatbambey 2000 5 8 129 19 34.5 23.8 6.2 0 3.1 21.8 369.71
climatbambey 2000 5 9 130 19 37.1 24.8 6.7 0 3.2 23.5 369.71
climatbambey 2000 5 10 131 19.5 37.6 24.7 6.9 0 3.4 24.4 369.71
climatbambey 2000 5 11 132 19.6 35.4 23.2 6.2 0 3 23.1 369.71
climatbambey 2000 5 12 133 18 35.2 24.7 6 0 2.5 22.1 369.71
climatbambey 2000 5 13 134 18 36.1 24.8 6.4 0 3.1 23.1 369.71
climatbambey 2000 5 14 135 19 37.1 24.9 6.7 0 3.1 23.7 369.71
climatbambey 2000 5 15 136 18 38.1 24.9 6.4 0 2.4 23.9 369.71
climatbambey 2000 5 16 137 18.5 35.6 24.9 6.1 0 2.5 23.1 369.71
climatbambey 2000 5 17 138 18.2 36.6 24.7 6.5 0 3.2 23.2 369.71
climatbambey 2000 5 18 139 19 37.8 24.8 7.2 0 4.4 24.6 369.71
climatbambey 2000 5 19 140 20.3 36.5 25 6.7 0 3.4 24.8 369.71
climatbambey 2000 5 20 141 20 33.1 15.7 4.3 0 2.9 25.2 369.71
climatbambey 2000 5 21 142 19.2 31.1 15.8 4.8 0 3 19.6 369.71
climatbambey 2000 5 22 143 18.4 30.6 24.4 5.7 0 3 19.4 369.71
climatbambey 2000 5 23 144 18.5 35.1 25.6 6.8 0 2.8 18.5 369.71
climatbambey 2000 5 24 145 21.1 37.2 24.1 6.9 0 3 22.8 369.71
climatbambey 2000 5 25 146 22.8 40.5 21.2 6.5 0 2 23.3 369.71
climatbambey 2000 5 26 147 25.5 41.8 18.3 6.5 0 2.1 23.7 369.71
climatbambey 2000 5 27 148 21 36.3 24.1 6.3 0 2.8 25.3 369.71
climatbambey 2000 5 28 149 20.4 33.3 22.6 5.3 0 2.7 25.6 369.71
climatbambey 2000 5 29 150 20 37 22.6 5.9 0 2.7 26.1 369.71
climatbambey 2000 5 30 151 20 39.1 24.2 6.3 0 2.5 27.5 369.71
climatbambey 2000 5 31 152 20.5 39.6 24.5 6.8 0 2.9 27.7 369.71
climatbambey 2000 6 1 153 22.4 35.4 22.5 5.7 0 3 28.3 369.71
climatbambey 2000 6 2 154 22 37.5 23.3 6.3 0 3.2 28.2 369.71
climatbambey 2000 6 3 155 22 37.1 23.9 6 0 2.6 29.4 369.71
climatbambey 2000 6 4 156 21 37 23.5 8 0 2.5 8.4 369.71
climatbambey 2000 6 5 157 21.3 35.5 23 6.2 0 2.6 23.2 369.71
climatbambey 2000 6 6 158 20.9 36.3 21.6 6.1 0 2.7 23.5 369.71
climatbambey 2000 6 7 159 17.5 35.3 23 6.3 0 3.4 21 369.71
climatbambey 2000 6 8 160 20.6 32.4 23.5 5.5 0 2.9 24.1 369.71
climatbambey 2000 6 9 161 20 33.8 16.1 4.4 0 2.1 24.1 369.71
climatbambey 2000 6 10 162 19.5 37 21.8 5.8 0 2.7 25.3 369.71
climatbambey 2000 6 11 163 22.5 38.3 20 5.8 0 2.6 28.2 369.71
climatbambey 2000 6 12 164 22.2 33.6 17.7 5 0 3.2 26.5 369.71
climatbambey 2000 6 13 165 21 35.6 23.7 5.9 0 3 27.3 369.71
climatbambey 2000 6 14 166 22.5 33.6 17.1 4.5 0 2.6 28.2 369.71
climatbambey 2000 6 15 167 21 35.6 23.2 5.8 0 2.8 27.1 369.71
climatbambey 2000 6 16 168 22.6 34.1 20 5.2 0 2.3 26 369.71
climatbambey 2000 6 17 169 21 34.5 20 5.4 0 2.6 23.8 369.71
climatbambey 2000 6 18 170 20.2 36.4 23.4 6 0 2.7 26 369.71
climatbambey 2000 6 19 171 18.6 36.1 20.3 5.5 0 2.7 23.6 369.71
climatbambey 2000 6 20 172 22 35.1 21.7 5.8 0 3 25.9 369.71
climatbambey 2000 6 21 173 24.1 36.8 21.7 5.9 3.5 2.3 27.9 369.71
climatbambey 2000 6 22 174 24.2 37 19 5.4 0 2.3 28.8 369.71
climatbambey 2000 6 23 175 23.6 38 23.4 6.5 0 2.9 28.6 369.71
climatbambey 2000 6 24 176 25.5 35.9 22.2 6.3 0 3.4 29.6 369.71
climatbambey 2000 6 25 177 25.8 36.4 24.1 6.5 0 3 30 369.71
climatbambey 2000 6 26 178 23.6 38.1 20.6 5.8 0 2.3 28.3 369.71
climatbambey 2000 6 27 179 23 38.1 24.5 7 0 3.2 26.7 369.71
climatbambey 2000 6 28 180 24.5 36.6 24 6.8 0 3 26.1 369.71
climatbambey 2000 6 29 181 23 36 16 4.8 0 2.1 26.2 369.71
climatbambey 2000 6 30 182 24 37.5 23.9 6.7 0 3 27.9 369.71
climatbambey 2000 7 1 183 24.6 35.6 23.3 6.3 0 2.9 27.7 369.71
climatbambey 2000 7 2 184 23.4 35.1 21.2 5.9 0 2.6 25.2 369.71
climatbambey 2000 7 3 185 22.6 36.9 23.5 6.2 0 2.6 27.6 369.71
climatbambey 2000 7 4 186 24.4 35.5 25.6 7 0 3.8 27.1 369.71
climatbambey 2000 7 5 187 25 33.5 20.6 5.6 0 2.5 25.6 369.71
climatbambey 2000 7 6 188 21.5 36.7 24.3 5.9 8.9 2.1 27.8 369.71
climatbambey 2000 7 7 189 24 33.9 21.6 4.9 4 2.1 31.7 369.71
climatbambey 2000 7 8 190 21.6 28.5 12.5 2.7 8.2 1.5 28.4 369.71
climatbambey 2000 7 9 191 23.7 34.5 22.8 5.4 0 2.7 30.6 369.71
climatbambey 2000 7 10 192 25.5 33.1 24.6 6 0 3.3 29.5 369.71
climatbambey 2000 7 11 193 23.9 33.4 21.2 5.3 0 2.4 27.3 369.71
climatbambey 2000 7 12 194 22.6 33.6 19 4.7 0 2.1 27.6 369.71
climatbambey 2000 7 13 195 21.5 35.6 22.9 5.6 0.8 2.3 27.5 369.71
climatbambey 2000 7 14 196 23.5 38 27.4 6.9 0 2.6 29.9 369.71
climatbambey 2000 7 15 197 25.1 35.4 21.7 6.3 0 4.4 29.7 369.71
climatbambey 2000 7 16 198 24.4 33.1 18.1 5.3 0 3.2 26.6 369.71
climatbambey 2000 7 17 199 22.9 34.9 18.2 4.9 0 2.4 28.1 369.71
climatbambey 2000 7 18 200 25.1 34.3 20.7 5.5 0.1 2.8 29 369.71
climatbambey 2000 7 19 201 24.4 31.7 22.9 5.8 0 3.5 26.2 369.71
climatbambey 2000 7 20 202 23.1 31.9 15.5 4.2 0 2.1 25.3 369.71
climatbambey 2000 7 21 203 23.9 32 24.7 5.5 8.5 2.5 28.5 369.71
climatbambey 2000 7 22 204 23.3 29.8 18.6 3.9 2.4 1.3 29.3 369.71
climatbambey 2000 7 23 205 24.4 35.3 21 5 21.8 1.5 30.7 369.71
climatbambey 2000 7 24 206 23 34.1 26.9 5.8 0 1.8 29.9 369.71
climatbambey 2000 7 25 207 25.4 33.1 23.9 5.4 13.8 1.9 31.3 369.71
climatbambey 2000 7 26 208 29.8 32.6 18 4.3 7.6 1.8 37.7 369.71
climatbambey 2000 7 27 209 23 29.6 13.7 3.2 1.4 2.6 29.1 369.71
climatbambey 2000 7 28 210 24 32 13.8 3.6 0 2.9 30.8 369.71
climatbambey 2000 7 29 211 24.5 32.5 24.9 5.6 0 1.9 27.6 369.71
climatbambey 2000 7 30 212 23.4 33.1 15.8 4.3 0 2.7 28.6 369.71
climatbambey 2000 7 31 213 24.1 31 14.5 3.9 9.2 2.9 28.3 369.71
climatbambey 2000 8 1 214 22.6 24.5 13.3 2.4 23.1 1.5 28.4 369.71
climatbambey 2000 8 2 215 22.5 31.4 17.9 4 23 2.3 29.3 369.71
climatbambey 2000 8 3 216 21.1 31 27.2 5.2 3.4 1.8 28.1 369.71
climatbambey 2000 8 4 217 24.2 31.8 19.1 4.2 0.5 1.9 31.7 369.71
climatbambey 2000 8 5 218 22.6 32.1 25.7 5.3 0 1.8 29.3 369.71
climatbambey 2000 8 6 219 25 32.9 22 5 0 2 31 369.71
climatbambey 2000 8 7 220 23.7 33.4 16.8 4.1 0 1.8 29.9 369.71
climatbambey 2000 8 8 221 23.5 34.6 18.6 4.5 8.6 1.4 29.5 369.71
climatbambey 2000 8 9 222 23.1 34.1 20.5 4.7 0 1.3 28.2 369.71
climatbambey 2000 8 10 223 20 33.5 18.3 4.1 30.5 1.9 28.1 369.71
climatbambey 2000 8 11 224 20.5 31.5 26.2 5.3 0 1.5 25.2 369.71
climatbambey 2000 8 12 225 23.4 33.9 22 4.9 3.5 1.4 29.8 369.71
climatbambey 2000 8 13 226 26.4 34.2 17.8 4.5 0 1.7 31.3 369.71
climatbambey 2000 8 14 227 24.5 32.2 20.7 4.6 38 2.5 31.6 369.71
climatbambey 2000 8 15 228 20.8 33.6 21.2 4.5 0 1.1 29.6 369.71
climatbambey 2000 8 16 229 24.4 32.5 16.8 3.8 0 1.2 31.8 369.71
climatbambey 2000 8 17 230 25 33.6 17.6 4.1 0 1.8 33.4 369.71
climatbambey 2000 8 18 231 23.5 32 17.4 3.7 54 1.5 33.1 369.71
climatbambey 2000 8 19 232 24.4 34.1 20.4 4.6 0.6 1.5 33.5 369.71
climatbambey 2000 8 20 233 22.5 32.1 16.4 3.6 33.5 1.3 30.1 369.71
climatbambey 2000 8 21 234 22.5 29.1 15 3 1.4 1.2 30.6 369.71
climatbambey 2000 8 22 235 23.5 30.9 14.5 3.2 0 1.3 31 369.71
climatbambey 2000 8 23 236 23.5 32.7 20.6 4.5 0 1.2 30.6 369.71
climatbambey 2000 8 24 237 24.6 33.1 24.2 5.2 0 1.6 32.6 369.71
climatbambey 2000 8 25 238 24.5 34.6 22.2 4.9 17.5 1.1 32 369.71
climatbambey 2000 8 26 239 24.1 32.9 15.1 3.4 0.3 0.9 32.3 369.71
climatbambey 2000 8 27 240 25.4 31.1 13.5 3 0 1.1 35.3 369.71
climatbambey 2000 8 28 241 20.5 31.1 26.2 5 11 0.9 29.1 369.71
climatbambey 2000 8 29 242 24.5 34.4 23.4 5.1 0 1 33.3 369.71
climatbambey 2000 8 30 243 20.5 29.6 25.1 4.7 31.5 1.4 27.6 369.71
climatbambey 2000 8 31 244 23.5 33.6 24.4 5.1 0 0.9 31.6 369.71
climatbambey 2000 9 1 245 22 31.1 20.9 4.2 6 0.8 30 369.71
climatbambey 2000 9 2 246 24.5 33.1 19.3 4.2 10.1 0.9 32.1 369.71
climatbambey 2000 9 3 247 24.1 34.1 23.6 5.1 0 1.5 32.8 369.71
climatbambey 2000 9 4 248 21.2 32.9 15.9 3.6 19.5 1.2 28.8 369.71
climatbambey 2000 9 5 249 24.6 32.4 16.2 3.7 0 1.5 32.7 369.71
climatbambey 2000 9 6 250 24.5 33.2 18.6 4.4 0 1.5 29 369.71
climatbambey 2000 9 7 251 24.1 35.5 22.7 5.2 0 1.4 31.5 369.71
climatbambey 2000 9 8 252 24.1 35.7 19.6 4.6 18.2 1 30 369.71
climatbambey 2000 9 9 253 23.3 32.5 22.9 4.8 0 1.2 29.7 369.71
climatbambey 2000 9 10 254 24.2 33.3 20.8 4.8 12 1.5 28.6 369.71
climatbambey 2000 9 11 255 22 30.9 13.7 3 0 0.7 29.3 369.71
climatbambey 2000 9 12 256 21.8 34.8 22.3 4.9 1.2 1.6 30.8 369.71
climatbambey 2000 9 13 257 24.8 32.1 18.5 4.1 0 1.8 32.4 369.71
climatbambey 2000 9 14 258 24 33.1 17.1 4 109.5 1.6 31.4 369.71
climatbambey 2000 9 15 259 21.6 33.1 23.4 4.8 0 1 29.5 369.71
climatbambey 2000 9 16 260 23 34.1 23.3 5 0 1.5 30.8 369.71
climatbambey 2000 9 17 261 23 33.4 23.5 4.9 0 0.9 30 369.71
climatbambey 2000 9 18 262 23.7 33.1 15.1 3.5 0 1.1 30.8 369.71
climatbambey 2000 9 19 263 23.5 28.6 11.6 2.6 0 1.2 29.3 369.71
climatbambey 2000 9 20 264 23.6 33.3 21.9 4.6 0 1 30.8 369.71
climatbambey 2000 9 21 265 22.6 33.4 24 5 0 1.1 28.2 369.71
climatbambey 2000 9 22 266 23.6 35.9 19.8 4.6 42.5 1 30.1 369.71
climatbambey 2000 9 23 267 21.7 35.7 14.3 3.2 0 0.7 34 369.71
climatbambey 2000 9 24 268 23.4 35.6 22.2 4.9 0 1.1 33 369.71
climatbambey 2000 9 25 269 24 34.6 17.9 4.1 1.4 1 31.4 369.71
climatbambey 2000 9 26 270 23.4 34.1 21.8 4.6 0 0.9 31.8 369.71
climatbambey 2000 9 27 271 23.9 30.6 12.4 2.8 0 0.9 29.8 369.71
climatbambey 2000 9 28 272 23.9 34.4 16.5 3.8 0 0.8 30.5 369.71
climatbambey 2000 9 29 273 23.5 35.1 21.7 4.8 0 1.1 31.2 369.71
climatbambey 2000 9 30 274 23 37.1 21 4.7 0 0.9 31.1 369.71
climatbambey 2000 10 1 275 21.6 35 17.4 4.1 4.9 1.4 29 369.71
climatbambey 2000 10 2 276 22.3 32.1 16.7 3.7 4 1.3 28.7 369.71
climatbambey 2000 10 3 277 21.4 33.9 22.7 4.7 0.5 1.1 28 369.71
climatbambey 2000 10 4 278 21.4 34.6 18.2 4.2 0 1.4 28 369.71
climatbambey 2000 10 5 279 23.9 33.1 17.1 3.8 0 1.2 31.3 369.71
climatbambey 2000 10 6 280 23.1 35 21.5 4.7 0 1.1 29.9 369.71
climatbambey 2000 10 7 281 22.6 35.1 22.5 4.9 0 1.2 30 369.71
climatbambey 2000 10 8 282 20.6 34.9 22.2 4.8 0 1.1 25.9 369.71
climatbambey 2000 10 9 283 21 35.1 22.2 4.8 0 1.2 26.3 369.71
climatbambey 2000 10 10 284 21.5 36.1 21 4.6 0 1 27.9 369.71
climatbambey 2000 10 11 285 21.9 38 20.9 4.9 0 1.3 30.9 369.71
climatbambey 2000 10 12 286 23.5 35 22.3 5 0 1.4 29.9 369.71
climatbambey 2000 10 13 287 23.5 33.1 17.8 4 6.7 1.5 30.4 369.71
climatbambey 2000 10 14 288 23 27.1 10.8 2.4 7.3 1.2 27.3 369.71
climatbambey 2000 10 15 289 23 29.4 13 2.9 5.3 1.2 27.2 369.71
climatbambey 2000 10 16 290 22 27.4 10.7 2.3 11 1 27.1 369.71
climatbambey 2000 10 17 291 23.4 32.3 13.9 3.6 6.5 1.3 24.7 369.71
climatbambey 2000 10 18 292 20.6 27 12.2 2.8 0.1 1.5 23 369.71
climatbambey 2000 10 19 293 21.6 30.9 13 3.2 0 1.2 23.5 369.71
climatbambey 2000 10 20 294 20.2 34.5 20.1 4.5 0 1.1 21.8 369.71
climatbambey 2000 10 21 295 21.5 35 22.6 5 0 1.2 23 369.71
climatbambey 2000 10 22 296 18.5 35.5 22.8 4.7 0 0.8 13.5 369.71
climatbambey 2000 10 23 297 19.4 35.4 19.8 4.6 0 1.1 19.2 369.71
climatbambey 2000 10 24 298 18.4 35 22.4 4.8 0 1.1 20 369.71
climatbambey 2000 10 25 299 19.1 34 20.8 4.4 0 0.9 18.7 369.71
climatbambey 2000 10 26 300 20.6 33.5 12.8 3.1 0 0.8 22.3 369.71
climatbambey 2000 10 27 301 21.5 38 21.5 5.3 0 1.4 23.2 369.71
climatbambey 2000 10 28 302 21 38.2 21 4.8 0 0.9 20.5 369.71
climatbambey 2000 10 29 303 19 38.1 21.3 5 0 1.2 22.6 369.71
climatbambey 2000 10 30 304 19.8 36.1 20.4 4.6 0 1.1 20.3 369.71
climatbambey 2000 10 31 305 20.5 35.8 20 4.3 0 0.8 24 369.71
climatbambey 2000 11 1 306 20.9 36.5 19.8 4.5 0 1 21.3 369.71
climatbambey 2000 11 2 307 19.3 36.6 21.9 4.7 0 0.9 21.1 369.71
climatbambey 2000 11 3 308 20.2 36.5 22.6 5.1 0 1.2 18.5 369.71
climatbambey 2000 11 4 309 19.2 34.6 18.1 4.2 0 1.1 17.7 369.71
climatbambey 2000 11 5 310 20.5 38.4 16 4.4 0 1.2 18.9 369.71
climatbambey 2000 11 6 311 16.5 38.8 20.1 4.8 0 1.1 15.6 369.71
climatbambey 2000 11 7 312 17 38.2 21 4.5 0 0.8 19.9 369.71
climatbambey 2000 11 8 313 17 35.7 22.1 4.5 0 0.9 19.6 369.71
climatbambey 2000 11 9 314 19.4 36 21.3 4.4 0 0.9 24 369.71
climatbambey 2000 11 10 315 19.5 36.6 17 4.2 0 1.3 22.7 369.71
climatbambey 2000 11 11 316 19.5 34.4 14.6 4.2 0 1.5 17.6 369.71
climatbambey 2000 11 12 317 18.5 34.5 12.3 3.1 0 1.5 25.6 369.71
climatbambey 2000 11 13 318 19.5 33.9 12.6 3.5 0 1.3 20.5 369.71
climatbambey 2000 11 14 319 20.8 34.5 14.3 4.2 0 1.6 18.9 369.71
climatbambey 2000 11 15 320 20.5 34.5 16.9 3.9 0 1 19.8 369.71
climatbambey 2000 11 16 321 22.3 36.9 20.8 4.7 0 1 21.1 369.71
climatbambey 2000 11 17 322 20 36.5 16.8 4.4 0 1.4 19.9 369.71
climatbambey 2000 11 18 323 18.8 37.2 17.8 5 0 1.6 16.6 369.71
climatbambey 2000 11 19 324 18.1 36.8 19.2 5 0 1.5 14.6 369.71
climatbambey 2000 11 20 325 19.2 36.4 21.3 5.2 0 1.4 12 369.71
climatbambey 2000 11 21 326 18.2 36.5 15.3 4.3 0 1.3 15.3 369.71
climatbambey 2000 11 22 327 16.9 35.1 16.6 4.8 0 1.5 10.1 369.71
climatbambey 2000 11 23 328 16.5 35 19.4 5.1 0 1.5 8.6 369.71
climatbambey 2000 11 24 329 18.6 34.4 20.8 5.4 0 1.7 9.7 369.71
climatbambey 2000 11 25 330 18.9 34.6 20.3 5 0 1.5 11.2 369.71
climatbambey 2000 11 26 331 16 36.1 19.4 4.7 0 1.2 6.7 369.71
climatbambey 2000 11 27 332 12.6 36.5 17.5 4.2 0 1 6.8 369.71
climatbambey 2000 11 28 333 15.1 37 16 4.7 0 1.3 7.4 369.71
climatbambey 2000 11 29 334 15 37 17.3 5 0 1.4 6.7 369.71
climatbambey 2000 11 30 335 16.9 37.8 17.1 4.6 0 1.2 8.7 369.71
climatbambey 2000 12 1 336 14.2 36.7 16.2 4.5 0 1.2 6.5 369.71
climatbambey 2000 12 2 337 11.4 35.9 20.6 5.1 0 1.4 4.7 369.71
climatbambey 2000 12 3 338 12 34.5 19.6 5.1 0 1.5 5.1 369.71
climatbambey 2000 12 4 339 15.6 35 18.3 5.3 0 1.7 6.4 369.71
climatbambey 2000 12 5 340 15.5 36.1 19.2 5.1 0 1.5 8.6 369.71
climatbambey 2000 12 6 341 13 36.1 20.6 4.4 0 1 9.9 369.71
climatbambey 2000 12 7 342 11.8 37.4 18.5 4.3 0 1 8.7 369.71
climatbambey 2000 12 8 343 12.4 37.1 20.6 4.8 0 1.2 7.5 369.71
climatbambey 2000 12 9 344 12.8 36 20.2 4.8 0 1.3 7.9 369.71
climatbambey 2000 12 10 345 12.5 36.6 18.9 4.9 0 1.4 8 369.71
climatbambey 2000 12 11 346 15.6 36.1 18.1 5.6 0 1.9 8.7 369.71
climatbambey 2000 12 12 347 17 35.4 18.8 5.6 0 1.9 8.8 369.71
climatbambey 2000 12 13 348 15.8 35 17.5 5.3 0 1.8 7.8 369.71
climatbambey 2000 12 14 349 15 35.2 20.4 4.9 0 1.4 8.9 369.71
climatbambey 2000 12 15 350 17.6 35.1 20.2 5.3 0 1.7 11 369.71
climatbambey 2000 12 16 351 18 34.5 18.5 5.2 0 1.7 8.9 369.71
climatbambey 2000 12 17 352 17.5 34.4 18.3 4.9 0 1.6 10.7 369.71
climatbambey 2000 12 18 353 18.4 34.4 15.6 4.5 0 1.4 9.6 369.71
climatbambey 2000 12 19 354 19.5 34.2 12 5.1 0 1.9 7.8 369.71
climatbambey 2000 12 20 355 16.1 30.3 18.4 5.2 0 2.2 9.1 369.71
climatbambey 2000 12 21 356 15.5 31.1 14.8 4.3 0 1.7 10.9 369.71
climatbambey 2000 12 22 357 15 30.6 20 4.5 0 1.6 10.5 369.71
climatbambey 2000 12 23 358 14.5 31.1 13.4 3.9 0 1.5 11.1 369.71
climatbambey 2000 12 24 359 15 30 16.4 3.9 0 1.5 13.1 369.71
climatbambey 2000 12 25 360 15 32 16.1 4 0 1.5 13.9 369.71
climatbambey 2000 12 26 361 16.2 32.3 17.3 4.5 0 1.6 11.5 369.71
climatbambey 2000 12 27 362 15.8 32.5 20.3 5 0 1.7 8.4 369.71
climatbambey 2000 12 28 363 16.6 37.7 18 4.9 0 1.6 16.5 369.71
climatbambey 2000 12 29 364 16.1 34 18.5 4.5 0 1.8 17.2 369.71
climatbambey 2000 12 30 365 14.8 34.9 18.5 4.7 0 1.4 9.1 369.71
climatbambey 2000 12 31 366 13 36.5 17 4.5 0 1.3 10.9 369.71
