climatbambey 2010 1 2 2 15.8 38.1 18 4.3 0 1.1 17.8 390.1
climatbambey 2010 1 3 3 15.5 37.1 15.2 4 0 1.2 16.1 390.1
climatbambey 2010 1 4 4 22.8 36 18.9 4.9 0 1.4 13.5 390.1
climatbambey 2010 1 5 5 16.8 35.8 19.8 4.6 0 1.3 14.5 390.1
climatbambey 2010 1 6 6 17 36 19.5 4.5 0 1.3 17.3 390.1
climatbambey 2010 1 7 7 16.7 35 16.7 4 0 1.5 20 390.1
climatbambey 2010 1 8 8 16.5 32.7 18.3 3.8 0 1.4 20.9 390.1
climatbambey 2010 1 9 9 16.3 33 16.8 3.8 0 1.3 18.8 390.1
climatbambey 2010 1 10 10 18.5 34 19.3 4.6 0 1.4 14.2 390.1
climatbambey 2010 1 11 11 20 33.8 18.5 4.7 0 1.4 11.5 390.1
climatbambey 2010 1 12 12 18.9 34.8 19.2 5.1 0 1.6 11.3 390.1
climatbambey 2010 1 13 13 18 35.5 20 4.8 0 1.6 19 390.1
climatbambey 2010 1 14 14 17 36.5 20.6 5.2 0 1.5 12.6 390.1
climatbambey 2010 1 15 15 15.3 37.5 20.7 5 0 1.5 16.9 390.1
climatbambey 2010 1 16 16 15.3 38.4 21.1 5.1 0 1.3 15 390.1
climatbambey 2010 1 17 17 13.7 38.8 20.3 5.6 0 1.7 13.1 390.1
climatbambey 2010 1 18 18 19 36.2 19.6 5 0 1.5 15.1 390.1
climatbambey 2010 1 19 19 16 36 17.5 4.3 0 1.1 11.1 390.1
climatbambey 2010 1 20 20 17 36.5 18.4 4.5 0 1.1 12.6 390.1
climatbambey 2010 1 21 21 16.8 36 19.4 4.6 0 1.2 14.3 390.1
climatbambey 2010 1 22 22 17.6 37.4 16.8 4.3 0 1.1 16.2 390.1
climatbambey 2010 1 23 23 15.7 37.5 20.8 5.4 0 1.5 11.3 390.1
climatbambey 2010 1 24 24 18 35.7 17.2 4.9 0 1.4 9 390.1
climatbambey 2010 1 25 25 17.5 34.6 20.7 4.8 0 1.3 13.8 390.1
climatbambey 2010 1 26 26 14 33.7 20.6 4.5 0 1.3 14.6 390.1
climatbambey 2010 1 27 27 14 31.6 20.1 3.8 0 0.9 15.3 390.1
climatbambey 2010 1 28 28 11.5 34.3 20.5 4.2 0 1.1 16.2 390.1
climatbambey 2010 1 29 29 17.5 34.3 20.2 4.3 0 1.2 20.4 390.1
climatbambey 2010 1 30 30 19.8 37 20.3 5 0 1.3 15.7 390.1
climatbambey 2010 1 31 31 21.6 37.5 20.2 5.2 0 1.4 17.8 390.1
climatbambey 2010 2 1 32 19.4 36.3 17.9 4.2 0 1 18.7 390.1
climatbambey 2010 2 2 33 21 36.4 14 4.4 0 1.5 18.3 390.1
climatbambey 2010 2 3 34 19.5 37.2 19.6 5.5 0 1.9 17.7 390.1
climatbambey 2010 2 4 35 17.5 38.6 21 6.2 0 1.8 9.9 390.1
climatbambey 2010 2 5 36 21.2 41.7 21.1 6.1 0 1.6 17.5 390.1
climatbambey 2010 2 6 37 22.4 41.2 21.3 6.9 0 2.2 18.1 390.1
climatbambey 2010 2 7 38 23 37.5 20.2 6.3 0 1.9 11 390.1
climatbambey 2010 2 8 39 20.8 37.2 21.2 5.8 0 1.6 11.8 390.1
climatbambey 2010 2 9 40 18.2 37.5 20.8 5 0 1.2 16.9 390.1
climatbambey 2010 2 10 41 17.5 37.6 21.9 5.2 0 1.2 15.5 390.1
climatbambey 2010 2 11 42 16.6 37 21.7 5.3 0 1.6 19 390.1
climatbambey 2010 2 12 43 15.4 34.3 22.1 5 0 1.9 19.5 390.1
climatbambey 2010 2 13 44 16.8 32.6 20.7 4.5 0 1.7 20.4 390.1
climatbambey 2010 2 14 45 15.8 32.4 21.5 4.6 0 1.7 18.9 390.1
climatbambey 2010 2 15 46 15.8 31 22.8 4.6 0 1.8 18.8 390.1
climatbambey 2010 2 16 47 18.4 32.5 22.5 4.9 0 2.2 22 390.1
climatbambey 2010 2 17 48 16.9 34.5 22.7 5 0 1.7 21.6 390.1
climatbambey 2010 2 18 49 16 33.4 22.5 5.1 0 2.4 20.7 390.1
climatbambey 2010 2 19 50 16.5 33.2 23.1 5.2 0 2 18.8 390.1
climatbambey 2010 2 20 51 18 36.2 23.1 6 0 2.2 18.3 390.1
climatbambey 2010 2 21 52 19.2 37.5 22.6 6.2 0 2.2 19.3 390.1
climatbambey 2010 2 22 53 19 40.1 22.2 6.8 0 2.2 17.2 390.1
climatbambey 2010 2 23 54 20.5 42.1 21.6 6.5 0 1.7 16.7 390.1
climatbambey 2010 2 24 55 21.8 41.9 21.5 6.7 0 1.7 13.4 390.1
climatbambey 2010 2 25 56 21 42.4 21.8 6.2 0 1.4 14.7 390.1
climatbambey 2010 2 26 57 18.5 42.1 19.7 5.1 0 1 18.8 390.1
climatbambey 2010 2 27 58 18.2 41 22.2 6.8 0 2.1 17.4 390.1
climatbambey 2010 2 28 59 21 40.2 22.3 7.1 0 2.6 20.2 390.1
climatbambey 2010 3 1 60 20 40.6 23.1 7 0 3 25 390.1
climatbambey 2010 3 2 61 19 34.1 23.3 5.6 0 2.4 21.9 390.1
climatbambey 2010 3 3 62 18.5 37 23.4 6.3 0 2.4 20.1 390.1
climatbambey 2010 3 4 63 20 38.9 22.5 6.8 0 2.5 19.3 390.1
climatbambey 2010 3 5 64 21.1 39.1 22.3 7 0 3 22.6 390.1
climatbambey 2010 3 6 65 19.6 38.1 21.4 6.9 0 3 19.5 390.1
climatbambey 2010 3 7 66 19.1 40 23.2 7.1 0 2.6 19.8 390.1
climatbambey 2010 3 8 67 19 40.6 23.7 6.7 0 2 19.7 390.1
climatbambey 2010 3 9 68 20.8 40.7 23.7 6.6 0 1.6 15.1 390.1
climatbambey 2010 3 10 69 19.4 40.2 24.4 6.8 0 1.9 17.8 390.1
climatbambey 2010 3 11 70 19.5 40.4 24.6 6.2 0 1.4 20.5 390.1
climatbambey 2010 3 12 71 19.5 40.6 24.8 6.9 0 1.7 14.7 390.1
climatbambey 2010 3 13 72 23 41 24.9 7.7 0 2.2 15.9 390.1
climatbambey 2010 3 14 73 21.9 39.5 25 7.1 0 2 18.1 390.1
climatbambey 2010 3 15 74 17 39.5 24.8 6.4 0 1.7 18.6 390.1
climatbambey 2010 3 16 75 18.4 40.5 24.5 6.4 0 1.7 22.2 390.1
climatbambey 2010 3 17 76 20.3 40.6 22.2 6.8 0 1.9 16.1 390.1
climatbambey 2010 3 18 77 23.8 37.6 23.5 7.1 0 2 12.8 390.1
climatbambey 2010 3 19 78 22.5 37.5 16.5 5.5 0 1.5 12.3 390.1
climatbambey 2010 3 20 79 20.4 41.1 21.3 6 0 1.4 17.5 390.1
climatbambey 2010 3 21 80 21.5 40.5 20.2 6.4 0 1.8 18 390.1
climatbambey 2010 3 22 81 23 39.1 20.2 5.4 0 1.3 24.3 390.1
climatbambey 2010 3 23 82 20 41.1 20.3 6.1 0 2.1 24.5 390.1
climatbambey 2010 3 24 83 21.1 38.1 20.3 6.3 0 2.9 24 390.1
climatbambey 2010 3 25 84 20.1 38.1 20.4 6.2 0 2.4 21.1 390.1
climatbambey 2010 3 26 85 20 42.1 12.9 4.7 0 1.5 23.2 390.1
climatbambey 2010 3 27 86 21.9 43.1 21.5 6.6 0 1.8 23.2 390.1
climatbambey 2010 3 28 87 24 44 20.1 7.6 0 2.1 14.9 390.1
climatbambey 2010 3 29 88 23.1 44.1 23.3 7.5 0 1.8 15.1 390.1
climatbambey 2010 3 30 89 22.4 44.1 21.6 6.4 0 1.4 21.9 390.1
climatbambey 2010 3 31 90 19.6 42.1 20 5.7 0 1.4 23.6 390.1
climatbambey 2010 4 1 91 19.5 42.2 17.1 5.4 0 1.5 22.7 390.1
climatbambey 2010 4 2 92 20.1 42.6 14.7 5.4 0 2 24.7 390.1
climatbambey 2010 4 3 93 21.5 42.1 12 6.4 0 2.9 21.9 390.1
climatbambey 2010 4 4 94 21.1 37.5 22.4 6.6 0 3 23.8 390.1
climatbambey 2010 4 5 95 19.8 34.2 22.8 5.7 0 2.1 21 390.1
climatbambey 2010 4 6 96 18.5 35.7 24.4 6 0 2.2 21.9 390.1
climatbambey 2010 4 7 97 19 38.8 23.7 6.4 0 2.3 23.9 390.1
climatbambey 2010 4 8 98 20.2 39.5 24.7 6.9 0 2.6 24.4 390.1
climatbambey 2010 4 9 99 21.5 39.2 24.7 6.7 0 2.3 25.8 390.1
climatbambey 2010 4 10 100 21 33 24.2 5.7 0 2.8 24.6 390.1
climatbambey 2010 4 11 101 19.5 33 24.6 5.3 0 1.7 23.4 390.1
climatbambey 2010 4 12 102 18.5 33 24 5.3 0 2.3 23.7 390.1
climatbambey 2010 4 13 103 19 36.4 24.9 6.3 0 2.5 22.5 390.1
climatbambey 2010 4 14 104 20.5 34.2 24.8 6 0 2.5 22.9 390.1
climatbambey 2010 4 15 105 21 35.5 25.3 6.7 0 2.7 21.5 390.1
climatbambey 2010 4 16 106 21 37.5 25 7.2 0 2.6 20.1 390.1
climatbambey 2010 4 17 107 21.5 38.5 25.4 7.2 0 2.7 23.1 390.1
climatbambey 2010 4 18 108 21.2 40.5 24.4 7.5 0 2.6 22.3 390.1
climatbambey 2010 4 19 109 22.6 36.1 16.8 5.7 0 2.3 20.4 390.1
climatbambey 2010 4 20 110 22 41.1 21 6.5 0 1.8 20.6 390.1
climatbambey 2010 4 21 111 22.5 41.6 12.4 6.3 0 2.7 21.5 390.1
climatbambey 2010 4 22 112 25 41.4 13.4 6.2 0 2.4 22.1 390.1
climatbambey 2010 4 23 113 23 41.1 22.4 7.8 0 2.7 19.8 390.1
climatbambey 2010 4 24 114 21.6 38.2 21.4 6.8 0 2.7 21.5 390.1
climatbambey 2010 4 25 115 21 39.1 23.7 6.8 0 2.2 21.7 390.1
climatbambey 2010 4 26 116 22 39.6 22 6 0 1.8 25.8 390.1
climatbambey 2010 4 27 117 21.5 37.6 23.2 6 0 2.1 26.7 390.1
climatbambey 2010 4 28 118 21 37.4 19.2 5.1 0 1.7 26.3 390.1
climatbambey 2010 4 29 119 21 37.1 22.5 5.8 0 1.9 25.1 390.1
climatbambey 2010 4 30 120 21.8 34.6 18.8 5 0 2.2 25.6 390.1
climatbambey 2010 5 1 121 20.9 34.1 21.3 5.3 0 2.2 24.6 390.1
climatbambey 2010 5 2 122 20.5 35.1 25.3 6.1 0 2.4 24.5 390.1
climatbambey 2010 5 3 123 20.9 36.5 24.8 6.1 0 2 24.6 390.1
climatbambey 2010 5 4 124 21.5 37.5 25 6.6 0 2.4 24.3 390.1
climatbambey 2010 5 5 125 21 36.2 25.2 6.4 0 2.8 25.2 390.1
climatbambey 2010 5 6 126 20.9 36 24.5 6.3 0 2.4 23.5 390.1
climatbambey 2010 5 7 127 20 33.4 25.1 5.5 0 1.8 24.5 390.1
climatbambey 2010 5 8 128 19.2 33.5 24.6 5.2 0 1.7 25.2 390.1
climatbambey 2010 5 9 129 20.5 36.6 24.2 6.2 0 2.7 25.8 390.1
climatbambey 2010 5 10 130 22 34 15.9 4.2 0 1.9 26.5 390.1
climatbambey 2010 5 11 131 21.5 39 24.7 6.7 0 2.7 27.8 390.1
climatbambey 2010 5 12 132 22.2 37 19.6 6.1 0 2.8 24.5 390.1
climatbambey 2010 5 13 133 22.4 36.2 22.7 6.8 0 3 21.8 390.1
climatbambey 2010 5 14 134 21.8 41 16.3 5.6 0 2 24.8 390.1
climatbambey 2010 5 15 135 21.6 39 19.6 5.7 0 1.6 21.6 390.1
climatbambey 2010 5 16 136 23.5 33 12.3 4.3 0 2.4 24 390.1
climatbambey 2010 5 17 137 21.5 42 12.3 5.2 0 2 23.4 390.1
climatbambey 2010 5 18 138 25.1 43.4 12.3 5.8 0 2 22.4 390.1
climatbambey 2010 5 19 139 24 43.6 14.5 5.9 0 1.9 22.9 390.1
climatbambey 2010 5 20 140 23.1 43.1 20.5 6.2 0 1.5 25 390.1
climatbambey 2010 5 21 141 21 42.1 21.9 6.4 0 1.9 26.2 390.1
climatbambey 2010 5 22 142 20 40.2 21.8 5.7 0 1.5 25.6 390.1
climatbambey 2010 5 23 143 21 40.6 23.5 6.1 0 1.5 27.1 390.1
climatbambey 2010 5 24 144 22.1 37.1 13.6 4.1 0 1.6 27.2 390.1
climatbambey 2010 5 25 145 23 37.1 17.8 5.2 0 2.3 28.3 390.1
climatbambey 2010 5 26 146 22.6 38.1 19 5.5 0 2.2 27.1 390.1
climatbambey 2010 5 27 147 26 44.1 12.3 6.7 0 2.6 23.1 390.1
climatbambey 2010 5 28 148 25.5 41.4 12.3 4.5 0 1.2 21.7 390.1
climatbambey 2010 5 29 149 23.6 39.6 12.3 4.3 0 1.5 25.8 390.1
climatbambey 2010 5 30 150 22 39.1 21 5.6 0 1.6 26.9 390.1
climatbambey 2010 5 31 151 23.4 36 21.4 5.6 0 1.9 25.9 390.1
climatbambey 2010 6 1 152 21.5 36.2 22.1 5.5 0 1.6 24.6 390.1
climatbambey 2010 6 2 153 22 36.5 22.5 5.6 0 1.7 25.2 390.1
climatbambey 2010 6 3 154 21.8 35.6 22.9 5.7 0 2 25.4 390.1
climatbambey 2010 6 4 155 21.5 37.4 22.2 6 0 2.2 25.3 390.1
climatbambey 2010 6 5 156 21 38 24.6 6.4 0 2 24.3 390.1
climatbambey 2010 6 6 157 21.5 39.5 22.9 6.1 0 1.9 27.3 390.1
climatbambey 2010 6 7 158 24.5 35.8 16 4.8 0 2.3 28.2 390.1
climatbambey 2010 6 8 159 24.4 37.5 17.2 5 0 2.4 31.8 390.1
climatbambey 2010 6 9 160 24.9 36.4 23.4 5.8 0 2.1 30.8 390.1
climatbambey 2010 6 10 161 23.2 36.2 21.7 5.5 0 2.1 28.6 390.1
climatbambey 2010 6 11 162 23 36.6 24.7 5.7 0 1.3 27.7 390.1
climatbambey 2010 6 12 163 24 37 26 6.8 0 3 29 390.1
climatbambey 2010 6 13 164 25.5 37 21.5 5.8 0 2 28.7 390.1
climatbambey 2010 6 14 165 25.5 35.6 12.4 4.4 0 2.4 28.2 390.1
climatbambey 2010 6 15 166 22 36.9 22.1 6 0 2.4 26.1 390.1
climatbambey 2010 6 16 167 22.6 35.6 22.6 5.8 0 2.3 26.6 390.1
climatbambey 2010 6 17 168 21.1 36.5 23.5 5.9 0 2.3 26.5 390.1
climatbambey 2010 6 18 169 23.1 37.1 16.3 4.8 0 2.3 29 390.1
climatbambey 2010 6 19 170 24 42 14.4 5.7 0 2.8 30.9 390.1
climatbambey 2010 6 20 171 25.1 36.6 21.5 6.3 0 3 28.5 390.1
climatbambey 2010 6 21 172 27 36.2 13.8 4.2 0 2 32.5 390.1
climatbambey 2010 6 22 173 23.1 38.9 17.8 5.3 0 1.9 27.9 390.1
climatbambey 2010 6 23 174 23.4 39.5 19.8 5.8 0 2.3 29.7 390.1
climatbambey 2010 6 24 175 26 36.9 16.9 4.9 0 2 30.4 390.1
climatbambey 2010 6 25 176 22.1 34.6 17.9 4.6 4 1.9 27.4 390.1
climatbambey 2010 6 26 177 24.4 36.1 19.8 5.6 0 2.2 26.7 390.1
climatbambey 2010 6 27 178 24.5 41.1 16.8 5.1 0 1.5 29.6 390.1
climatbambey 2010 6 28 179 25.8 36.5 18.4 5.6 0 2.7 29.5 390.1
climatbambey 2010 6 29 180 25.8 39.4 22.1 5.9 43 1.8 33.7 390.1
climatbambey 2010 6 30 181 25.4 35.2 22.3 5.5 0 2.1 31.1 390.1
climatbambey 2010 7 1 182 25.4 36.5 18.8 5 0 1.9 32 390.1
climatbambey 2010 7 2 183 25.7 34.6 21 5.2 0 2.3 31.9 390.1
climatbambey 2010 7 3 184 26.5 34.5 12.5 3.7 0 1.8 32.1 390.1
climatbambey 2010 7 4 185 25.6 34.5 17.7 4.7 0 1.9 30.2 390.1
climatbambey 2010 7 5 186 24.5 36.6 23.9 5.8 0 1.8 31.3 390.1
climatbambey 2010 7 6 187 25.7 36.5 21.3 5.7 0 2.2 30 390.1
climatbambey 2010 7 7 188 26.5 33.5 12.2 4.3 0 2.2 26.7 390.1
climatbambey 2010 7 8 189 26 35.8 24.9 6.2 48 2.6 32.4 390.1
climatbambey 2010 7 9 190 22.5 32.4 12.2 3.2 0 1.6 28.5 390.1
climatbambey 2010 7 10 191 25 33 24.5 5.4 0 1.7 30.6 390.1
climatbambey 2010 7 11 192 24.4 34 17.5 4.1 1.5 1 30.6 390.1
climatbambey 2010 7 12 193 24.5 33.6 25.7 5.6 0 2.4 32.3 390.1
climatbambey 2010 7 13 194 24 33.6 14.6 3.6 0 1.2 30.9 390.1
climatbambey 2010 7 14 195 24.5 33.5 26.6 5.7 0 1.4 30.8 390.1
climatbambey 2010 7 15 196 25.4 34 23.6 5.4 0 2.1 32.7 390.1
climatbambey 2010 7 16 197 23.7 33.2 21.1 5 0 2.5 29.7 390.1
climatbambey 2010 7 17 198 24.5 33.8 20.1 4.9 0 1.9 29.5 390.1
climatbambey 2010 7 18 199 26 32.6 16.8 4.2 0 1.7 30 390.1
climatbambey 2010 7 19 200 23 37.4 24.2 5.8 0 1.6 30.5 390.1
climatbambey 2010 7 20 201 21.4 28.2 12.6 2.6 36.1 1.5 29.1 390.1
climatbambey 2010 7 21 202 24 30.6 13 3.2 0 1.5 29 390.1
climatbambey 2010 7 22 203 24 33.1 24.7 5.4 0 1.9 29.7 390.1
climatbambey 2010 7 23 204 24.1 32.1 24.5 5.2 0 2 30.4 390.1
climatbambey 2010 7 24 205 24 32.4 21.6 4.7 0 1.3 29.4 390.1
climatbambey 2010 7 25 206 23.9 32.5 20.3 4.5 0 1.7 31 390.1
climatbambey 2010 7 26 207 24.5 35.1 23.2 5.3 0 2 32.7 390.1
climatbambey 2010 7 27 208 25.4 34.1 19.6 4.6 0 1.3 30.9 390.1
climatbambey 2010 7 28 209 25 36.1 23.1 5.4 0 1.2 30.9 390.1
climatbambey 2010 7 29 210 24.1 33.1 14.8 3.6 0 1.6 31.3 390.1
climatbambey 2010 7 30 211 25.5 34.1 17.9 4.2 0 1.6 33.8 390.1
climatbambey 2010 7 31 212 25 34.1 20.4 4.8 5.4 2.3 33.1 390.1
climatbambey 2010 8 1 213 22.5 34.5 22.1 4.8 0 1.3 31.3 390.1
climatbambey 2010 8 2 214 25.5 36 20.7 4.8 6.6 1 34.3 390.1
climatbambey 2010 8 3 215 25 33.5 15.6 3.6 1.6 1 34.5 390.1
climatbambey 2010 8 4 216 24 33.1 14.3 3.3 0 1.4 33.2 390.1
climatbambey 2010 8 5 217 26.1 35.1 20.2 5 0 2.3 34.5 390.1
climatbambey 2010 8 6 218 25.5 34.1 19.5 4.6 0 1.7 32.5 390.1
climatbambey 2010 8 7 219 24.1 34.1 22.6 5.2 0 1.9 31 390.1
climatbambey 2010 8 8 220 23.5 35.1 21.3 4.9 0 1.3 29.7 390.1
climatbambey 2010 8 9 221 24 34.4 22.6 5.2 0 1.5 30 390.1
climatbambey 2010 8 10 222 25.5 33.5 15.4 3.7 1 1 31.1 390.1
climatbambey 2010 8 11 223 24.8 35.5 24.5 5.6 0 1.6 32.3 390.1
climatbambey 2010 8 12 224 24.7 35.6 20.1 4.8 0 1.4 31.7 390.1
climatbambey 2010 8 13 225 24.4 34.5 20.6 4.8 15.1 1.6 31.7 390.1
climatbambey 2010 8 14 226 25.4 33.6 21.1 4.8 0 1.6 32.2 390.1
climatbambey 2010 8 15 227 25.5 32.9 20.7 4.6 4 1 31.6 390.1
climatbambey 2010 8 16 228 24.6 32 14.8 3.3 6.3 0.8 32.3 390.1
climatbambey 2010 8 17 229 24.5 33.5 25.7 5.4 0 1.2 33 390.1
climatbambey 2010 8 18 230 22.8 28.5 12.8 2.7 7.9 1 29.3 390.1
climatbambey 2010 8 19 231 23.5 33 24.6 5.2 0 1 29.9 390.1
climatbambey 2010 8 20 232 24.5 34 24.3 5.4 0 1.6 31.5 390.1
climatbambey 2010 8 21 233 24.5 34.8 24.3 5.5 26.8 1.9 32.4 390.1
climatbambey 2010 8 22 234 22.6 33.5 18.6 4.1 0 1.4 31.3 390.1
climatbambey 2010 8 23 235 25.5 34 21.9 4.8 0 1.2 34.7 390.1
climatbambey 2010 8 24 236 25.4 33.5 24.9 5.4 3.5 1.8 33.3 390.1
climatbambey 2010 8 25 237 22.5 30.2 13 2.9 0.2 1.3 30 390.1
climatbambey 2010 8 26 238 25.4 33 17.9 4 0 1.6 34.2 390.1
climatbambey 2010 8 27 239 24 33.5 22.5 4.8 0 1.4 33.4 390.1
climatbambey 2010 8 28 240 25.6 34.4 21.7 4.9 0 1.7 34.4 390.1
climatbambey 2010 8 29 241 26 35 21.9 5 0 1.8 36.2 390.1
climatbambey 2010 8 30 242 24.8 35.5 23.7 5.3 0 1.5 34 390.1
climatbambey 2010 8 31 243 24.7 35.2 20.4 4.8 38 1.6 32.8 390.1
climatbambey 2010 9 1 244 24.2 33.5 21.1 4.6 0 1.2 32.6 390.1
climatbambey 2010 9 2 245 25.2 35.2 19.6 4.5 6.6 1.3 35.2 390.1
climatbambey 2010 9 3 246 25 31.5 16.6 3.7 2.5 2.8 33.4 390.1
climatbambey 2010 9 4 247 24.7 29.5 11.9 2.5 25.7 1.8 33.5 390.1
climatbambey 2010 9 5 248 25.2 34 22.3 4.8 67 1.7 36.1 390.1
climatbambey 2010 9 6 249 23.6 30.5 13.4 2.9 9.5 1.2 32.5 390.1
climatbambey 2010 9 7 250 24 29.8 12 2.7 33 1.1 31.2 390.1
climatbambey 2010 9 8 251 24.5 28.5 11.9 2.5 24 1.2 32.4 390.1
climatbambey 2010 9 9 252 24 32 23.6 4.9 0 1.2 31.9 390.1
climatbambey 2010 9 10 253 25.2 33.5 24.1 5.1 0 2.5 34.9 390.1
climatbambey 2010 9 11 254 22.6 27.4 11.8 2.4 33.2 1.3 29.4 390.1
climatbambey 2010 9 12 255 24 32 23.7 5 1.2 1.9 30.2 390.1
climatbambey 2010 9 13 256 24.5 32.1 14.4 3.3 11.4 1.4 33.1 390.1
climatbambey 2010 9 14 257 23.1 32.1 16.3 3.5 0 1.2 31.6 390.1
climatbambey 2010 9 15 258 25.4 35.5 22.6 5.1 0 1.1 34.8 390.1
climatbambey 2010 9 16 259 24.6 33.1 16.4 3.7 0 0.9 32.8 390.1
climatbambey 2010 9 17 260 25 34.1 19.1 4.3 46 1.1 33.5 390.1
climatbambey 2010 9 18 261 22.5 33.6 22.9 4.8 19 1.2 31.5 390.1
climatbambey 2010 9 19 262 22.1 31.1 12.1 2.7 0 0.7 29.1 390.1
climatbambey 2010 9 20 263 24.4 28.6 11.6 2.7 1.7 1.1 28.2 390.1
climatbambey 2010 9 21 264 23.6 31.6 17.6 3.7 0 1.5 32.1 390.1
climatbambey 2010 9 22 265 22.2 33.6 23.2 4.8 0 1.3 31 390.1
climatbambey 2010 9 23 266 22.6 34.1 20.7 4.5 0.5 1.1 30.7 390.1
climatbambey 2010 9 24 267 22.6 33.1 16.5 3.7 0 1.1 28.8 390.1
climatbambey 2010 9 25 268 23 35.1 22.8 4.9 0 0.9 31.7 390.1
climatbambey 2010 9 26 269 23 34.3 17.1 4 7.8 1.2 30 390.1
climatbambey 2010 9 27 270 23 35.1 20.6 4.5 0 0.9 32.7 390.1
climatbambey 2010 9 28 271 24.5 36.1 18 4.3 3.5 1.2 33.7 390.1
climatbambey 2010 9 29 272 21.6 34.1 18.9 4 0 1.1 31.1 390.1
climatbambey 2010 9 30 273 24.5 36.1 18.9 4.5 0 1.2 32.4 390.1
climatbambey 2010 10 1 274 22.4 33.6 14.6 3.3 0 0.8 30.6 390.1
climatbambey 2010 10 2 275 23 33.6 18.1 4 0 1.2 31.3 390.1
climatbambey 2010 10 3 276 23 35.5 19.5 4.3 0 1.1 32.3 390.1
climatbambey 2010 10 4 277 24 38.6 20.8 4.9 0 1 35 390.1
climatbambey 2010 10 5 278 26 37.1 18.5 4.5 0 1.2 36.4 390.1
climatbambey 2010 10 6 279 25 37.1 19.9 4.6 0 0.8 33.1 390.1
climatbambey 2010 10 7 280 24 34.9 19.6 4.4 0 1 31.7 390.1
climatbambey 2010 10 8 281 23 34.4 21.2 4.6 0 1.2 30.9 390.1
climatbambey 2010 10 9 282 21.4 34.1 21.4 4.6 0 1.8 29.2 390.1
climatbambey 2010 10 10 283 24.2 36 19.9 4.5 0 1 32.2 390.1
climatbambey 2010 10 11 284 25.2 36.5 21.5 4.9 31 1 34.7 390.1
climatbambey 2010 10 12 285 23.5 31.5 11.2 2.5 0 0.7 33 390.1
climatbambey 2010 10 13 286 24 33.8 21.8 4.6 0 0.9 33.3 390.1
climatbambey 2010 10 14 287 24.5 35.5 19.7 4.3 18 0.8 34.8 390.1
climatbambey 2010 10 15 288 25 33.5 15.5 3.5 0 1.1 33.3 390.1
climatbambey 2010 10 16 289 24.5 30.5 13.7 2.8 0 0.9 34.5 390.1
climatbambey 2010 10 17 290 24.5 33.4 18.7 4 13.4 1.2 35.1 390.1
climatbambey 2010 10 18 291 23.4 33 18.1 3.8 0 0.9 32.9 390.1
climatbambey 2010 10 19 292 24 34.2 21 4.6 0 1.6 32.8 390.1
climatbambey 2010 10 20 293 24 35.5 20.8 4.6 0 1.1 33.7 390.1
climatbambey 2010 10 21 294 22.6 30 10.5 2.3 0.5 0.8 30.8 390.1
climatbambey 2010 10 22 295 23.7 34.6 21.6 4.5 0 0.8 32.7 390.1
climatbambey 2010 10 23 296 25.5 37.5 21.3 4.9 0 1.2 35.8 390.1
climatbambey 2010 10 24 297 23 38.2 19.9 4.7 0 1.3 31.8 390.1
climatbambey 2010 10 25 298 21 36.4 20.8 4.5 0 1 28.3 390.1
climatbambey 2010 10 26 299 20.5 35.1 20.5 4.3 0 1 27.3 390.1
climatbambey 2010 10 27 300 19 37.1 20.4 4.5 0 1 25 390.1
climatbambey 2010 10 28 301 21 38.1 19.3 4.6 0 1.2 28.7 390.1
climatbambey 2010 10 29 302 24 33.2 14.6 3.4 0 1.1 30.5 390.1
climatbambey 2010 10 30 303 25 37.1 15.8 4.2 0 1.3 29.3 390.1
climatbambey 2010 10 31 304 18 37.8 17.6 4.6 0 1.5 21.4 390.1
climatbambey 2010 11 1 305 20 37.4 18.7 4.7 0 1.3 22 390.1
climatbambey 2010 11 2 306 18.7 37.5 18.4 4.3 0 1.1 23.6 390.1
climatbambey 2010 11 3 307 17 38.1 17.7 4.7 0 1.8 23.2 390.1
climatbambey 2010 11 4 308 21 38.6 17.3 4 0 0.8 28.3 390.1
climatbambey 2010 11 5 309 21.5 37.1 14.8 3.8 0 1.1 25.5 390.1
climatbambey 2010 11 6 310 18.5 35.6 16.6 3.9 0 1 21.6 390.1
climatbambey 2010 11 7 311 18.5 36.4 18.5 4.4 0 1.1 18.8 390.1
climatbambey 2010 11 8 312 17.7 36.5 18.1 3.9 0 0.8 21.5 390.1
climatbambey 2010 11 9 313 18.2 35.4 18.2 3.8 0 0.8 22.9 390.1
climatbambey 2010 11 10 314 22 35 17.8 3.9 0 0.9 27.6 390.1
climatbambey 2010 11 11 315 22.5 36 17.6 4.1 0 1.1 26.2 390.1
climatbambey 2010 11 12 316 21 38.5 19.6 5.6 0 1.8 18.8 390.1
climatbambey 2010 11 13 317 23.5 37 18.8 5 0 1.5 20.9 390.1
climatbambey 2010 11 14 318 19.5 34.5 19.7 4.4 0 1.4 22.6 390.1
climatbambey 2010 11 15 319 19 34 19.6 4.2 0 1.5 25.3 390.1
climatbambey 2010 11 16 320 21 34.8 17.7 4 0 1.4 27.2 390.1
climatbambey 2010 11 17 321 21.5 38.2 18.1 4.4 0 1.2 27.8 390.1
climatbambey 2010 11 18 322 19.5 38.5 19.4 4.6 0 1.3 25.4 390.1
climatbambey 2010 11 19 323 18 38.2 19.6 4.7 0 1.3 20.9 390.1
climatbambey 2010 11 20 324 20.2 38 19 4.5 0 1.2 24.8 390.1
climatbambey 2010 11 21 325 17 37 16.1 3.8 0 1 20.5 390.1
climatbambey 2010 11 22 326 17.6 38.1 18.6 4.3 0 1.1 22.5 390.1
climatbambey 2010 11 23 327 18 38.1 18.4 4.4 0 1.2 22 390.1
climatbambey 2010 11 24 328 19.6 38.1 18.4 5.2 0 1.6 16.3 390.1
climatbambey 2010 11 25 329 16.6 39.1 18.2 5.1 0 1.5 15.7 390.1
climatbambey 2010 11 26 330 15 37.4 18.2 4.5 0 1.3 17.3 390.1
climatbambey 2010 11 27 331 18 37.1 17.6 4.1 0 1.2 22.6 390.1
climatbambey 2010 11 28 332 18 38.1 17.9 4.4 0 1.4 23.1 390.1
climatbambey 2010 11 29 333 18 38.1 17.5 3.9 0 0.9 25 390.1
climatbambey 2010 11 30 334 21.5 36.1 16.1 4.3 0 2 25.9 390.1
climatbambey 2010 12 1 335 21.2 37.9 17.6 4.8 0 2 25.8 390.1
climatbambey 2010 12 2 336 20 38.1 17.8 4.7 0 1.7 23.5 390.1
climatbambey 2010 12 3 337 20.4 39.1 18 4.6 0 1.4 24.9 390.1
climatbambey 2010 12 4 338 17.1 38.1 18 4.2 0 1.1 21.8 390.1
climatbambey 2010 12 5 339 18.5 38 18 4.2 0 1.2 24 390.1
climatbambey 2010 12 6 340 19.8 38.5 18.1 4.3 0 1.2 24.8 390.1
climatbambey 2010 12 7 341 21 37.5 18.4 4.6 0 1.7 25.8 390.1
climatbambey 2010 12 8 342 21 36.5 18.1 4.6 0 1.9 25.7 390.1
climatbambey 2010 12 9 343 21.2 33.5 10.9 3.2 0 1.6 24.4 390.1
climatbambey 2010 12 10 344 21.4 33.5 15.5 3.6 0 1.4 25.4 390.1
climatbambey 2010 12 11 345 22.7 33 12 3.3 0 1.6 26 390.1
climatbambey 2010 12 12 346 21.2 33.2 13.8 3.5 0 1.8 25.1 390.1
climatbambey 2010 12 13 347 18 36 17.4 4.1 0 1.3 20.1 390.1
climatbambey 2010 12 14 348 17.5 36.7 18 4 0 1 19.9 390.1
climatbambey 2010 12 15 349 16.4 36.2 16.4 3.7 0 1.1 21.2 390.1
climatbambey 2010 12 16 350 22.2 34.5 11.4 3.2 0 1.1 22.4 390.1
climatbambey 2010 12 17 351 19.6 34.5 16.8 3.9 0 1.5 23.6 390.1
climatbambey 2010 12 18 352 19.5 32.5 16.7 3.7 0 1.7 24.4 390.1
climatbambey 2010 12 19 353 19.3 35.5 18.4 4.2 0 1.4 23.7 390.1
climatbambey 2010 12 20 354 18.9 36.5 18.1 4.7 0 2 22.7 390.1
climatbambey 2010 12 21 355 19.5 36 16.7 4.3 0 2 24.8 390.1
climatbambey 2010 12 22 356 20.4 34.2 16.7 4.1 0 2.2 26.1 390.1
climatbambey 2010 12 23 357 18.5 35 16.7 3.9 0 1.6 24.1 390.1
climatbambey 2010 12 24 358 18 36.2 16.7 4.3 0 1.7 22.1 390.1
climatbambey 2010 12 25 359 18.2 36.6 16.7 4.2 0 1.6 22.6 390.1
climatbambey 2010 12 26 360 16.5 36.5 16.7 4 0 1.3 21.1 390.1
climatbambey 2010 12 27 361 17.3 37 16.8 4 0 1.1 20.5 390.1
climatbambey 2010 12 28 362 17.2 37.2 16.8 4 0 1.2 21.1 390.1
climatbambey 2010 12 29 363 16.9 36.4 16.8 4 0 1.2 19.6 390.1
climatbambey 2010 12 30 364 18 33.6 16.8 3.9 0 1.1 15.4 390.1
climatbambey 2010 12 31 365 18 33 16.8 4.3 0 1.3 9.9 390.1
