climatbambey 2002 1 2 2 18.5 34.6 11.7 3.5 0 1.7 21.9 373.45
climatbambey 2002 1 3 3 18.6 37.4 12.3 3.5 0 1.2 21.9 373.45
climatbambey 2002 1 4 4 16.1 37.1 13 4.2 0 1.6 16.7 373.45
climatbambey 2002 1 5 5 17.5 35.1 12.3 3.7 0 1.8 21.2 373.45
climatbambey 2002 1 6 6 16.5 30.6 12.6 3.1 0 1.6 19.9 373.45
climatbambey 2002 1 7 7 14 30.4 12.3 2.9 0 1.3 17.8 373.45
climatbambey 2002 1 8 8 13 31.2 10.9 2.6 0 1.1 18.1 373.45
climatbambey 2002 1 9 9 19.5 24.4 10.9 2.2 42.9 1.4 22.4 373.45
climatbambey 2002 1 10 10 16.6 18.8 10.9 1.7 22.2 2.5 18.8 373.45
climatbambey 2002 1 11 11 15.3 22.5 10.4 2.1 0.3 1.7 17.5 373.45
climatbambey 2002 1 12 12 14 29.5 13.3 3.1 0 1.8 17.8 373.45
climatbambey 2002 1 13 13 17.7 31 13.6 3.9 0 1.7 15.5 373.45
climatbambey 2002 1 14 14 17.4 32.8 14.4 4.3 0 1.6 12.4 373.45
climatbambey 2002 1 15 15 17 33.8 15 4.1 0 1.3 13 373.45
climatbambey 2002 1 16 16 18 34.4 15.6 4.3 0 1.5 15 373.45
climatbambey 2002 1 17 17 17.6 33.8 18.4 4.6 0 1.5 13.7 373.45
climatbambey 2002 1 18 18 18.5 33 12.3 4.1 0 1.6 13.9 373.45
climatbambey 2002 1 19 19 20.8 30.4 12.1 5.1 0 2.3 10.3 373.45
climatbambey 2002 1 20 20 20.2 32.9 18.2 5.6 0 2 8.2 373.45
climatbambey 2002 1 21 21 22.2 29 12.7 5.3 0 2.2 6.9 373.45
climatbambey 2002 1 22 22 21.4 28.4 10 3.8 0 1.3 7.6 373.45
climatbambey 2002 1 23 23 17.1 34.7 21.4 5.4 0 1.6 9.5 373.45
climatbambey 2002 1 24 24 20.2 36.3 20.5 5.1 0 1.3 10.2 373.45
climatbambey 2002 1 25 25 19.2 36.5 21.4 5.8 0 1.7 9.9 373.45
climatbambey 2002 1 26 26 20 36.3 21.9 5.7 0 1.6 9 373.45
climatbambey 2002 1 27 27 18 36.9 18.8 5.5 0 1.6 9.1 373.45
climatbambey 2002 1 28 28 18.5 37 21.3 5.1 0 1.2 10.2 373.45
climatbambey 2002 1 29 29 17.3 37.1 21.8 5.6 0 1.5 9.7 373.45
climatbambey 2002 1 30 30 16.9 36.1 21.4 5.7 0 1.6 7.3 373.45
climatbambey 2002 1 31 31 16.2 36.1 21.7 5.3 0 1.5 12.5 373.45
climatbambey 2002 2 1 32 16 37.6 20.6 5.3 0 1.4 12.9 373.45
climatbambey 2002 2 2 33 22 35.1 11.3 4.2 0 1.4 13.1 373.45
climatbambey 2002 2 3 34 20.4 30.1 18 4.7 0 1.5 10.3 373.45
climatbambey 2002 2 4 35 19.7 34.2 14.3 4.9 0 1.7 11 373.45
climatbambey 2002 2 5 36 20.6 35.1 14.7 5.7 0 2.1 10.9 373.45
climatbambey 2002 2 6 37 18 34.7 21.8 6.2 0 2 8.6 373.45
climatbambey 2002 2 7 38 17.5 34.7 22.6 5.4 0 1.6 13.7 373.45
climatbambey 2002 2 8 39 17.4 36.5 22.3 5.4 0 1.4 14 373.45
climatbambey 2002 2 9 40 17 36 20.7 6.1 0 2.1 12.3 373.45
climatbambey 2002 2 10 41 20.6 31.1 13.7 4.6 0 1.5 8.3 373.45
climatbambey 2002 2 11 42 18.3 35.7 17 4.7 0 1.3 11.6 373.45
climatbambey 2002 2 12 43 17.8 38.1 20.4 5.8 0 1.7 13.6 373.45
climatbambey 2002 2 13 44 18.5 38.5 22.9 6.9 0 2.1 11.3 373.45
climatbambey 2002 2 14 45 17.9 37.8 21.5 6.3 0 1.9 11.2 373.45
climatbambey 2002 2 15 46 15.4 37.3 23.8 6.4 0 2.2 14.8 373.45
climatbambey 2002 2 16 47 15.9 37 21.8 6.1 0 2.4 16.9 373.45
climatbambey 2002 2 17 48 17.3 33.6 23.5 6 0 2.5 16.4 373.45
climatbambey 2002 2 18 49 15.9 31.1 19.1 4.7 0 1.9 15.2 373.45
climatbambey 2002 2 19 50 15.5 35 20.4 5.2 0 1.8 16.2 373.45
climatbambey 2002 2 20 51 15.4 36.4 16.9 5.3 0 1.9 13.7 373.45
climatbambey 2002 2 21 52 15 33.5 22.8 5.7 0 2.7 16.8 373.45
climatbambey 2002 2 22 53 14.9 33.5 22.2 5.3 0 2.3 17.8 373.45
climatbambey 2002 2 23 54 15 35 22.2 5.2 0 1.9 18.7 373.45
climatbambey 2002 2 24 55 18.6 38 18.7 5.7 0 2 18.5 373.45
climatbambey 2002 2 25 56 21 39.8 22.2 7 0 2.2 15.4 373.45
climatbambey 2002 2 26 57 20.9 34.5 13.2 5.4 0 1.9 10.4 373.45
climatbambey 2002 2 27 58 18 35.8 19.3 5.6 0 1.6 10.1 373.45
climatbambey 2002 2 28 59 17.9 36 24.8 6.5 0 1.8 8.9 373.45
climatbambey 2002 3 1 60 13.7 35.8 23 6 0 1.9 12 373.45
climatbambey 2002 3 2 61 16.5 37.1 23.4 5.9 0 1.8 17.4 373.45
climatbambey 2002 3 3 62 15.5 35 22.6 5.7 0 2.3 17.5 373.45
climatbambey 2002 3 4 63 17.3 34.3 19.1 5.5 0 2.7 18.8 373.45
climatbambey 2002 3 5 64 18.4 35.6 24.8 7.2 0 2.7 13.9 373.45
climatbambey 2002 3 6 65 17.9 37 25 6.8 0 2.1 14.3 373.45
climatbambey 2002 3 7 66 17.5 37.7 24.1 6.5 0 1.8 12.4 373.45
climatbambey 2002 3 8 67 16.7 37.2 22.9 7.2 0 2.6 12.4 373.45
climatbambey 2002 3 9 68 17.5 35.5 24.6 6.3 0 2 14.7 373.45
climatbambey 2002 3 10 69 16.3 36 24.8 5.8 0 2 20 373.45
climatbambey 2002 3 11 70 16.1 35.1 24.7 6.2 0 2.7 19 373.45
climatbambey 2002 3 12 71 17 34.2 24.3 6.4 0 3.2 18.2 373.45
climatbambey 2002 3 13 72 16.6 33.2 23.5 6.1 0 3.2 17.8 373.45
climatbambey 2002 3 14 73 16.2 35.2 20.5 6.1 0 2.7 16.5 373.45
climatbambey 2002 3 15 74 16.4 37 23.3 7.3 0 3.1 15.6 373.45
climatbambey 2002 3 16 75 17.5 35.6 20.6 7.4 0 3.2 12.5 373.45
climatbambey 2002 3 17 76 19.1 36 23 7.2 0 2.6 12.7 373.45
climatbambey 2002 3 18 77 18.3 37.5 22.4 6.3 0 1.6 9.6 373.45
climatbambey 2002 3 19 78 18.4 40 22.8 6.9 0 1.9 12.8 373.45
climatbambey 2002 3 20 79 21.7 41.2 22.8 8 0 2.2 8.5 373.45
climatbambey 2002 3 21 80 22.7 42.4 23 9.3 0 2.8 8.6 373.45
climatbambey 2002 3 22 81 22 41.1 22.2 7.7 0 2.1 8.8 373.45
climatbambey 2002 3 23 82 21.2 39.3 14.2 6.1 0 1.8 8.8 373.45
climatbambey 2002 3 24 83 19.7 39.7 20.7 5.5 0 1.2 19 373.45
climatbambey 2002 3 25 84 17.1 39.7 21.6 6.6 0 2.7 21.3 373.45
climatbambey 2002 3 26 85 18.1 31.4 19.5 5.4 0 3.4 18.9 373.45
climatbambey 2002 3 27 86 17.5 33 22.6 6.7 0 3.4 15.3 373.45
climatbambey 2002 3 28 87 17.4 34.4 22.8 6.2 0 2.9 18.7 373.45
climatbambey 2002 3 29 88 18.4 35.9 23.2 6.6 0 3 19.2 373.45
climatbambey 2002 3 30 89 19.5 36.1 23 6.9 0 3.3 20 373.45
climatbambey 2002 3 31 90 19.1 31.1 20.5 6.1 0 4 18 373.45
climatbambey 2002 4 1 91 19.6 31 22 6.1 0 3.6 18.4 373.45
climatbambey 2002 4 2 92 17.6 34.8 23.3 7.1 0 3.3 15.6 373.45
climatbambey 2002 4 3 93 18 37.5 24.7 7.7 0 3.2 16.8 373.45
climatbambey 2002 4 4 94 17.7 37.5 24.3 7.3 0 2.8 16.8 373.45
climatbambey 2002 4 5 95 17.4 36.6 24.1 7.1 0 3 17.5 373.45
climatbambey 2002 4 6 96 16.4 32 24 5.4 0 2.8 20.4 373.45
climatbambey 2002 4 7 97 15.5 29.1 23.4 5 0 3 18.4 373.45
climatbambey 2002 4 8 98 15 31.6 20 4.9 0 3 19 373.45
climatbambey 2002 4 9 99 17.1 31.5 24.7 5.9 0 3.1 18.2 373.45
climatbambey 2002 4 10 100 17.5 32.6 23.7 6.2 0 3.8 19.2 373.45
climatbambey 2002 4 11 101 17 31.6 25.2 6.7 0 3.5 15.6 373.45
climatbambey 2002 4 12 102 16.5 33.4 24.5 6.6 0 3.1 16.3 373.45
climatbambey 2002 4 13 103 16.2 31.4 25 6.5 0 3.4 15.3 373.45
climatbambey 2002 4 14 104 16.5 35.1 22.9 6.1 0 2.5 18.3 373.45
climatbambey 2002 4 15 105 17.6 37.3 23.8 6.8 0 2.4 17 373.45
climatbambey 2002 4 16 106 18 38.7 24.3 7.3 0 2.9 19.9 373.45
climatbambey 2002 4 17 107 18.6 37.8 23.9 7 0 2.7 18.9 373.45
climatbambey 2002 4 18 108 17.9 39.7 25 8.1 0 3.1 17.6 373.45
climatbambey 2002 4 19 109 18.7 38.4 25.1 8.2 0 2.8 12.9 373.45
climatbambey 2002 4 20 110 17.7 38.7 24.2 7.4 0 2.4 15.3 373.45
climatbambey 2002 4 21 111 17.5 38 25.9 7.2 0 3 20.5 373.45
climatbambey 2002 4 22 112 16.1 37 24.1 6.3 0 2.5 20.1 373.45
climatbambey 2002 4 23 113 18.6 38.1 22.1 6.9 0 3.2 21 373.45
climatbambey 2002 4 24 114 22.1 42.6 20.4 8.3 0 2.9 17.2 373.45
climatbambey 2002 4 25 115 27.6 39.1 19.9 8.9 0 2.8 6.2 373.45
climatbambey 2002 4 26 116 25 40.4 19 7.5 0 2.1 9.4 373.45
climatbambey 2002 4 27 117 24.5 41.4 19 8.6 0 2.6 8.3 373.45
climatbambey 2002 4 28 118 24.6 40.6 21.4 9.3 0 3.4 13.5 373.45
climatbambey 2002 4 29 119 18.5 38.6 21.4 6.6 0 3.2 23.2 373.45
climatbambey 2002 4 30 120 18.6 35 22.5 5.9 0 3.2 23.1 373.45
climatbambey 2002 5 1 121 17.8 36 24.1 6.6 0 3 20.6 373.45
climatbambey 2002 5 2 122 16.5 37 24.6 6.2 0 2.5 22.1 373.45
climatbambey 2002 5 3 123 16.7 34.9 23.8 5.9 0 2.6 20.8 373.45
climatbambey 2002 5 4 124 18 32.9 23.8 5.8 0 2.8 20.5 373.45
climatbambey 2002 5 5 125 17.8 33.5 24.4 5.8 0 3 21.9 373.45
climatbambey 2002 5 6 126 17 33.2 25 5.9 0 2.9 20.2 373.45
climatbambey 2002 5 7 127 17 36.1 25.4 6.5 0 3 21.2 373.45
climatbambey 2002 5 8 128 18.5 32 23.7 5.9 0 3.2 19.9 373.45
climatbambey 2002 5 9 129 18 35.6 24.4 6.5 0 2.8 19.7 373.45
climatbambey 2002 5 10 130 19.6 39.4 24.5 8.2 0 3.3 18.3 373.45
climatbambey 2002 5 11 131 21.8 41.9 24.6 8.6 0 2.7 16 373.45
climatbambey 2002 5 12 132 21 41 24.5 7.7 0 2.6 20.9 373.45
climatbambey 2002 5 13 133 19.3 41.1 24.7 7.5 0 2.7 22.7 373.45
climatbambey 2002 5 14 134 19.4 42 23.9 7.8 0 2.8 21.9 373.45
climatbambey 2002 5 15 135 19.2 44.5 15.4 8 0 3 17.7 373.45
climatbambey 2002 5 16 136 19.5 38.7 13.4 5.7 0 2.1 15.9 373.45
climatbambey 2002 5 17 137 24.4 40.3 16 6.7 0 2.7 21.3 373.45
climatbambey 2002 5 18 138 23.6 40.1 12.3 5.8 0 2.5 22.4 373.45
climatbambey 2002 5 19 139 21.3 39 12.3 4.9 0 2.5 25.2 373.45
climatbambey 2002 5 20 140 19.6 38.6 21.4 5.9 0 2.4 25.8 373.45
climatbambey 2002 5 21 141 19 35.9 20.3 5.4 0 2.5 24.3 373.45
climatbambey 2002 5 22 142 20.4 38.4 19.8 6.1 0 2.7 24.2 373.45
climatbambey 2002 5 23 143 20.5 41.4 21.2 6.9 0 2.7 24.9 373.45
climatbambey 2002 5 24 144 20 41.4 21.3 6.4 0 1.9 22.3 373.45
climatbambey 2002 5 25 145 23 40 14.2 5.3 0 2.1 25 373.45
climatbambey 2002 5 26 146 23 42.1 18.1 6.5 0 2.7 27.7 373.45
climatbambey 2002 5 27 147 21.8 42.5 21.8 7.5 0 3 26.1 373.45
climatbambey 2002 5 28 148 21.7 42.4 20.9 7.3 0 2.2 18.8 373.45
climatbambey 2002 5 29 149 20 39 22.9 6.4 0 2.3 23.7 373.45
climatbambey 2002 5 30 150 19.5 37.5 22.5 6.4 0 3 23.7 373.45
climatbambey 2002 5 31 151 18.7 35.6 17.2 4.9 0 2.2 22.7 373.45
climatbambey 2002 6 1 152 18 36.8 21 5.8 0 2.6 23 373.45
climatbambey 2002 6 2 153 22.1 41 21.1 6.9 0 2.3 22.7 373.45
climatbambey 2002 6 3 154 23 40 22.6 6.5 0 2.6 29.6 373.45
climatbambey 2002 6 4 155 22.5 37 14.3 5.2 0 2.9 25.7 373.45
climatbambey 2002 6 5 156 26 34.6 16.5 4.8 0 2 27.4 373.45
climatbambey 2002 6 6 157 23.5 38.5 24 6.7 0 2.4 26.7 373.45
climatbambey 2002 6 7 158 20 39.4 15.4 5.4 0 2.2 22.9 373.45
climatbambey 2002 6 8 159 23 42.2 24 7.8 0 3 26.6 373.45
climatbambey 2002 6 9 160 20.6 37.6 23 6 0 2.2 25.8 373.45
climatbambey 2002 6 10 161 21 37.4 22.9 6.2 0 2.6 25.9 373.45
climatbambey 2002 6 11 162 22.6 36.1 23.5 6.1 0 2.4 26.4 373.45
climatbambey 2002 6 12 163 23.6 36.1 16.5 5.1 0 2.6 27.1 373.45
climatbambey 2002 6 13 164 23.5 38.2 23 6.6 0 2.7 27.4 373.45
climatbambey 2002 6 14 165 22 34.4 24.2 5.8 0 2.7 26.6 373.45
climatbambey 2002 6 15 166 22.5 35.6 23.9 6.1 0 2.6 26.7 373.45
climatbambey 2002 6 16 167 22 35.4 23.9 5.9 1.5 2.3 26.2 373.45
climatbambey 2002 6 17 168 21.6 35.6 20.3 4.9 7.4 1.8 28.8 373.45
climatbambey 2002 6 18 169 23 33.6 18.2 4.3 0 2 30 373.45
climatbambey 2002 6 19 170 23.6 32.4 22.3 5.4 0 2.6 26.5 373.45
climatbambey 2002 6 20 171 23.5 33.4 23.5 5.9 0 2.6 25 373.45
climatbambey 2002 6 21 172 23 35.6 24.6 6.1 17 2.6 27.9 373.45
climatbambey 2002 6 22 173 21.5 31 13.2 3 2.9 1.5 28.6 373.45
climatbambey 2002 6 23 174 24.2 34.1 19.1 4.7 0 1.9 30.1 373.45
climatbambey 2002 6 24 175 24.1 34.5 23.9 5.9 0 3.8 30.6 373.45
climatbambey 2002 6 25 176 26 32.1 17 4.7 0 2.7 28.5 373.45
climatbambey 2002 6 26 177 24.4 33.1 17.1 4.5 0 2 28 373.45
climatbambey 2002 6 27 178 23 35.6 22.6 5.4 0.7 1.8 28.3 373.45
climatbambey 2002 6 28 179 24.2 36.2 21.6 5.3 0 1.9 31.1 373.45
climatbambey 2002 6 29 180 25 37.4 24.6 6.7 0 2.8 29.1 373.45
climatbambey 2002 6 30 181 26.2 35.4 15.6 4.9 0 2.8 30.2 373.45
climatbambey 2002 7 1 182 25.2 36.2 23.9 6.3 0 2.8 29.8 373.45
climatbambey 2002 7 2 183 23.5 35.6 20.2 5.1 0 2 29.4 373.45
climatbambey 2002 7 3 184 24.4 36.6 23.7 6.2 0 2.5 29.3 373.45
climatbambey 2002 7 4 185 23.5 38.1 24.3 6.6 0 2.9 29.1 373.45
climatbambey 2002 7 5 186 23.6 36.6 24.6 6.2 23 2.4 28.6 373.45
climatbambey 2002 7 6 187 21.8 34.4 22 5 0 1.7 28.9 373.45
climatbambey 2002 7 7 188 21.6 35.2 15.7 4.1 0 1.7 28 373.45
climatbambey 2002 7 8 189 25.4 34.8 16.3 4.3 0 1.9 31.4 373.45
climatbambey 2002 7 9 190 24.3 36.4 24.8 6.3 0 2 26 373.45
climatbambey 2002 7 10 191 23.5 34 25.1 5.9 0 2.4 27.4 373.45
climatbambey 2002 7 11 192 22.8 36.5 23.8 5.8 0 2 28.9 373.45
climatbambey 2002 7 12 193 23.1 36.7 25.1 6.1 0 2.1 28.9 373.45
climatbambey 2002 7 13 194 24.5 37 21.4 5.6 0 1.8 28.3 373.45
climatbambey 2002 7 14 195 24 38.6 24.3 6.4 0 2.5 31.5 373.45
climatbambey 2002 7 15 196 25.2 36.1 22 5.8 0 2.4 30.4 373.45
climatbambey 2002 7 16 197 23 36 24.6 5.9 0 2.3 29.3 373.45
climatbambey 2002 7 17 198 24.5 34.4 21.5 5.4 0 2.2 28.2 373.45
climatbambey 2002 7 18 199 23 35.1 24 5.9 0 2.4 26.9 373.45
climatbambey 2002 7 19 200 23 36.6 24.5 6.4 0 2.6 27.3 373.45
climatbambey 2002 7 20 201 23.5 35.2 21.7 5.5 0 2.1 27 373.45
climatbambey 2002 7 21 202 23 37.6 19.2 5.1 0 1.5 27.4 373.45
climatbambey 2002 7 22 203 24.8 37.9 24.2 6.6 0 2.6 29.6 373.45
climatbambey 2002 7 23 204 25.3 35.3 16.2 5 0 2.5 27.8 373.45
climatbambey 2002 7 24 205 23.7 36.1 24.3 6 14 2.1 28.7 373.45
climatbambey 2002 7 25 206 21.8 34.5 22.6 5.2 0 2.2 29 373.45
climatbambey 2002 7 26 207 24.6 32.2 19 5.2 0 3 26.1 373.45
climatbambey 2002 7 27 208 24 34 18 5 0 2.1 25 373.45
climatbambey 2002 7 28 209 24 34.5 23.6 6 0 2 23.4 373.45
climatbambey 2002 7 29 210 23.5 33.6 21.8 5.5 0 1.9 23.4 373.45
climatbambey 2002 7 30 211 22 34.6 24.7 6.3 0 2.5 22.9 373.45
climatbambey 2002 7 31 212 24 36.1 21.8 5.8 0 2.2 26.6 373.45
climatbambey 2002 8 1 213 24.1 37.1 26.1 6.6 0 2.4 29.4 373.45
climatbambey 2002 8 2 214 24.5 35.6 24.2 6.4 0 3.1 28.7 373.45
climatbambey 2002 8 3 215 24 34.1 23.2 6.1 0 2.9 26.1 373.45
climatbambey 2002 8 4 216 25 33.1 16.5 4.8 0 2.1 25.3 373.45
climatbambey 2002 8 5 217 23.7 35.5 22.1 5.7 0 1.7 23.8 373.45
climatbambey 2002 8 6 218 22.3 37.1 24.7 6.3 0 2.6 28.4 373.45
climatbambey 2002 8 7 219 21.7 34.1 15.5 4.8 0 3 25 373.45
climatbambey 2002 8 8 220 21.5 33.6 16 4.6 0.2 2.4 24.7 373.45
climatbambey 2002 8 9 221 26.5 35.5 20.9 5.5 0 1.9 29.7 373.45
climatbambey 2002 8 10 222 24.5 34.6 22.3 5.5 26 2.7 30.4 373.45
climatbambey 2002 8 11 223 22 32.4 24.1 5.1 0 1.8 28.1 373.45
climatbambey 2002 8 12 224 25.5 36.2 24.2 5.8 0 1.6 31.8 373.45
climatbambey 2002 8 13 225 22 30.1 14 3.1 16.5 1.3 29 373.45
climatbambey 2002 8 14 226 23.5 34.1 26.5 5.7 0 1.6 31.1 373.45
climatbambey 2002 8 15 227 25.5 33.6 21.7 5.2 0 2.7 32 373.45
climatbambey 2002 8 16 228 25.5 31.2 12.3 3.6 0 2.5 28.9 373.45
climatbambey 2002 8 17 229 25 32.6 19 4.6 0 2.2 30.3 373.45
climatbambey 2002 8 18 230 24.5 35.6 24.3 5.7 22 2 31.5 373.45
climatbambey 2002 8 19 231 23.4 33.1 20.2 4.5 21.5 1.5 29.7 373.45
climatbambey 2002 8 20 232 23.8 33.6 21.3 4.7 0 1.3 31.3 373.45
climatbambey 2002 8 21 233 25.5 34.2 20.9 4.9 0 1.5 31.8 373.45
climatbambey 2002 8 22 234 24.5 34 22.7 5.2 0 1.5 29.7 373.45
climatbambey 2002 8 23 235 24 32.1 21.5 4.6 4.2 1.2 29.6 373.45
climatbambey 2002 8 24 236 25.3 33.7 17.1 4.3 0 1.8 30.9 373.45
climatbambey 2002 8 25 237 24.7 36.5 25.6 5.9 1.2 1.5 31.8 373.45
climatbambey 2002 8 26 238 23.5 36.6 12.7 3.6 0 1.3 29.6 373.45
climatbambey 2002 8 27 239 26 33.1 12 3.7 0 2.1 30 373.45
climatbambey 2002 8 28 240 22 33.9 16.8 4 40 1.8 29.2 373.45
climatbambey 2002 8 29 241 21 30.1 13.2 2.8 1.2 1.6 29 373.45
climatbambey 2002 8 30 242 23.1 33.9 24.5 5.2 0.4 1.1 30.9 373.45
climatbambey 2002 8 31 243 23 31.6 18.3 3.9 9.3 1.4 30.1 373.45
climatbambey 2002 9 1 244 23.5 28.1 12.8 3 0 1.7 27.7 373.45
climatbambey 2002 9 2 245 23.2 33.8 16.2 3.9 31 1.6 30 373.45
climatbambey 2002 9 3 246 22.7 36 21.6 4.9 0 1.3 31.1 373.45
climatbambey 2002 9 4 247 25 34.7 24.1 5.5 0 2 32.4 373.45
climatbambey 2002 9 5 248 25.5 33.2 20.9 5.1 0 2.3 30.4 373.45
climatbambey 2002 9 6 249 23.3 32.1 20.9 4.6 0 1.6 28 373.45
climatbambey 2002 9 7 250 24.2 35.1 23.1 5.5 0 1.8 29.5 373.45
climatbambey 2002 9 8 251 23 29.1 13.1 3 0.5 1.5 27.6 373.45
climatbambey 2002 9 9 252 24.1 34.2 23.3 5.3 0 1.5 28.9 373.45
climatbambey 2002 9 10 253 24 35.1 23.8 5.4 9 1.5 30.6 373.45
climatbambey 2002 9 11 254 21.5 29.9 13.2 2.9 2.7 1.7 29.1 373.45
climatbambey 2002 9 12 255 23.5 34.8 21.4 5 0 1.7 30.1 373.45
climatbambey 2002 9 13 256 23.3 31.4 14.3 3.3 0 1.2 29.5 373.45
climatbambey 2002 9 14 257 25.5 33.4 15.6 4.2 0 2.3 30.8 373.45
climatbambey 2002 9 15 258 24.5 34.1 15.3 3.8 0 1.5 31.8 373.45
climatbambey 2002 9 16 259 24.9 33.6 17 4.2 0 1.8 30.7 373.45
climatbambey 2002 9 17 260 23.6 36.9 23.3 5.7 4.8 1.9 29.5 373.45
climatbambey 2002 9 18 261 22.3 34.1 19 4.9 0 2.4 27 373.45
climatbambey 2002 9 19 262 25.4 37.4 21.5 5.5 1.1 2 32.6 373.45
climatbambey 2002 9 20 263 22.8 34.2 20.7 4.7 1 1.5 28.6 373.45
climatbambey 2002 9 21 264 25.4 33.4 16.8 4.2 0 1.9 30.7 373.45
climatbambey 2002 9 22 265 23.6 35 17 5 0 2.7 27.5 373.45
climatbambey 2002 9 23 266 25 34.1 19.1 4.5 0 1.8 31.6 373.45
climatbambey 2002 9 24 267 24.2 33.9 22.6 5.2 0 2.3 30.9 373.45
climatbambey 2002 9 25 268 24 37.2 21 5.3 15 1.9 31.4 373.45
climatbambey 2002 9 26 269 22.7 37.9 22.9 5.7 0 2 30 373.45
climatbambey 2002 9 27 270 22.2 35 21 5 0 2.2 28.8 373.45
climatbambey 2002 9 28 271 21.7 34.5 18 4.7 0 2.6 27.6 373.45
climatbambey 2002 9 29 272 22.5 35.2 21.8 5.2 0 2.5 29.8 373.45
climatbambey 2002 9 30 273 25.3 34.8 21.9 5.3 0 2.4 31.5 373.45
climatbambey 2002 10 1 274 24.6 36.2 22.2 5.7 0 2.5 30.2 373.45
climatbambey 2002 10 2 275 24.7 35.7 22 5.5 0 2.5 30.9 373.45
climatbambey 2002 10 3 276 24.4 36.9 21.2 5.6 0 2.2 29.5 373.45
climatbambey 2002 10 4 277 21.4 34.4 22.5 5.1 0 1.8 26.3 373.45
climatbambey 2002 10 5 278 19.7 34.4 23.1 5.3 0 2.4 25.2 373.45
climatbambey 2002 10 6 279 21.6 35.6 22.8 5.4 0 2.1 27.2 373.45
climatbambey 2002 10 7 280 21 35.1 20.1 5 0 2.3 26.7 373.45
climatbambey 2002 10 8 281 24.5 36.1 18.3 4.5 5.1 1.5 31.5 373.45
climatbambey 2002 10 9 282 23.2 35 18.3 4.2 18.9 1.3 30.2 373.45
climatbambey 2002 10 10 283 23 32.1 13.7 3.1 14 1.4 31.7 373.45
climatbambey 2002 10 11 284 22.5 30.5 14.4 3.2 0 1.6 29.1 373.45
climatbambey 2002 10 12 285 22.2 33.1 18.8 4.4 0 1.8 27 373.45
climatbambey 2002 10 13 286 23 36.1 20.3 5.4 0 2.3 26.9 373.45
climatbambey 2002 10 14 287 23.5 36.7 22.4 6 0 2.1 23.7 373.45
climatbambey 2002 10 15 288 22.3 35.6 22.2 5.4 0 2.4 28 373.45
climatbambey 2002 10 16 289 23.2 38.5 22.5 6 0 2.1 27.2 373.45
climatbambey 2002 10 17 290 22.3 38.1 23.5 5.8 0 1.8 27.7 373.45
climatbambey 2002 10 18 291 23.9 36.5 22.1 5.3 0 1.7 29.8 373.45
climatbambey 2002 10 19 292 24.2 36 21.4 5.3 0 2.1 29.7 373.45
climatbambey 2002 10 20 293 22.5 36.7 21.7 5.7 0 2.3 25.5 373.45
climatbambey 2002 10 21 294 22 38.6 19.1 5.4 3 2.4 27.8 373.45
climatbambey 2002 10 22 295 23.1 40.4 23 6.4 0 2.1 27 373.45
climatbambey 2002 10 23 296 24.5 38.6 20.7 5.3 0 1.9 32.9 373.45
climatbambey 2002 10 24 297 23.2 37.6 22.2 5.4 0 1.6 27.8 373.45
climatbambey 2002 10 25 298 23.8 36.5 21.8 5.3 1.3 2.1 30.4 373.45
climatbambey 2002 10 26 299 23 31.1 10.5 2.9 0 1.9 27.7 373.45
climatbambey 2002 10 27 300 23 34.6 12.8 3.7 0 1.7 26.3 373.45
climatbambey 2002 10 28 301 23.5 38.8 18.9 4.9 0 1.4 27.9 373.45
climatbambey 2002 10 29 302 21.4 35.1 20.5 4.8 0 1.8 26.1 373.45
climatbambey 2002 10 30 303 20.9 37.2 19.7 4.9 0 1.6 24.9 373.45
climatbambey 2002 10 31 304 23.5 37.7 13.8 4 0 1.3 25.5 373.45
climatbambey 2002 11 1 305 26 38.1 19.1 5.5 0 1.8 25.5 373.45
climatbambey 2002 11 2 306 22.5 36.6 15.3 5.6 0 1.7 8.3 373.45
climatbambey 2002 11 3 307 17.5 37.6 22.4 5.4 0 1.5 17.9 373.45
climatbambey 2002 11 4 308 17.5 37.4 21.1 5.3 0 1.8 20.1 373.45
climatbambey 2002 11 5 309 20.6 36.6 20.7 5.3 0 1.5 16.6 373.45
climatbambey 2002 11 6 310 16 37.6 21.7 5 0 1.2 16.4 373.45
climatbambey 2002 11 7 311 16.5 35.5 16.3 3.9 0 1.1 19.5 373.45
climatbambey 2002 11 8 312 15 37.5 21 5.1 0 1.7 19.4 373.45
climatbambey 2002 11 9 313 17.5 35.7 21 5.4 0 1.5 8.4 373.45
climatbambey 2002 11 10 314 16.4 35.5 20.5 5.7 0 1.8 10.1 373.45
climatbambey 2002 11 11 315 17.5 35.7 20.5 5.2 0 1.4 7.8 373.45
climatbambey 2002 11 12 316 17.7 36.5 15.7 4.6 0 1.6 16.3 373.45
climatbambey 2002 11 13 317 18.4 37.4 21.3 6.1 0 2.3 16.9 373.45
climatbambey 2002 11 14 318 21.2 38.4 21 5.4 0 1.7 22.2 373.45
climatbambey 2002 11 15 319 19.3 36 17.5 5.1 0 2.3 20.7 373.45
climatbambey 2002 11 16 320 19.8 30.5 12.8 4 0 2.3 18.9 373.45
climatbambey 2002 11 17 321 19.5 34 21.2 5.5 0 2.9 21.1 373.45
climatbambey 2002 11 18 322 19 36.1 17 5.2 0 2.3 18.6 373.45
climatbambey 2002 11 19 323 19 35.6 18.8 6 0 3.1 18.3 373.45
climatbambey 2002 11 20 324 20.5 36.1 20.7 6.3 0 2.6 16.5 373.45
climatbambey 2002 11 21 325 18.9 37.1 17.9 5.3 0 2 17.4 373.45
climatbambey 2002 11 22 326 18.2 39.1 20.6 5 0 1.4 21.8 373.45
climatbambey 2002 11 23 327 17.8 36.4 19.5 4.7 0 1.7 21.3 373.45
climatbambey 2002 11 24 328 15.5 38.1 18.7 5.2 0 2.1 19.9 373.45
climatbambey 2002 11 25 329 17.9 34 9.8 4.4 0 2.9 18.6 373.45
climatbambey 2002 11 26 330 20.6 32.9 10.4 3.8 0 2.1 20.2 373.45
climatbambey 2002 11 27 331 17.5 37.5 20.7 5.3 0 2 20.4 373.45
climatbambey 2002 11 28 332 17.3 37 14.5 5.1 0 2.2 16.5 373.45
climatbambey 2002 11 29 333 19 36.9 11.2 4.2 0 1.7 17.5 373.45
climatbambey 2002 11 30 334 21.7 36.1 10 4.6 0 2.1 16.9 373.45
climatbambey 2002 12 1 335 22 35 14.2 5.5 0 2 9.5 373.45
climatbambey 2002 12 2 336 20.6 32.6 18.6 4.9 0 1.6 11.1 373.45
climatbambey 2002 12 3 337 19.7 35.1 18.4 4.9 0 1.5 12 373.45
climatbambey 2002 12 4 338 17.9 29.1 17.6 4.5 0 1.7 10.4 373.45
climatbambey 2002 12 5 339 17.1 33.7 18.7 5.2 0 1.9 11.7 373.45
climatbambey 2002 12 6 340 20.5 30.3 19.1 5 0 2.1 13.6 373.45
climatbambey 2002 12 7 341 20.8 29.1 19.8 4.6 0 1.9 15.8 373.45
climatbambey 2002 12 8 342 21.7 29.5 15.4 4.5 0 2.1 15.3 373.45
climatbambey 2002 12 9 343 21.4 32.8 15.2 4.6 0 1.8 15.2 373.45
climatbambey 2002 12 10 344 20.9 34 13 3.8 0 1.5 19.6 373.45
climatbambey 2002 12 11 345 19.4 35 16.5 4.5 0 1.6 17.3 373.45
climatbambey 2002 12 12 346 18.9 35.9 15.4 4.2 0 1.5 18.8 373.45
climatbambey 2002 12 13 347 18.4 36 16.4 4.6 0 1.9 19.5 373.45
climatbambey 2002 12 14 348 24 38.5 19.7 6.1 0 2.1 17.5 373.45
climatbambey 2002 12 15 349 21.5 38.6 16.6 6.6 0 2.4 11.1 373.45
climatbambey 2002 12 16 350 17.5 39 18.1 5.2 0 1.5 12.5 373.45
climatbambey 2002 12 17 351 14 39.7 17.3 5.4 0 1.8 13.6 373.45
climatbambey 2002 12 18 352 18.9 39.3 16.1 5 0 1.6 16.7 373.45
climatbambey 2002 12 19 353 19.1 37.6 17.3 4.7 0 1.6 19.9 373.45
climatbambey 2002 12 20 354 18 37.4 16.3 5 0 1.8 15.8 373.45
climatbambey 2002 12 21 355 17 36.6 16.5 5 0 1.8 14.3 373.45
climatbambey 2002 12 22 356 14.5 36.7 18.8 4.7 0 1.7 17.1 373.45
climatbambey 2002 12 23 357 15.1 37.6 13.9 5.2 0 2 12.7 373.45
climatbambey 2002 12 24 358 21.2 36 16.8 6.7 0 2.5 6.7 373.45
climatbambey 2002 12 25 359 18.7 35.5 18.6 5.9 0 2 6.1 373.45
climatbambey 2002 12 26 360 17.4 35.1 19.8 6 0 2.1 7 373.45
climatbambey 2002 12 27 361 15.4 35.1 20.2 5.8 0 2 8.4 373.45
climatbambey 2002 12 28 362 16.6 34.9 19.2 5.6 0 2 9.6 373.45
climatbambey 2002 12 29 363 17.2 33.6 18.4 5.3 0 1.8 6.6 373.45
climatbambey 2002 12 30 364 16 34.6 19.3 5.7 0 1.9 5.5 373.45
climatbambey 2002 12 31 365 16.6 35.1 17.4 5.7 0 1.9 5.2 373.45
