climatbambey 2015 1 2 2 17.8 30.5 11.5 4.9 0 2 6.3 401.01
climatbambey 2015 1 3 3 16.5 31 12.5 5.4 0 2.3 6.3 401.01
climatbambey 2015 1 4 4 19.8 31.4 10.3 5.5 0 2.3 6.1 401.01
climatbambey 2015 1 5 5 20.4 31.5 12.2 6.4 0 2.8 5.7 401.01
climatbambey 2015 1 6 6 16 33.4 13.6 5.5 0 2.3 8.6 401.01
climatbambey 2015 1 7 7 16.2 33.4 17.1 5.3 0 2 8.8 401.01
climatbambey 2015 1 8 8 17.4 30.5 10.5 4.8 0 2.3 9.4 401.01
climatbambey 2015 1 9 9 16.8 32.5 14.9 4.9 0 2 10.7 401.01
climatbambey 2015 1 10 10 16 34 10.7 3.7 0 1.5 14.2 401.01
climatbambey 2015 1 11 11 18 29.5 9.4 3 0 1.3 14.4 401.01
climatbambey 2015 1 12 12 18.4 32 9.4 3.8 0 1.8 14.1 401.01
climatbambey 2015 1 13 13 17.6 31.5 9.4 4 0 1.8 12.3 401.01
climatbambey 2015 1 14 14 16.4 34.7 17.2 5 0 2 14.4 401.01
climatbambey 2015 1 15 15 17.5 35 15.7 4.8 0 1.8 13.8 401.01
climatbambey 2015 1 16 16 15.6 34.8 16.9 4.6 0 1.5 12.5 401.01
climatbambey 2015 1 17 17 15 34.8 17.8 4.5 0 1.3 11.6 401.01
climatbambey 2015 1 18 18 16.5 34.5 17.9 5.1 0 1.8 11.7 401.01
climatbambey 2015 1 19 19 14.8 35 18.8 5.4 0 2 12 401.01
climatbambey 2015 1 20 20 14.8 33.5 19.5 5.3 0 2.3 13.7 401.01
climatbambey 2015 1 21 21 17.8 31.5 17.3 4.6 0 2 15 401.01
climatbambey 2015 1 22 22 18.4 30.5 9.6 3.5 0 1.8 16.1 401.01
climatbambey 2015 1 23 23 21.8 35.5 14.9 5.5 0 2.3 15.3 401.01
climatbambey 2015 1 24 24 20 33.5 15 4.9 0 2 14.2 401.01
climatbambey 2015 1 25 25 16.4 34.6 21.2 5.2 0 2 17.3 401.01
climatbambey 2015 1 26 26 14.9 34.4 19.2 5.1 0 1.8 12.7 401.01
climatbambey 2015 1 27 27 19 33.8 18.5 8.1 0 3.5 5.2 401.01
climatbambey 2015 1 28 28 20.7 33 17.2 7.2 0 2.8 4.4 401.01
climatbambey 2015 1 29 29 18.5 33.2 15.9 7.6 0 3.3 5.3 401.01
climatbambey 2015 1 30 30 17.5 33.6 19.8 6.7 0 2.5 6.4 401.01
climatbambey 2015 1 31 31 17 34 21.6 6.1 0 2 7.2 401.01
climatbambey 2015 2 1 32 15.8 33 17.9 4.9 0 2 14.2 401.01
climatbambey 2015 2 2 33 15.4 32.2 17.5 4.4 0 2.3 17.8 401.01
climatbambey 2015 2 3 34 16 33 21.3 5 0 2.3 18.1 401.01
climatbambey 2015 2 4 35 15.4 33.2 17.6 4.5 0 2 17.5 401.01
climatbambey 2015 2 5 36 16.9 33.8 14.1 4.3 0 2 17.8 401.01
climatbambey 2015 2 6 37 18.8 36.5 15.7 4.8 0 2 19.6 401.01
climatbambey 2015 2 7 38 18 38 21.1 5.8 0 2 19.1 401.01
climatbambey 2015 2 8 39 19 35 21.2 5.6 0 2.3 18.5 401.01
climatbambey 2015 2 9 40 18 33.5 21.3 5.4 0 2.5 18.5 401.01
climatbambey 2015 2 10 41 16.6 33.3 21.5 4.8 0 2 20.8 401.01
climatbambey 2015 2 11 42 16.5 33.2 20.9 4.8 0 2.3 20.7 401.01
climatbambey 2015 2 12 43 16.3 35.5 21.9 5.1 0 2 21 401.01
climatbambey 2015 2 13 44 19.8 35 21 6.5 0 4.8 22.6 401.01
climatbambey 2015 2 14 45 20.8 34.8 21.2 7 0 4.5 20.2 401.01
climatbambey 2015 2 15 46 20.4 36.6 18.7 7 0 3 14.6 401.01
climatbambey 2015 2 16 47 23.5 37 19.1 6.8 0 2.5 14 401.01
climatbambey 2015 2 17 48 22 36.5 18.8 6.1 0 2.3 16.5 401.01
climatbambey 2015 2 18 49 20 34.8 18.4 5.4 0 2 15.9 401.01
climatbambey 2015 2 19 50 18 31 17 4.6 0 2 16 401.01
climatbambey 2015 2 20 51 14.4 28.5 17.8 5.1 0 3.3 13.5 401.01
climatbambey 2015 2 21 52 16 30 21.1 5.1 0 2.5 15.2 401.01
climatbambey 2015 2 22 53 14.8 32 21.5 5.4 0 2.3 14.4 401.01
climatbambey 2015 2 23 54 15.5 35.5 22.9 5.8 0 2 15.8 401.01
climatbambey 2015 2 24 55 15.8 37.7 22 5.9 0 1.8 16 401.01
climatbambey 2015 2 25 56 17.2 37.8 21.2 6.3 0 2 13.8 401.01
climatbambey 2015 2 26 57 15.6 37.5 13.9 7.3 0 4 14.1 401.01
climatbambey 2015 2 27 58 21.2 34.2 10.9 9.6 0 4.5 4.1 401.01
climatbambey 2015 2 28 59 21.8 34.5 14.9 8.3 0 3.3 4.6 401.01
climatbambey 2015 3 1 60 18.5 36 20.4 7.3 0 2.5 6.9 401.01
climatbambey 2015 3 2 61 15 37.2 18.4 6.6 0 2.3 10 401.01
climatbambey 2015 3 3 62 21.8 36.8 20.4 7.2 0 2.3 8.4 401.01
climatbambey 2015 3 4 63 20.4 38.8 20.6 6.9 0 2 9.1 401.01
climatbambey 2015 3 5 64 17.8 38 20.4 5.7 0 2 20.5 401.01
climatbambey 2015 3 6 65 16.8 38.4 21.1 5.9 0 2.3 20.9 401.01
climatbambey 2015 3 7 66 17.2 38.5 17.2 4.7 0 1.5 22.3 401.01
climatbambey 2015 3 8 67 18.4 33.5 18.7 5.1 0 2 17.3 401.01
climatbambey 2015 3 9 68 17.5 28.2 18.8 4.1 0 2 18.8 401.01
climatbambey 2015 3 10 69 14.8 31.4 20.8 4.6 0 1.8 17.7 401.01
climatbambey 2015 3 11 70 15.5 36 22.4 5.5 0 2 19.4 401.01
climatbambey 2015 3 12 71 18.2 39.8 20.7 6.6 0 2 15.2 401.01
climatbambey 2015 3 13 72 24.2 41.2 20.8 7.3 0 2 10.4 401.01
climatbambey 2015 3 14 73 23.6 40 15.7 6.9 0 2.3 12.5 401.01
climatbambey 2015 3 15 74 22.3 39.2 18.5 6.4 0 1.8 11.3 401.01
climatbambey 2015 3 16 75 18 36.9 21.2 6 0 2 17.4 401.01
climatbambey 2015 3 17 76 18 37.2 22.1 5.7 0 2 22.2 401.01
climatbambey 2015 3 18 77 19.6 36.9 16.2 4.8 0 2 23.4 401.01
climatbambey 2015 3 19 78 18.4 36.8 20.6 5.5 0 2 21.4 401.01
climatbambey 2015 3 20 79 17 34.4 22.2 5.3 0 2.3 21.6 401.01
climatbambey 2015 3 21 80 17.4 33.2 22.2 5 0 2 21.6 401.01
climatbambey 2015 3 22 81 16.8 29 21.5 4.4 0 2.5 20.7 401.01
climatbambey 2015 3 23 82 16 29.4 21.5 4.5 0 3.3 20.7 401.01
climatbambey 2015 3 24 83 14.6 31.5 24.7 5.9 0 2.8 15.5 401.01
climatbambey 2015 3 25 84 15 33.5 24.8 6.2 0 2.8 16.7 401.01
climatbambey 2015 3 26 85 19.7 37.5 24.4 7.2 0 2.3 14.5 401.01
climatbambey 2015 3 27 86 16.8 40 23.6 7.3 0 2.3 14.9 401.01
climatbambey 2015 3 28 87 18.4 41.2 24 7.4 0 2 14.1 401.01
climatbambey 2015 3 29 88 24.2 39 11.9 8.5 0 3.3 8.8 401.01
climatbambey 2015 3 30 89 23.8 37.8 19 7.5 0 2.3 6.7 401.01
climatbambey 2015 3 31 90 25 38.8 19.8 7.8 0 2.3 6.1 401.01
climatbambey 2015 4 1 91 20.8 40 23.8 7.1 0 1.8 12.4 401.01
climatbambey 2015 4 2 92 20.6 41.5 24.5 7.1 0 2 21.2 401.01
climatbambey 2015 4 3 93 22.6 40.5 16.8 6.1 0 2.3 22.7 401.01
climatbambey 2015 4 4 94 20.8 34.5 19.7 5.7 0 2.3 19.8 401.01
climatbambey 2015 4 5 95 20 34 23.5 6.2 0 2.8 20.7 401.01
climatbambey 2015 4 6 96 18.5 35.2 23.6 5.8 0 2 20.7 401.01
climatbambey 2015 4 7 97 18 36.8 25.1 6.5 0 2.3 19.7 401.01
climatbambey 2015 4 8 98 19 39.5 22.4 6.5 0 2 20.1 401.01
climatbambey 2015 4 9 99 20 40.8 13.8 7.9 0 4.3 19.5 401.01
climatbambey 2015 4 10 100 23.2 43.8 12.1 8.5 0 3.5 16.6 401.01
climatbambey 2015 4 11 101 21.2 44.5 12.1 6.6 0 2.3 17.7 401.01
climatbambey 2015 4 12 102 20.5 44 24.2 8.1 0 2.3 19.3 401.01
climatbambey 2015 4 13 103 20.7 42.5 14.6 6.2 0 2 17.7 401.01
climatbambey 2015 4 14 104 20.5 34.5 12.2 4.4 0 2 19.6 401.01
climatbambey 2015 4 15 105 19.7 37.5 22.8 6.2 0 2 20.5 401.01
climatbambey 2015 4 16 106 19.8 36.5 12.2 4.3 0 2 22.5 401.01
climatbambey 2015 4 17 107 18.8 37.5 15.3 4.8 0 2.3 24.2 401.01
climatbambey 2015 4 18 108 19 36.7 21.8 5.8 0 2.3 22.7 401.01
climatbambey 2015 4 19 109 19.4 37.5 20.9 5.9 0 2.3 22.5 401.01
climatbambey 2015 4 20 110 18.5 34.8 22.7 5.5 0 2 22 401.01
climatbambey 2015 4 21 111 19.5 35.5 21.9 5.7 0 2.3 22.6 401.01
climatbambey 2015 4 22 112 20 36 22.6 6 0 2.3 22.1 401.01
climatbambey 2015 4 23 113 21.8 41 19.7 6.3 0 2 22.3 401.01
climatbambey 2015 4 24 114 19.8 42.2 23.2 7.4 0 2.5 22.9 401.01
climatbambey 2015 4 25 115 19.8 39.8 24.6 6.6 0 1.8 22.2 401.01
climatbambey 2015 4 26 116 20 39 24.2 6.2 0 2 26 401.01
climatbambey 2015 4 27 117 18.5 34.8 24.2 5.6 0 2.5 24.4 401.01
climatbambey 2015 4 28 118 19.2 33.8 24.5 5.6 0 2.3 23.4 401.01
climatbambey 2015 4 29 119 19.8 38.4 24 6.2 0 2 24.4 401.01
climatbambey 2015 4 30 120 20.6 40.5 20.9 6.1 0 2 25 401.01
climatbambey 2015 5 1 121 20.4 36.3 22.5 5.8 0 2.8 26.6 401.01
climatbambey 2015 5 2 122 21.9 35.2 12.6 4 0 2 26.3 401.01
climatbambey 2015 5 3 123 21.5 39.2 19.4 5.7 0 2.3 27.3 401.01
climatbambey 2015 5 4 124 20.8 38.8 12.3 4.4 0 1.8 24.3 401.01
climatbambey 2015 5 5 125 21.9 40.2 23.6 6.6 0 2 25.7 401.01
climatbambey 2015 5 6 126 20.8 39 22.6 6.1 0 2.3 27 401.01
climatbambey 2015 5 7 127 22 34.5 17.1 4.8 0 2.3 25.1 401.01
climatbambey 2015 5 8 128 21.8 37.8 20.1 5.8 0 2.3 25.8 401.01
climatbambey 2015 5 9 129 23 39 22.1 6.5 0 2.5 26.1 401.01
climatbambey 2015 5 10 130 22.5 34.5 24.5 6.1 0 2.5 24.7 401.01
climatbambey 2015 5 11 131 21 34.8 23.3 6 0 2.8 24.4 401.01
climatbambey 2015 5 12 132 20.5 37 23.2 5.7 0 1.8 25.5 401.01
climatbambey 2015 5 13 133 21.8 36.8 24.1 5.9 0 2 27.1 401.01
climatbambey 2015 5 14 134 21.8 38.5 24 6.2 0 2 27.2 401.01
climatbambey 2015 5 15 135 22.5 39.8 21.7 6 0 2 28.5 401.01
climatbambey 2015 5 16 136 21.3 36.4 22.4 5.8 0 2.5 27 401.01
climatbambey 2015 5 17 137 22.5 36.5 22 5.8 0 2.5 27.4 401.01
climatbambey 2015 5 18 138 23.8 38.4 21.4 5.9 0 2 27.6 401.01
climatbambey 2015 5 19 139 23.6 36.2 21.3 5.5 0 2 27.8 401.01
climatbambey 2015 5 20 140 23.5 36 22 5.6 0 2 28 401.01
climatbambey 2015 5 21 141 23 39.5 20.9 5.7 0 1.8 29.2 401.01
climatbambey 2015 5 22 142 23.8 37.4 18.2 5.3 0 2 27.2 401.01
climatbambey 2015 5 23 143 24 39.2 21.7 6.4 0 2.3 26.5 401.01
climatbambey 2015 5 24 144 23.6 39.2 18.1 5.8 0 2.3 26.7 401.01
climatbambey 2015 5 25 145 21.5 38.5 24.9 6.7 0 2.5 25.7 401.01
climatbambey 2015 5 26 146 22.9 40.8 25.1 7.9 0 3 24.3 401.01
climatbambey 2015 5 27 147 22.8 38.8 26.1 7.8 0 3 22.9 401.01
climatbambey 2015 5 28 148 21 40 25.3 7.5 0 3 24.5 401.01
climatbambey 2015 5 29 149 22 39.8 25.1 6.9 0 2.3 26.6 401.01
climatbambey 2015 5 30 150 23.4 38.5 22.1 6.5 0 3 28.2 401.01
climatbambey 2015 5 31 151 23.2 38 19.4 5.6 0 2 26.1 401.01
climatbambey 2015 6 1 152 23 40.5 20.2 6.3 0 2.5 27.9 401.01
climatbambey 2015 6 2 153 25.5 35.5 19.9 6.1 0 3.5 28.4 401.01
climatbambey 2015 6 3 154 23 38 24 6.3 0 2 26.6 401.01
climatbambey 2015 6 4 155 20.4 35.4 24.6 5.8 0 2 24.8 401.01
climatbambey 2015 6 5 156 20.8 33.5 24.5 5.7 0 2.5 24.6 401.01
climatbambey 2015 6 6 157 22 36 24.7 6.1 0 2.3 26.2 401.01
climatbambey 2015 6 7 158 22.8 38 22.9 6.4 0 2.3 25.6 401.01
climatbambey 2015 6 8 159 23.8 40.5 19.9 6.6 0 2.8 27.8 401.01
climatbambey 2015 6 9 160 24.8 36.2 21.6 6 0 2.8 29 401.01
climatbambey 2015 6 10 161 23.5 37.5 18.7 5.8 0 3 28.2 401.01
climatbambey 2015 6 11 162 24.1 39 21 6 0 2.2 29.2 401.01
climatbambey 2015 6 12 163 24.5 40.2 22.5 6.3 0 2 29.8 401.01
climatbambey 2015 6 13 164 25.5 35.8 12.3 4.5 0 2.7 29.1 401.01
climatbambey 2015 6 14 165 25.5 33.5 12.3 3.9 0 2.2 28.7 401.01
climatbambey 2015 6 15 166 24.8 36.4 12.2 4.7 0 2.5 27 401.01
climatbambey 2015 6 16 167 26 35.6 18.4 5.5 0 2.8 29.5 401.01
climatbambey 2015 6 17 168 23.7 36.4 19.7 5.7 0 2.8 27.7 401.01
climatbambey 2015 6 18 169 22.8 35.5 23.1 6 0 2.8 26.9 401.01
climatbambey 2015 6 19 170 22.8 35 21.6 5.6 0 2.5 26.9 401.01
climatbambey 2015 6 20 171 23.8 34.5 21.2 5.8 0 2.8 25.9 401.01
climatbambey 2015 6 21 172 24.8 36.8 21.2 6.2 0 2.8 27.5 401.01
climatbambey 2015 6 22 173 25 37 21 6 0 2.7 29 401.01
climatbambey 2015 6 23 174 24.2 37.5 20.7 6.6 0 4.5 29.8 401.01
climatbambey 2015 6 24 175 25.4 37.4 22.3 6.7 0 3 27.3 401.01
climatbambey 2015 6 25 176 24.4 36 21.1 6.5 0 4 27.9 401.01
climatbambey 2015 6 26 177 23.4 36 23.4 6.1 0 2.8 27.9 401.01
climatbambey 2015 6 27 178 23.5 35.5 22.2 5.9 0 2.8 27.6 401.01
climatbambey 2015 6 28 179 23.5 36.3 20.6 5.6 0 2.5 28.1 401.01
climatbambey 2015 6 29 180 23.5 37.8 21.3 5.7 0 2 28.6 401.01
climatbambey 2015 6 30 181 26 39 20.4 5.9 0 2 30.6 401.01
climatbambey 2015 7 1 182 26.2 36.8 18.5 5.6 0 2.3 28.4 401.01
climatbambey 2015 7 2 183 25.8 39.5 21.6 6.3 0 2.3 30.3 401.01
climatbambey 2015 7 3 184 26.5 37.6 16.2 5.8 0 3 28.8 401.01
climatbambey 2015 7 4 185 25.5 36.4 19.1 5.4 0 2.3 29.8 401.01
climatbambey 2015 7 5 186 26.4 33.8 19.9 5.5 0 2.8 29 401.01
climatbambey 2015 7 6 187 23.8 37.5 22.2 6.1 0 2.8 29.5 401.01
climatbambey 2015 7 7 188 25.4 36.5 20 5.7 0 2.5 29.6 401.01
climatbambey 2015 7 8 189 26 36.8 23.2 6.1 0 2.3 30.3 401.01
climatbambey 2015 7 9 190 24.2 32.2 12.2 3.2 2.8 1.8 30.4 401.01
climatbambey 2015 7 10 191 25 34.2 18.9 4.6 0 2 31.7 401.01
climatbambey 2015 7 11 192 25.8 36 24.8 5.9 0.3 2 32.6 401.01
climatbambey 2015 7 12 193 25.6 36 19.6 5.1 17 2.3 32.9 401.01
climatbambey 2015 7 13 194 25 36.2 24.5 5.9 0 2 32.3 401.01
climatbambey 2015 7 14 195 25.4 37 22.3 5.7 9.2 2.3 33.2 401.01
climatbambey 2015 7 15 196 23.4 33 16.1 3.9 0 2 30.2 401.01
climatbambey 2015 7 16 197 25.5 37 21.6 5.7 0 2.3 31.4 401.01
climatbambey 2015 7 17 198 26.8 35.2 24.2 6.1 0 2 29.2 401.01
climatbambey 2015 7 18 199 26.4 37 19.8 5.3 0 2 32.5 401.01
climatbambey 2015 7 19 200 25.8 35 15.2 4.6 0 2.3 29.3 401.01
climatbambey 2015 7 20 201 26 37 21.5 5.5 0 1.5 30 401.01
climatbambey 2015 7 21 202 24.8 35 20.6 5.3 0 1.8 27.2 401.01
climatbambey 2015 7 22 203 23.5 34.2 22.8 5.5 0 1.8 26 401.01
climatbambey 2015 7 23 204 22.5 36.2 24 6.2 0 2.5 26.6 401.01
climatbambey 2015 7 24 205 24.2 35.5 24.9 6.2 0 2.5 28.4 401.01
climatbambey 2015 7 25 206 26 35.5 20.8 5.3 31 2.3 32.3 401.01
climatbambey 2015 7 26 207 24.2 33.4 18.5 4.2 0 1.3 31.3 401.01
climatbambey 2015 7 27 208 25.4 34.5 16.8 4.1 3.4 1.8 33.8 401.01
climatbambey 2015 7 28 209 25.2 33.5 18.4 4.2 0 1.3 32.9 401.01
climatbambey 2015 7 29 210 25.4 31.2 17.2 3.8 1.6 2 33.5 401.01
climatbambey 2015 7 30 211 24.2 30.2 13.3 2.8 44.5 2.3 33.5 401.01
climatbambey 2015 7 31 212 24.4 30.4 15.6 3.4 14.2 2 32.3 401.01
climatbambey 2015 8 1 213 25.4 31.2 13.8 3 32 1.3 35.6 401.01
climatbambey 2015 8 2 214 25.4 30.5 14.8 3.3 0 1.5 33 401.01
climatbambey 2015 8 3 215 23.6 33.8 22.1 4.9 0 2 32.1 401.01
climatbambey 2015 8 4 216 26.4 34.8 23.2 5.6 0 1.8 31 401.01
climatbambey 2015 8 5 217 25.4 33.2 18.6 4.6 0 2.3 31 401.01
climatbambey 2015 8 6 218 26 34 24.8 5.7 0 2.5 32.7 401.01
climatbambey 2015 8 7 219 26 33 20.7 5 0 2 30.9 401.01
climatbambey 2015 8 8 220 25.2 35.8 20.8 5.2 37 2 32.3 401.01
climatbambey 2015 8 9 221 23.8 31.8 16.8 3.7 41 1.5 32.1 401.01
climatbambey 2015 8 10 222 24.6 32 18.9 4.1 0 1.8 32.7 401.01
climatbambey 2015 8 11 223 25.2 33 18.4 4.2 0 2 33.8 401.01
climatbambey 2015 8 12 224 25.4 34.5 16.4 4 0.7 1.3 33.2 401.01
climatbambey 2015 8 13 225 25.8 34.5 13.9 3.4 0 1.3 35.1 401.01
climatbambey 2015 8 14 226 26.5 33 15.5 3.9 0 2 33.9 401.01
climatbambey 2015 8 15 227 26 34.5 19.1 4.6 18 2 34.9 401.01
climatbambey 2015 8 16 228 24.4 34.2 22.9 5.1 39 2 33.2 401.01
climatbambey 2015 8 17 229 22 29.3 13.6 2.9 0 2 29.3 401.01
climatbambey 2015 8 18 230 24.2 31.8 14.8 3.5 0 2 31.7 401.01
climatbambey 2015 8 19 231 25.4 33.5 23.7 5.7 0 1.8 27.1 401.01
climatbambey 2015 8 20 232 26.8 32.5 20.8 4.7 34 2 34.7 401.01
climatbambey 2015 8 21 233 25.4 32.8 22.6 4.9 0 1.8 33.6 401.01
climatbambey 2015 8 22 234 25 33.5 19.1 4.4 6.4 2 33.5 401.01
climatbambey 2015 8 23 235 24.8 32.5 19.1 4.2 10.7 1.8 33.6 401.01
climatbambey 2015 8 24 236 24.5 33.8 21.2 4.7 0 2 33.5 401.01
climatbambey 2015 8 25 237 25.6 34.5 23.1 5.3 36 2.8 34.9 401.01
climatbambey 2015 8 26 238 22.8 32.8 19 4.2 0 1.3 30.4 401.01
climatbambey 2015 8 27 239 24.5 34 23.3 5.1 0 1.8 32.9 401.01
climatbambey 2015 8 28 240 21.8 32.8 20.7 4.4 3 2 30.3 401.01
climatbambey 2015 8 29 241 26 34.5 15.9 4 4.3 2 34.6 401.01
climatbambey 2015 8 30 242 24.8 36.5 12.4 3.4 18.5 1.8 35.7 401.01
climatbambey 2015 8 31 243 24.5 31.5 12.5 3.2 0.5 2.3 31.6 401.01
climatbambey 2015 9 1 244 25.6 30.5 13.8 3.2 0 1.5 32.2 401.01
climatbambey 2015 9 2 245 25.2 34 19.4 4.4 0 1.3 33.8 401.01
climatbambey 2015 9 3 246 25.8 34.7 22.4 5.2 26 1.8 34 401.01
climatbambey 2015 9 4 247 23.8 33.5 22.4 4.8 1.5 1.3 32.2 401.01
climatbambey 2015 9 5 248 25.2 32 22.8 4.8 0 2 32.9 401.01
climatbambey 2015 9 6 249 23.8 33 22.7 4.7 54 1.3 33.3 401.01
climatbambey 2015 9 7 250 22.2 31.9 18.1 3.8 0 2 30.9 401.01
climatbambey 2015 9 8 251 25 31.9 15.1 3.5 0 2 33.4 401.01
climatbambey 2015 9 9 252 25.5 34.2 18.3 4.4 24 2 33.7 401.01
climatbambey 2015 9 10 253 24.5 30.9 13.3 3.2 0 2 31.4 401.01
climatbambey 2015 9 11 254 24.5 34.2 20.8 4.7 0 1.8 33.3 401.01
climatbambey 2015 9 12 255 24.8 35 18.9 4.6 0 1.5 31.4 401.01
climatbambey 2015 9 13 256 23.4 32 13.8 3.4 1.5 2 30.5 401.01
climatbambey 2015 9 14 257 25 34.4 20.8 4.7 0 1.3 33.6 401.01
climatbambey 2015 9 15 258 26 33.5 21.4 4.9 1.3 2.3 34.1 401.01
climatbambey 2015 9 16 259 23.4 33.5 20.1 4.4 0 1 30.6 401.01
climatbambey 2015 9 17 260 20 35.8 20.4 4.6 61.1 1.8 29.1 401.01
climatbambey 2015 9 18 261 20 33 22.7 4.6 0 2 28.6 401.01
climatbambey 2015 9 19 262 24.2 36.5 22.6 5.1 0 1.3 33.5 401.01
climatbambey 2015 9 20 263 26 36.5 20.2 5 0 2.3 35.8 401.01
climatbambey 2015 9 21 264 24.8 32.4 14.7 3.5 26.8 1.8 32.1 401.01
climatbambey 2015 9 22 265 24.5 31 17.4 3.8 9.2 2 31.5 401.01
climatbambey 2015 9 23 266 25.6 32.5 14.1 3.7 22.1 2 31.3 401.01
climatbambey 2015 9 24 267 23.8 29.5 12.3 2.6 2.3 1.5 31.8 401.01
climatbambey 2015 9 25 268 24.8 35 21.7 4.9 0 1.3 33.5 401.01
climatbambey 2015 9 26 269 26.6 35 19.3 4.6 10.3 2 35.5 401.01
climatbambey 2015 9 27 270 23.4 34.2 15.1 3.6 0 1.5 31.5 401.01
climatbambey 2015 9 28 271 25.4 31 14.7 3.2 0 1.5 33.8 401.01
climatbambey 2015 9 29 272 23 32 19.3 4.1 25.5 1.5 29.9 401.01
climatbambey 2015 9 30 273 23 31.5 16 3.7 0 2 29.5 401.01
climatbambey 2015 10 1 274 24.8 34.8 19.5 4.5 0 1.3 31.9 401.01
climatbambey 2015 10 2 275 26.4 35.8 19.3 4.5 0 1 34.8 401.01
climatbambey 2015 10 3 276 26.8 35.5 16 4.2 0 2 35.1 401.01
climatbambey 2015 10 4 277 23.6 34.5 15.7 3.9 0 1.8 31.7 401.01
climatbambey 2015 10 5 278 25.9 38 19.4 4.6 0 1 36 401.01
climatbambey 2015 10 6 279 25 33.2 11.1 3.1 0 2 32.4 401.01
climatbambey 2015 10 7 280 23.5 36.8 21.5 5 0 2 34.5 401.01
climatbambey 2015 10 8 281 25.4 35.2 15.6 4 0 1.8 33.7 401.01
climatbambey 2015 10 9 282 26.4 35.5 18.7 4.6 0 2 34.7 401.01
climatbambey 2015 10 10 283 26.5 36.5 19.1 5 0 2 33 401.01
climatbambey 2015 10 11 284 25.5 36.5 21.7 5.2 0 1.5 30.8 401.01
climatbambey 2015 10 12 285 25 37.2 22.2 5.4 0 1.5 31 401.01
climatbambey 2015 10 13 286 24.8 35.8 17.4 4.2 14 1.5 33 401.01
climatbambey 2015 10 14 287 24 33.5 20.4 4.4 1 1.5 32 401.01
climatbambey 2015 10 15 288 24 32.5 12.5 3 0 1.5 31.4 401.01
climatbambey 2015 10 16 289 24.5 35.2 20.7 4.7 0 1.3 32.2 401.01
climatbambey 2015 10 17 290 25 36 19.4 4.9 0 2 31.7 401.01
climatbambey 2015 10 18 291 26.4 37 19.6 5.1 0 2 33 401.01
climatbambey 2015 10 19 292 25.8 37.4 18.8 5 0 2 32.3 401.01
climatbambey 2015 10 20 293 24.4 32.5 10.7 2.9 0 1.8 30.6 401.01
climatbambey 2015 10 21 294 25.2 36 13.2 3.6 0 2 34.5 401.01
climatbambey 2015 10 22 295 24 34.5 17.5 4.1 6.5 1.5 30.7 401.01
climatbambey 2015 10 23 296 22.4 32.5 13.6 3.1 0 1 29.6 401.01
climatbambey 2015 10 24 297 23 36.5 20.9 4.9 0 1.8 31.4 401.01
climatbambey 2015 10 25 298 24 35 16.1 4 0 1.8 31.3 401.01
climatbambey 2015 10 26 299 24 32.5 11.7 3.4 0 2 27.4 401.01
climatbambey 2015 10 27 300 24.2 34.5 13.8 3.7 0 1.8 29.6 401.01
climatbambey 2015 10 28 301 26 37.2 22.1 5.5 0 2 32.5 401.01
climatbambey 2015 10 29 302 24.2 38.5 21.2 5.4 0 2 32.5 401.01
climatbambey 2015 10 30 303 22.5 32.5 21.1 4.4 0 1.3 27 401.01
climatbambey 2015 10 31 304 21.8 36.2 21.3 4.8 0 1.8 29.8 401.01
climatbambey 2015 11 1 305 23 37.5 19.1 4.6 0 1.3 30.1 401.01
climatbambey 2015 11 2 306 23 35.8 14.1 3.8 0 2 30.5 401.01
climatbambey 2015 11 3 307 25.2 34 10.6 3.1 0 2 32.3 401.01
climatbambey 2015 11 4 308 26 39.4 20.6 5.8 0 2 28.9 401.01
climatbambey 2015 11 5 309 24.5 40.2 21.4 5.5 0 1.5 29.8 401.01
climatbambey 2015 11 6 310 22.8 39.4 20.7 4.9 0 1 28 401.01
climatbambey 2015 11 7 311 18 39.2 21.6 4.7 0 0.8 23.3 401.01
climatbambey 2015 11 8 312 20.2 38.8 21 5.1 0 1.5 26.2 401.01
climatbambey 2015 11 9 313 21.2 37.8 21.1 4.6 0 0.8 26.4 401.01
climatbambey 2015 11 10 314 20.2 37.8 19.2 4.6 0 1.3 24.4 401.01
climatbambey 2015 11 11 315 18.5 36.5 18.8 4.3 0 1.3 23.7 401.01
climatbambey 2015 11 12 316 21.5 35.2 9.8 2.8 0 1 25.1 401.01
climatbambey 2015 11 13 317 26 34.5 9.7 3.1 0 1.3 27.8 401.01
climatbambey 2015 11 14 318 25 38 14.6 4.2 0 1.5 29.1 401.01
climatbambey 2015 11 15 319 21.5 37.2 19.3 5 0 1.8 24.3 401.01
climatbambey 2015 11 16 320 21.5 35.6 18 5.6 0 2 14 401.01
climatbambey 2015 11 17 321 21.4 34.5 13.9 5.3 0 2 11.1 401.01
climatbambey 2015 11 18 322 20.5 36.2 18.1 5.1 0 1.8 17.2 401.01
climatbambey 2015 11 19 323 21.5 35.2 13.6 5.1 0 2.3 17.4 401.01
climatbambey 2015 11 20 324 21.2 36.5 19.9 6 0 2 12.5 401.01
climatbambey 2015 11 21 325 20 36 17.4 5.9 0 2.3 13.8 401.01
climatbambey 2015 11 22 326 21.5 35.8 17.6 5.1 0 2 19.6 401.01
climatbambey 2015 11 23 327 16.5 36.7 19.8 4.6 0 1.3 18.5 401.01
climatbambey 2015 11 24 328 14.2 36.2 19.7 5 0 2 18.1 401.01
climatbambey 2015 11 25 329 18.5 36.5 17.2 4.7 0 1.5 15.4 401.01
climatbambey 2015 11 26 330 20 36.8 17.8 5.3 0 1.8 15.1 401.01
climatbambey 2015 11 27 331 20.5 34.2 13.4 4.6 0 1.8 14.6 401.01
climatbambey 2015 11 28 332 19.8 36.4 18.7 4.9 0 1.5 16.2 401.01
climatbambey 2015 11 29 333 20.8 34 15.6 5.1 0 2 13 401.01
climatbambey 2015 11 30 334 20.8 34.2 11.1 5.4 0 2 6.8 401.01
climatbambey 2015 12 1 335 19.5 31 10.1 5.2 0 2.3 7.7 401.01
climatbambey 2015 12 2 336 17.8 37 17.1 5.1 0 2 17.3 401.01
climatbambey 2015 12 3 337 18.2 36.5 17 5.1 0 2 17.3 401.01
climatbambey 2015 12 4 338 19.8 36.5 15.3 5.8 0 2.3 12.6 401.01
climatbambey 2015 12 5 339 22.8 35.2 16.3 5.1 0 2 17 401.01
climatbambey 2015 12 6 340 14.8 36 17.8 4.6 0 1.5 13.9 401.01
climatbambey 2015 12 7 341 19.5 35.4 18.3 4.5 0 1.5 19.8 401.01
climatbambey 2015 12 8 342 18.5 34.8 18.5 4.2 0 1.3 19 401.01
climatbambey 2015 12 9 343 14 35.5 19 4.8 0 1.8 15.3 401.01
climatbambey 2015 12 10 344 15 35.5 16.7 4.3 0 1.3 12.4 401.01
climatbambey 2015 12 11 345 21.7 32.5 13 4.8 0 2 12.2 401.01
climatbambey 2015 12 12 346 19 33.5 18.4 4.4 0 1.5 16.7 401.01
climatbambey 2015 12 13 347 15.5 34 18 4.1 0 1.5 17.6 401.01
climatbambey 2015 12 14 348 14.5 34.7 16 4.1 0 1.5 16.2 401.01
climatbambey 2015 12 15 349 17.4 35.8 15.4 4.6 0 2 18.5 401.01
climatbambey 2015 12 16 350 21 36 16 5.4 0 2 13.4 401.01
climatbambey 2015 12 17 351 18.8 35.2 19 5.7 0 2 9.1 401.01
climatbambey 2015 12 18 352 17.8 36.2 18.8 5.8 0 2 9.6 401.01
climatbambey 2015 12 19 353 19.4 34.8 17 4.7 0 1.5 12.2 401.01
climatbambey 2015 12 20 354 20.2 33.2 18.9 5.2 0 2 14 401.01
climatbambey 2015 12 21 355 14 34.8 18.8 5.1 0 2 12.7 401.01
climatbambey 2015 12 22 356 14.2 35.5 19 4.2 0 1.3 17.4 401.01
climatbambey 2015 12 23 357 14.8 35.6 19.7 5 0 2 16.2 401.01
climatbambey 2015 12 24 358 19.5 33.5 13.8 5.6 0 2.3 9.3 401.01
climatbambey 2015 12 25 359 20 33.7 15.9 4.6 0 1.5 11 401.01
climatbambey 2015 12 26 360 19.2 31.5 10 4.4 0 1.8 9.2 401.01
climatbambey 2015 12 27 361 23.5 29.5 9.1 4.7 0 2 8.5 401.01
climatbambey 2015 12 28 362 19.4 32.5 10.5 4.7 0 2 10.7 401.01
climatbambey 2015 12 29 363 19.8 32 14.5 5.6 0 2.3 8 401.01
climatbambey 2015 12 30 364 18.8 32.5 16.4 5.3 0 2 8.4 401.01
climatbambey 2015 12 31 365 19.6 32.5 14.3 4.8 0 2 12.8 401.01
