climatbambey 2009 1 2 2 15.9 38.2 19.6 4.3 0 0.9 11.4 387.64
climatbambey 2009 1 3 3 17 37.1 19.7 5.2 0 1.5 9.8 387.64
climatbambey 2009 1 4 4 18.1 36.1 18.9 5.5 0 1.7 7.7 387.64
climatbambey 2009 1 5 5 16.3 35 19.1 5 0 1.5 7.6 387.64
climatbambey 2009 1 6 6 17.4 33.1 19.9 4.8 0 1.5 9.6 387.64
climatbambey 2009 1 7 7 15 28.4 18.2 4 0 1.5 11.5 387.64
climatbambey 2009 1 8 8 14 28.6 19.7 4.1 0 1.7 13.2 387.64
climatbambey 2009 1 9 9 13.1 30.1 20.3 4.3 0 1.5 10.4 387.64
climatbambey 2009 1 10 10 11.2 29.9 19.5 4.2 0 1.5 10 387.64
climatbambey 2009 1 11 11 12 29.5 15.9 3.4 0 1.5 15.3 387.64
climatbambey 2009 1 12 12 13.5 27.5 16 3.7 0 1.9 13.1 387.64
climatbambey 2009 1 13 13 12.6 30 20 4.5 0 1.6 9.2 387.64
climatbambey 2009 1 14 14 14.6 30.6 16.7 4.2 0 1.5 10.7 387.64
climatbambey 2009 1 15 15 16 31.5 16.1 4.2 0 1.6 12.5 387.64
climatbambey 2009 1 16 16 13.6 30.1 19.8 4.8 0 1.7 7.5 387.64
climatbambey 2009 1 17 17 13.4 26.9 19.9 4.6 0 2.3 10.4 387.64
climatbambey 2009 1 18 18 12.3 27.4 20.2 4.1 0 1.5 9.4 387.64
climatbambey 2009 1 19 19 12.1 29 20.2 5.2 0 2.3 8.3 387.64
climatbambey 2009 1 20 20 11 29.6 20.9 4.7 0 1.8 9.4 387.64
climatbambey 2009 1 21 21 11.5 30.1 20 4.5 0 2.6 14.9 387.64
climatbambey 2009 1 22 22 15.5 29.1 19.2 5.8 0 2.6 6.9 387.64
climatbambey 2009 1 23 23 14.6 30.1 18.7 6.2 0 2.5 3.8 387.64
climatbambey 2009 1 24 24 13.5 30.2 17.4 5.3 0 1.9 3.3 387.64
climatbambey 2009 1 25 25 17 27.6 10.8 4.1 0 1.5 4.8 387.64
climatbambey 2009 1 26 26 16.4 32 21.3 5 0 1.7 11.9 387.64
climatbambey 2009 1 27 27 14.9 32.9 21.2 4.9 0 1.9 15.3 387.64
climatbambey 2009 1 28 28 14.4 32.5 21.1 4.6 0 1.9 17.6 387.64
climatbambey 2009 1 29 29 13.9 34 20.9 4.5 0 1.7 18.9 387.64
climatbambey 2009 1 30 30 16 35 19.9 4.5 0 1.6 20.9 387.64
climatbambey 2009 1 31 31 16.3 34.7 19.8 5.3 0 1.8 13 387.64
climatbambey 2009 2 1 32 15.2 33.8 19.6 4.7 0 1.9 17.7 387.64
climatbambey 2009 2 2 33 15.6 30.2 21 4.2 0 2.1 19.4 387.64
climatbambey 2009 2 3 34 14.2 30.4 20.6 4.2 0 2 18.3 387.64
climatbambey 2009 2 4 35 15.2 30.6 21.1 4.1 0 2.1 20.7 387.64
climatbambey 2009 2 5 36 15.1 32.1 19.8 4.3 0 2.5 21.1 387.64
climatbambey 2009 2 6 37 17.1 29.2 18.9 4.3 0 2.7 18.8 387.64
climatbambey 2009 2 7 38 16.1 29.9 19.7 4.8 0 2.3 15 387.64
climatbambey 2009 2 8 39 15.2 32.4 21.3 5.3 0 2 12.8 387.64
climatbambey 2009 2 9 40 17.9 35.4 21.6 5.3 0 1.5 13.8 387.64
climatbambey 2009 2 10 41 16.5 37.6 21.4 5.2 0 1.3 15.6 387.64
climatbambey 2009 2 11 42 18.1 39 21.4 5.5 0 1.3 13.7 387.64
climatbambey 2009 2 12 43 17.3 39 21.9 5.6 0 1.4 15.1 387.64
climatbambey 2009 2 13 44 16.4 37.6 21.7 5.6 0 2.2 21.2 387.64
climatbambey 2009 2 14 45 15.9 32.2 20.7 4.8 0 2.7 20.2 387.64
climatbambey 2009 2 15 46 16.2 29.8 22.2 4.6 0 2.8 19.5 387.64
climatbambey 2009 2 16 47 14.5 30 22.8 4.6 0 2.3 18.4 387.64
climatbambey 2009 2 17 48 13.5 32.6 19.8 4.7 0 2.2 17.2 387.64
climatbambey 2009 2 18 49 14.5 33.1 22.1 4.9 0 1.8 17.7 387.64
climatbambey 2009 2 19 50 14.5 34.6 21.8 5.9 0 2.2 13.3 387.64
climatbambey 2009 2 20 51 16 33.6 22.7 5.7 0 2.7 17.4 387.64
climatbambey 2009 2 21 52 15 34.1 21.7 5.6 0 2.6 17.3 387.64
climatbambey 2009 2 22 53 18.1 37.5 18.6 6.2 0 2.5 16.6 387.64
climatbambey 2009 2 23 54 15.2 34.4 21.5 6.2 0 3 15.5 387.64
climatbambey 2009 2 24 55 17.3 32.4 19.8 5.1 0 2.7 18.8 387.64
climatbambey 2009 2 25 56 16.1 30.4 19.6 4.7 0 2.9 18.4 387.64
climatbambey 2009 2 26 57 15 30.2 22.5 5.1 0 2.7 16.7 387.64
climatbambey 2009 2 27 58 16.1 30.6 22.7 5.2 0 2.6 16.9 387.64
climatbambey 2009 2 28 59 15 32.6 23.2 5.8 0 2.5 15 387.64
climatbambey 2009 3 1 60 16.1 36.2 23.3 6 0 2.2 17.8 387.64
climatbambey 2009 3 2 61 17.5 37.1 23.2 6.5 0 2.4 17.2 387.64
climatbambey 2009 3 3 62 18 36.1 22.7 6.4 0 2.7 18.2 387.64
climatbambey 2009 3 4 63 19.1 36.1 19.7 7.3 0 3 12.6 387.64
climatbambey 2009 3 5 64 22 36.6 23 7.3 0 2.4 11.6 387.64
climatbambey 2009 3 6 65 18 37.1 22.9 7.3 0 2.7 12.9 387.64
climatbambey 2009 3 7 66 19.5 36.1 20.9 6.9 0 2.6 13.6 387.64
climatbambey 2009 3 8 67 19.4 37.1 22.3 6.8 0 3 19.4 387.64
climatbambey 2009 3 9 68 17.1 34.1 22.7 5.9 0 2.7 18.5 387.64
climatbambey 2009 3 10 69 15 30.1 23.9 5 0 2.5 17.8 387.64
climatbambey 2009 3 11 70 13 29.1 24 4.6 0 2.4 17.5 387.64
climatbambey 2009 3 12 71 14.5 29.6 24 5 0 2.9 17.6 387.64
climatbambey 2009 3 13 72 16 33.5 24.2 5.5 0 2.2 19.5 387.64
climatbambey 2009 3 14 73 17.1 35.8 23.3 5.4 0 1.7 20.9 387.64
climatbambey 2009 3 15 74 16.7 32.7 23.7 5 0 1.7 21 387.64
climatbambey 2009 3 16 75 17.2 37.3 24 6.2 0 2.6 22.1 387.64
climatbambey 2009 3 17 76 16.2 33.8 23.9 5.8 0 2.7 19.5 387.64
climatbambey 2009 3 18 77 17 33 24.7 5.9 0 3.2 20.3 387.64
climatbambey 2009 3 19 78 16.2 33.7 24.7 5.6 0 2.9 21.3 387.64
climatbambey 2009 3 20 79 17 35.5 24.5 5.9 0 2.6 21.8 387.64
climatbambey 2009 3 21 80 17.1 36 23.7 6.2 0 2.8 21 387.64
climatbambey 2009 3 22 81 18.3 37 21.5 6 0 2.5 21.3 387.64
climatbambey 2009 3 23 82 18.5 38.5 23.3 6.8 0 3 22.6 387.64
climatbambey 2009 3 24 83 19.6 37.1 24.2 6.5 0 2.9 23.5 387.64
climatbambey 2009 3 25 84 19 35 22.2 5.8 0 2.9 22.5 387.64
climatbambey 2009 3 26 85 18.7 34.8 23.4 6.1 0 3.3 22.3 387.64
climatbambey 2009 3 27 86 18.5 35 24.6 7.1 0 3.4 18.1 387.64
climatbambey 2009 3 28 87 18.1 32.5 23.3 6.2 0 3.1 17.9 387.64
climatbambey 2009 3 29 88 17.3 33.9 24.7 6.3 0 2.8 18.5 387.64
climatbambey 2009 3 30 89 18.2 36.4 24.2 6.3 0 2.4 20.9 387.64
climatbambey 2009 3 31 90 20 37.5 24.2 6.9 0 2.5 19.3 387.64
climatbambey 2009 4 1 91 19.1 35.4 24.9 6.9 0 3 18.6 387.64
climatbambey 2009 4 2 92 18.4 38.5 24.9 6.7 0 2.1 19.8 387.64
climatbambey 2009 4 3 93 19.9 39.8 24.8 8.1 0 2.7 15.6 387.64
climatbambey 2009 4 4 94 18.5 39.1 25.2 7 0 2.3 20 387.64
climatbambey 2009 4 5 95 19.6 40.3 25.2 7.4 0 2.6 21.6 387.64
climatbambey 2009 4 6 96 18.2 39 24.4 7.4 0 3.1 20.5 387.64
climatbambey 2009 4 7 97 17.3 35.6 24.9 6.4 0 3.3 21.6 387.64
climatbambey 2009 4 8 98 17.5 32.5 25.2 5.9 0 3.1 20.6 387.64
climatbambey 2009 4 9 99 17.2 32 23.8 5.8 0 3.4 19.8 387.64
climatbambey 2009 4 10 100 16.5 32.5 25.3 6 0 2.8 18.4 387.64
climatbambey 2009 4 11 101 17.5 34.6 24.8 6.8 0 3.1 17.7 387.64
climatbambey 2009 4 12 102 18 37.5 25.1 7 0 2.8 19.9 387.64
climatbambey 2009 4 13 103 16.5 35.1 25.6 6.2 0 2.7 20.9 387.64
climatbambey 2009 4 14 104 16 35.1 25.7 6.2 0 2.7 20.1 387.64
climatbambey 2009 4 15 105 16.6 35 25.9 6.3 0 2.6 19.9 387.64
climatbambey 2009 4 16 106 17 36.1 25.9 6.5 0 2.9 21.2 387.64
climatbambey 2009 4 17 107 18.1 39.1 24.4 7.6 0 3 18.6 387.64
climatbambey 2009 4 18 108 21.1 40.3 25 8.8 0 2.7 11 387.64
climatbambey 2009 4 19 109 19.4 40.6 25.9 8.4 0 2.5 13.2 387.64
climatbambey 2009 4 20 110 20 40.6 25.1 7.9 0 2.5 17.3 387.64
climatbambey 2009 4 21 111 20.1 42.1 24.6 7.4 0 2.2 21.5 387.64
climatbambey 2009 4 22 112 19.2 42.1 26.1 8.5 0 3.1 20.9 387.64
climatbambey 2009 4 23 113 19.7 43.4 23.5 7.6 0 2.4 22.2 387.64
climatbambey 2009 4 24 114 19 42.4 24.1 7.3 0 2.3 23 387.64
climatbambey 2009 4 25 115 20.9 42.9 22.9 6.9 0 1.9 23.6 387.64
climatbambey 2009 4 26 116 21.2 42 24.5 6.9 0 1.8 23.7 387.64
climatbambey 2009 4 27 117 24.3 41.9 24.8 8.8 0 2.9 19 387.64
climatbambey 2009 4 28 118 20 41.9 25.6 8.2 0 2.7 20.2 387.64
climatbambey 2009 4 29 119 20.4 43.8 24.7 8.8 0 2.9 19.8 387.64
climatbambey 2009 4 30 120 23.6 42.3 24.8 7.4 0 1.9 21.6 387.64
climatbambey 2009 5 1 121 20 43 25.1 7 0 1.8 25.2 387.64
climatbambey 2009 5 2 122 20.2 42.6 26 7.1 0 1.9 25.7 387.64
climatbambey 2009 5 3 123 21.4 44.3 25.7 9.1 0 3.1 21.7 387.64
climatbambey 2009 5 4 124 22.5 43.7 25 9.1 0 2.7 16.2 387.64
climatbambey 2009 5 5 125 19 41.5 24.2 8.9 0 3.1 15.3 387.64
climatbambey 2009 5 6 126 20 37.6 22.8 6.1 0 1.9 21.2 387.64
climatbambey 2009 5 7 127 18.6 34.1 24.2 5.7 0 2.2 22 387.64
climatbambey 2009 5 8 128 17.6 33.1 25.4 5.7 0 1.9 19.1 387.64
climatbambey 2009 5 9 129 17.5 37.1 26 6.9 0 3.2 21.8 387.64
climatbambey 2009 5 10 130 18 36.6 25.7 7.3 0 3.4 19.6 387.64
climatbambey 2009 5 11 131 18.5 38.1 25.5 7 0 2.8 21.9 387.64
climatbambey 2009 5 12 132 20 39.1 23.6 6.5 0 2.2 23.6 387.64
climatbambey 2009 5 13 133 21 38.6 25.1 6.5 0 1.9 24.3 387.64
climatbambey 2009 5 14 134 22 39.5 25 6.8 0 2 23.5 387.64
climatbambey 2009 5 15 135 22 38.9 25.2 7.2 0 2.3 20.9 387.64
climatbambey 2009 5 16 136 21.6 38.1 24.2 7 0 2.6 22.1 387.64
climatbambey 2009 5 17 137 21.4 37.1 15.6 6 0 3.1 21.5 387.64
climatbambey 2009 5 18 138 22.2 40.4 19.6 6.1 0 2.3 27 387.64
climatbambey 2009 5 19 139 19.7 41 24.9 6.7 0 1.9 25.3 387.64
climatbambey 2009 5 20 140 20.9 39.9 24.9 6.7 0 1.9 23.7 387.64
climatbambey 2009 5 21 141 21.6 39.5 24.5 6.8 0 2.3 25.4 387.64
climatbambey 2009 5 22 142 23.4 44.7 16.3 7.3 0 3 25.9 387.64
climatbambey 2009 5 23 143 23.4 42.3 23.4 7.4 0 2.2 22.7 387.64
climatbambey 2009 5 24 144 21.8 38.4 23.5 6.3 0 1.8 22.2 387.64
climatbambey 2009 5 25 145 20.4 36.5 25.1 6.4 0 2.2 22.7 387.64
climatbambey 2009 5 26 146 20.2 39.5 25.1 6.5 0 1.8 23.6 387.64
climatbambey 2009 5 27 147 21.4 41 22.4 6.3 0 1.7 23.6 387.64
climatbambey 2009 5 28 148 21.2 38.8 22.1 6.1 0 2.1 25 387.64
climatbambey 2009 5 29 149 20.7 34.8 24.5 6 0 2.5 24.4 387.64
climatbambey 2009 5 30 150 18.9 34.9 23.8 5.6 0 2.1 23.4 387.64
climatbambey 2009 5 31 151 17.9 34.7 24.8 5.8 0 2.3 22.4 387.64
climatbambey 2009 6 1 152 19 38.1 20 5.8 0 2.5 24.2 387.64
climatbambey 2009 6 2 153 22 41 21.9 6.3 0 1.9 26.1 387.64
climatbambey 2009 6 3 154 27.4 42.1 12.3 5.8 0 2.2 24.4 387.64
climatbambey 2009 6 4 155 25 41.1 14.7 5.6 0 1.6 18.4 387.64
climatbambey 2009 6 5 156 23.1 39.5 19.1 5.8 0 1.7 21.9 387.64
climatbambey 2009 6 6 157 21.5 37.1 21.5 5.8 0 2 24.5 387.64
climatbambey 2009 6 7 158 20 37.8 21.3 5.7 0 1.9 23.5 387.64
climatbambey 2009 6 8 159 21.6 39.6 20.6 6.1 0 2.1 24.6 387.64
climatbambey 2009 6 9 160 21.6 39.1 21.9 6.5 0 2.5 24.7 387.64
climatbambey 2009 6 10 161 22 43.1 19.5 6 0 1.9 28.9 387.64
climatbambey 2009 6 11 162 23 43.6 20.2 7.8 0 2.6 21.2 387.64
climatbambey 2009 6 12 163 19.1 39.2 21.8 6.6 0 2.4 21 387.64
climatbambey 2009 6 13 164 19.5 38.1 20.4 5.7 0 2.1 23.8 387.64
climatbambey 2009 6 14 165 22.4 37.2 21.2 5.7 0 1.9 25.6 387.64
climatbambey 2009 6 15 166 23.5 35.5 16.8 4.9 0 2 25.1 387.64
climatbambey 2009 6 16 167 23.5 37.9 20.2 5.8 0 2.1 26.5 387.64
climatbambey 2009 6 17 168 24 37.7 22.1 5.9 0 2 27.8 387.64
climatbambey 2009 6 18 169 24.6 38.1 21.5 6 0 2.3 29.6 387.64
climatbambey 2009 6 19 170 24.5 36.7 19.7 5.5 0 2.4 29.6 387.64
climatbambey 2009 6 20 171 23.8 37.2 17.4 5.6 0 3.5 29.7 387.64
climatbambey 2009 6 21 172 25.4 34.8 20 5.5 0 3.3 30.5 387.64
climatbambey 2009 6 22 173 25.2 33.9 18.3 5 0 3.1 30.4 387.64
climatbambey 2009 6 23 174 26.1 36.4 17 4.6 69 1.8 33 387.64
climatbambey 2009 6 24 175 23.3 32.2 18.7 4.1 0 1.6 30.7 387.64
climatbambey 2009 6 25 176 24 31.4 21.7 4.7 3.5 1.7 29.5 387.64
climatbambey 2009 6 26 177 24.1 34.2 24.1 5.5 0 2.2 30.9 387.64
climatbambey 2009 6 27 178 24.4 33.8 22.3 5.3 0 2.4 30.4 387.64
climatbambey 2009 6 28 179 24.9 35.5 15 4.2 0 1.9 30.5 387.64
climatbambey 2009 6 29 180 24.1 34.2 19.4 4.6 0 1.7 30.5 387.64
climatbambey 2009 6 30 181 25.6 35.1 14.4 4.7 0 2.5 28.1 387.64
climatbambey 2009 7 1 182 26 36.1 20.8 5.6 23 2.6 31.8 387.64
climatbambey 2009 7 2 183 21 34.6 19.5 4.7 0 2 27.8 387.64
climatbambey 2009 7 3 184 24.4 34.6 22.1 5.2 0 1.6 29.1 387.64
climatbambey 2009 7 4 185 24 37.1 22.9 5.7 0 1.8 30.2 387.64
climatbambey 2009 7 5 186 22.4 30.1 12.4 2.8 22.8 1.4 29.3 387.64
climatbambey 2009 7 6 187 24.5 34.1 21.3 5.3 0 2.3 28.9 387.64
climatbambey 2009 7 7 188 22.5 33.1 19.7 4.7 0 1.9 27.1 387.64
climatbambey 2009 7 8 189 24.6 34.6 16.6 4.3 0 1.6 29.6 387.64
climatbambey 2009 7 9 190 24.4 37.1 23.7 5.5 1.4 1.2 31.2 387.64
climatbambey 2009 7 10 191 25 36.1 21.7 5.3 0 1.9 32 387.64
climatbambey 2009 7 11 192 25.1 34.1 16.3 4.3 0 2 30.3 387.64
climatbambey 2009 7 12 193 24.5 36.9 21.8 5.3 54 1.7 32.7 387.64
climatbambey 2009 7 13 194 22.5 32.2 15.8 3.5 0 1.1 31.1 387.64
climatbambey 2009 7 14 195 25.2 35 23.9 5.5 14.5 1.6 31.4 387.64
climatbambey 2009 7 15 196 22.6 32.8 20.5 4.4 7.1 1.3 29.9 387.64
climatbambey 2009 7 16 197 24.9 34.5 24.1 5.4 0 1.6 32.1 387.64
climatbambey 2009 7 17 198 26.1 34.7 20.6 4.9 0 1.7 34.1 387.64
climatbambey 2009 7 18 199 25.6 32.9 19.8 4.6 0 2 32.9 387.64
climatbambey 2009 7 19 200 25 32.4 19.8 4.8 5.5 2.6 30.3 387.64
climatbambey 2009 7 20 201 24 30.5 16.4 3.6 13 1.5 30.7 387.64
climatbambey 2009 7 21 202 25 31.9 12.2 2.9 9.6 1.1 33.6 387.64
climatbambey 2009 7 22 203 25.1 33.8 22.1 4.9 0 1.4 33.3 387.64
climatbambey 2009 7 23 204 25.2 34.9 21.6 5 0 1.4 32.8 387.64
climatbambey 2009 7 24 205 25.6 34.1 21.2 4.9 0 1.7 33.2 387.64
climatbambey 2009 7 25 206 26.3 34.1 19.8 4.8 0 1.9 32.8 387.64
climatbambey 2009 7 26 207 25.7 33.9 23.3 5.3 0 1.7 31.7 387.64
climatbambey 2009 7 27 208 25 34.1 21.6 5 10.9 1.5 30.4 387.64
climatbambey 2009 7 28 209 25.2 32.6 21.5 4.7 13.8 1.6 32.3 387.64
climatbambey 2009 7 29 210 22.5 33.5 15.8 3.7 0 1.2 29.9 387.64
climatbambey 2009 7 30 211 25.1 34.1 12.2 3.3 0 1.4 32.1 387.64
climatbambey 2009 7 31 212 25 35.1 19.5 4.6 0 1.2 31.7 387.64
climatbambey 2009 8 1 213 25 34.6 22.4 5.5 0 2.6 31.5 387.64
climatbambey 2009 8 2 214 25 34.6 20.3 4.9 0 2 32.1 387.64
climatbambey 2009 8 3 215 22.5 32.6 18.6 4.2 5.5 1.6 29.4 387.64
climatbambey 2009 8 4 216 25.5 34.1 20.9 4.8 0 1.8 34.2 387.64
climatbambey 2009 8 5 217 25 33.6 24.2 5.4 0 1.4 30.6 387.64
climatbambey 2009 8 6 218 24 35.1 22.8 5.5 10 2.3 30.6 387.64
climatbambey 2009 8 7 219 21.5 32.1 21.3 4.5 2.3 1.9 28.5 387.64
climatbambey 2009 8 8 220 25.4 34.6 17.9 4.3 14 1.6 33.7 387.64
climatbambey 2009 8 9 221 24.4 31.4 20.7 4.4 0 1.2 31.6 387.64
climatbambey 2009 8 10 222 24.5 33.6 24.7 5.5 0 1.9 31.1 387.64
climatbambey 2009 8 11 223 23.5 35.1 24.5 5.6 12.9 2 30.8 387.64
climatbambey 2009 8 12 224 22 33.1 18.6 4.3 1.2 1.7 28.5 387.64
climatbambey 2009 8 13 225 22.2 33 18.4 4.1 0 1.1 28.8 387.64
climatbambey 2009 8 14 226 24 34.1 22.3 5 0 1.6 31.1 387.64
climatbambey 2009 8 15 227 22.9 34 16.5 4 9.3 1.3 29.1 387.64
climatbambey 2009 8 16 228 23.5 33.1 24.8 5.3 0 1.6 29.8 387.64
climatbambey 2009 8 17 229 23.6 34.7 21 4.9 0 1.7 30.9 387.64
climatbambey 2009 8 18 230 25.4 34.6 21.2 5.1 5.8 2 32 387.64
climatbambey 2009 8 19 231 21.7 31.9 17.6 4 0 2.6 28.7 387.64
climatbambey 2009 8 20 232 24.7 35.1 22.6 5.2 0 1.5 32.3 387.64
climatbambey 2009 8 21 233 25.9 35.4 21.5 5 47 1.1 33.7 387.64
climatbambey 2009 8 22 234 21.7 32.4 19.1 4.1 1.3 1.4 29.3 387.64
climatbambey 2009 8 23 235 23.7 32.7 20.2 4.4 3.6 1.4 31.4 387.64
climatbambey 2009 8 24 236 24.1 33.3 19.9 4.6 17.4 1.7 30.7 387.64
climatbambey 2009 8 25 237 22 31.8 18.2 3.9 2.5 1.9 29.8 387.64
climatbambey 2009 8 26 238 25.4 32.1 25.2 5.3 0 1.7 32.8 387.64
climatbambey 2009 8 27 239 25 34.4 21 4.8 41 1.5 33.2 387.64
climatbambey 2009 8 28 240 22.1 32 17.3 3.9 29.4 1.6 28.4 387.64
climatbambey 2009 8 29 241 22.3 31.9 17 3.7 0 1.2 30.1 387.64
climatbambey 2009 8 30 242 24.2 34.1 23.6 5.1 0 1.4 33.5 387.64
climatbambey 2009 8 31 243 21.6 33.1 23.3 4.8 40.4 1.2 30.6 387.64
climatbambey 2009 9 1 244 22.4 32.1 23.3 4.8 0 1.1 29.3 387.64
climatbambey 2009 9 2 245 24 34.1 21.1 4.6 3.6 1.2 32.3 387.64
climatbambey 2009 9 3 246 21.4 31.6 16.3 3.6 0 1.2 28.4 387.64
climatbambey 2009 9 4 247 24.1 32.6 22.3 4.9 4.6 2.1 30.7 387.64
climatbambey 2009 9 5 248 21.1 31.1 15.7 3.5 12 1.3 27.2 387.64
climatbambey 2009 9 6 249 22.6 32.1 19.3 4.1 14 1.4 30.9 387.64
climatbambey 2009 9 7 250 23.4 33 23.8 5 1.8 1.4 31.7 387.64
climatbambey 2009 9 8 251 24.4 30.6 16.7 3.5 9.4 1.4 32.3 387.64
climatbambey 2009 9 9 252 24 30.1 17.6 3.6 34.1 1.1 32.5 387.64
climatbambey 2009 9 10 253 23.5 32.1 19 4.1 13.1 1.1 30.3 387.64
climatbambey 2009 9 11 254 23.1 33.1 24.7 5.1 27 1.1 31.4 387.64
climatbambey 2009 9 12 255 23.5 33.1 22 4.7 1 1.1 31.3 387.64
climatbambey 2009 9 13 256 24.5 33.1 15.3 3.5 2.8 0.8 32.3 387.64
climatbambey 2009 9 14 257 24.6 33.1 17.3 3.8 4.6 0.8 32.4 387.64
climatbambey 2009 9 15 258 22.5 34.1 22.7 4.8 0 1 29.8 387.64
climatbambey 2009 9 16 259 22.6 32.1 12.5 2.9 15 1.3 30.9 387.64
climatbambey 2009 9 17 260 21.6 32.6 18.7 4 0.8 1.2 28.5 387.64
climatbambey 2009 9 18 261 23.4 31.6 14.2 3.3 3.4 1.2 29.5 387.64
climatbambey 2009 9 19 262 24.4 32.9 17.5 3.9 0 1.5 32.6 387.64
climatbambey 2009 9 20 263 24.6 33.5 13.3 3.4 0 1.5 31.7 387.64
climatbambey 2009 9 21 264 24.2 34.6 18.8 4.5 0 2 32 387.64
climatbambey 2009 9 22 265 23.2 34 15 3.5 3.4 1 30.5 387.64
climatbambey 2009 9 23 266 23 32.5 20.5 4.3 0 1.3 30.7 387.64
climatbambey 2009 9 24 267 24.9 33.6 16.5 3.8 0 0.9 32.1 387.64
climatbambey 2009 9 25 268 21.5 30.4 11.5 2.6 6.2 1.2 28.8 387.64
climatbambey 2009 9 26 269 24.1 33.8 22.6 4.8 3.3 1.3 33.1 387.64
climatbambey 2009 9 27 270 23.3 34.2 20.8 4.6 0 1.2 30.8 387.64
climatbambey 2009 9 28 271 25.8 36.2 21.1 4.8 0 1 35.9 387.64
climatbambey 2009 9 29 272 26.2 37.2 22.1 5.1 0 1 36.9 387.64
climatbambey 2009 9 30 273 25.5 33.5 20.3 4.5 0 1.2 33 387.64
climatbambey 2009 10 1 274 24.2 35.5 18.6 4.2 0 0.8 33 387.64
climatbambey 2009 10 2 275 25.2 36.2 21.9 4.9 0 1.2 35.3 387.64
climatbambey 2009 10 3 276 26 36 22.5 5.2 0 1.4 34.8 387.64
climatbambey 2009 10 4 277 25 37 21.2 4.9 0 1.3 35.5 387.64
climatbambey 2009 10 5 278 25.6 39.2 22.8 5.6 0 1.5 36.2 387.64
climatbambey 2009 10 6 279 25.4 36.5 20.8 5 0 1.7 34.7 387.64
climatbambey 2009 10 7 280 25.2 35.2 21.8 4.9 0 1.5 35.2 387.64
climatbambey 2009 10 8 281 23.2 37.2 19.9 4.5 0 1 33.9 387.64
climatbambey 2009 10 9 282 25.3 38.6 22.1 5.3 0 1.3 35.8 387.64
climatbambey 2009 10 10 283 25 39 21.8 5.3 0 1.3 33.8 387.64
climatbambey 2009 10 11 284 25 39.4 21.8 5.3 0 1.1 33.2 387.64
climatbambey 2009 10 12 285 23.4 39.1 22 5.3 0 1.2 30.5 387.64
climatbambey 2009 10 13 286 22 36.6 21.4 4.8 0 1.1 30.2 387.64
climatbambey 2009 10 14 287 22.1 36.6 22.1 4.9 0 1.2 29.6 387.64
climatbambey 2009 10 15 288 22 37.4 17.7 4.4 0 1.5 29.8 387.64
climatbambey 2009 10 16 289 23.4 39.4 21.1 5.4 0 1.4 28.5 387.64
climatbambey 2009 10 17 290 22.6 35.6 16.3 3.9 0 1.3 29.6 387.64
climatbambey 2009 10 18 291 24 31.1 10.8 2.8 0 1.2 28.3 387.64
climatbambey 2009 10 19 292 23 35.2 17.6 4.2 0 1.5 29.2 387.64
climatbambey 2009 10 20 293 22.8 38.1 21.7 5.4 0 1.6 27.9 387.64
climatbambey 2009 10 21 294 23.5 38.6 22 5.1 0 1.1 30.6 387.64
climatbambey 2009 10 22 295 21 38.6 21.8 5.2 0 1.3 26.6 387.64
climatbambey 2009 10 23 296 20.5 40.1 22.1 5.5 0 1.4 25.9 387.64
climatbambey 2009 10 24 297 21.5 39.1 17.9 5 0 1.3 19.6 387.64
climatbambey 2009 10 25 298 23.5 35.6 21.3 4.8 0 1.2 28.7 387.64
climatbambey 2009 10 26 299 25.5 36.5 15.9 4 0 1.3 32.8 387.64
climatbambey 2009 10 27 300 24.8 34 16.5 3.7 0 1.1 33.4 387.64
climatbambey 2009 10 28 301 24 37.6 20 5 0 1.7 30.4 387.64
climatbambey 2009 10 29 302 23 38.2 20.4 4.8 10 1.1 30.3 387.64
climatbambey 2009 10 30 303 23.7 36.8 19.9 4.6 0 1.1 29.7 387.64
climatbambey 2009 10 31 304 17 37 19.7 4.6 0 1.2 20.5 387.64
climatbambey 2009 11 1 305 16.8 38.2 21 4.7 0 1.1 21.7 387.64
climatbambey 2009 11 2 306 21 33.5 19.5 4.3 0 1.3 24.8 387.64
climatbambey 2009 11 3 307 22.5 29.5 10.1 2.3 1.2 0.8 28.1 387.64
climatbambey 2009 11 4 308 23.7 37 20.5 4.8 0 1.2 29.2 387.64
climatbambey 2009 11 5 309 24.5 39.2 20.7 5.2 0 1.3 26.6 387.64
climatbambey 2009 11 6 310 21.7 38 21.3 5.5 0 1.7 22.3 387.64
climatbambey 2009 11 7 311 22 36.3 21.5 5 0 1.3 22 387.64
climatbambey 2009 11 8 312 19.5 37.5 21.2 4.7 0 1.1 23.5 387.64
climatbambey 2009 11 9 313 20 38.4 20.9 4.8 0 1.1 24.9 387.64
climatbambey 2009 11 10 314 20.2 38.1 19.7 4.5 0 1.1 25.9 387.64
climatbambey 2009 11 11 315 22 37.1 19.4 4.5 0 1.3 28.1 387.64
climatbambey 2009 11 12 316 22.1 37.1 17.3 4.2 0 1.2 26.7 387.64
climatbambey 2009 11 13 317 22 38.2 18.3 4.7 0 1.2 21.5 387.64
climatbambey 2009 11 14 318 20.1 38.4 18.1 5.2 0 1.8 20.5 387.64
climatbambey 2009 11 15 319 20 36.1 20.4 5.1 0 1.3 8.1 387.64
climatbambey 2009 11 16 320 15 37.1 20.1 4.3 0 0.9 14.8 387.64
climatbambey 2009 11 17 321 18.4 37.1 16.6 4.2 0 1.1 17.1 387.64
climatbambey 2009 11 18 322 20.5 33.6 9.7 2.9 0 0.8 16.6 387.64
climatbambey 2009 11 19 323 20 38.2 18 4.5 0 1.1 19.5 387.64
climatbambey 2009 11 20 324 20.5 37.1 14.6 4.5 0 1.5 16.8 387.64
climatbambey 2009 11 21 325 19.5 37.1 17 5 0 1.4 9 387.64
climatbambey 2009 11 22 326 17.6 38.1 17.9 5.7 0 1.7 8.2 387.64
climatbambey 2009 11 23 327 18.6 35.7 19.6 5 0 1.4 9.5 387.64
climatbambey 2009 11 24 328 17.4 35.8 20 4.6 0 1.1 9.9 387.64
climatbambey 2009 11 25 329 16.5 37.2 19.3 4.5 0 1.1 14.7 387.64
climatbambey 2009 11 26 330 20.5 37.2 15.8 4.3 0 1.2 16.7 387.64
climatbambey 2009 11 27 331 20.3 35.6 18.5 4.3 0 1.1 15.8 387.64
climatbambey 2009 11 28 332 19.9 34.5 13.4 3.2 0 0.8 18.9 387.64
climatbambey 2009 11 29 333 18 36.4 16.2 3.6 0 0.8 20.6 387.64
climatbambey 2009 11 30 334 21.5 34.8 9.3 2.6 0 0.8 22.7 387.64
climatbambey 2009 12 1 335 21.5 32.4 9.3 2.4 0 0.7 21.9 387.64
climatbambey 2009 12 2 336 21 34.5 9.5 2.7 0 0.9 22 387.64
climatbambey 2009 12 3 337 21.8 36.5 16.5 4.3 0 1.2 16.4 387.64
climatbambey 2009 12 4 338 22.2 35.5 17.6 4.8 0 1.4 12.5 387.64
climatbambey 2009 12 5 339 18.5 36.5 16.4 4.1 0 1.2 17.6 387.64
climatbambey 2009 12 6 340 16.5 37.4 18.4 4.1 0 1.1 21.5 387.64
climatbambey 2009 12 7 341 21.2 34.5 10.2 3.5 0 1.2 15.4 387.64
climatbambey 2009 12 8 342 25.5 30.2 9.2 3.2 0 1.2 17.2 387.64
climatbambey 2009 12 9 343 21.8 34.8 19.3 4.3 0 1.2 23.3 387.64
climatbambey 2009 12 10 344 14.6 33 18.7 4.1 0 1.3 14.6 387.64
climatbambey 2009 12 11 345 17 33.5 19.3 4.7 0 1.5 11.6 387.64
climatbambey 2009 12 12 346 17.5 29.3 9.2 2.6 0 1 15.1 387.64
climatbambey 2009 12 13 347 12.5 30.4 16.6 3.3 0 1.3 17 387.64
climatbambey 2009 12 14 348 15 30.2 14.2 2.9 0 1.1 18.9 387.64
climatbambey 2009 12 15 349 16.1 32.1 18.7 3.8 0 1.4 19.4 387.64
climatbambey 2009 12 16 350 16.1 34.6 19 4.1 0 1.3 19.6 387.64
climatbambey 2009 12 17 351 19 37.4 15.6 4.4 0 1.6 20.3 387.64
climatbambey 2009 12 18 352 22 36.1 13.5 4.1 0 1.4 18.3 387.64
climatbambey 2009 12 19 353 20.5 38.6 16.2 4.7 0 1.5 19 387.64
climatbambey 2009 12 20 354 21.5 39.1 15.6 4.1 0 1.1 22 387.64
climatbambey 2009 12 21 355 18 38.1 13.6 3.7 0 1 19 387.64
climatbambey 2009 12 22 356 18.5 37.8 19.6 4.7 0 1.3 17.5 387.64
climatbambey 2009 12 23 357 18 37.9 19.8 4.8 0 1.3 17.9 387.64
climatbambey 2009 12 24 358 17 36.6 19.7 4.6 0 1.5 20.1 387.64
climatbambey 2009 12 25 359 17 34.6 19.4 4.4 0 1.8 21.4 387.64
climatbambey 2009 12 26 360 16.6 37.4 19.1 4.5 0 1.4 20.5 387.64
climatbambey 2009 12 27 361 15.6 38.9 18.8 4.7 0 1.4 18.3 387.64
climatbambey 2009 12 28 362 17 38.8 19.6 4.9 0 1.2 10.1 387.64
climatbambey 2009 12 29 363 15.8 38.6 19.7 4.9 0 1.2 8.7 387.64
climatbambey 2009 12 30 364 16 38.6 19.8 4.7 0 1.2 15.1 387.64
climatbambey 2009 12 31 365 17 38.6 19.4 4.7 0 1.3 19.2 387.64
