ntarla 1998 1 2 2 18.3 31.5 16.8 -999.99 0 4.8 0.4 366.84
ntarla 1998 1 3 3 17.7 34 18.7 -999.99 0 4.2 0.8 366.84
ntarla 1998 1 4 4 14.3 35.2 12.2 -999.99 0 3.8 0.7 366.84
ntarla 1998 1 5 5 14.2 35.8 15.8 -999.99 0 3.6 0.5 366.84
ntarla 1998 1 6 6 13.8 33.5 17.6 -999.99 0 4 0.5 366.84
ntarla 1998 1 7 7 12.7 31.8 16 -999.99 0 4.3 0.3 366.84
ntarla 1998 1 8 8 13.2 33.1 18.3 -999.99 0 3.1 0.4 366.84
ntarla 1998 1 9 9 14.1 35 15.1 -999.99 0 3.1 0.4 366.84
ntarla 1998 1 10 10 14.3 36 9.7 -999.99 0 3.1 0.5 366.84
ntarla 1998 1 11 11 15.2 37 16.6 -999.99 0 3.9 0.5 366.84
ntarla 1998 1 12 12 15.1 33 17.5 -999.99 0 3.3 0.4 366.84
ntarla 1998 1 13 13 13.7 34 7.6 -999.99 0 3 0.5 366.84
ntarla 1998 1 14 14 12.7 34.1 17.9 -999.99 0 3.6 0.5 366.84
ntarla 1998 1 15 15 12.2 33.6 20 -999.99 0 4.5 0.4 366.84
ntarla 1998 1 16 16 10.9 35.1 19.1 -999.99 0 4.7 0.3 366.84
ntarla 1998 1 17 17 9.7 35.7 19.9 -999.99 0 4.2 0.2 366.84
ntarla 1998 1 18 18 9.2 36.5 9.1 -999.99 0 4.2 0.2 366.84
ntarla 1998 1 19 19 9.2 35.9 16.6 -999.99 0 4.2 0.3 366.84
ntarla 1998 1 20 20 8.7 35.5 16 -999.99 0 4.1 0.3 366.84
ntarla 1998 1 21 21 9.2 35.5 17.2 -999.99 0 4.1 0.3 366.84
ntarla 1998 1 22 22 9.2 37 9.9 -999.99 0 3.4 0.2 366.84
ntarla 1998 1 23 23 9.7 38.7 7.8 -999.99 0 2.5 0.2 366.84
ntarla 1998 1 24 24 10.8 40 17.1 -999.99 0 1.8 0.3 366.84
ntarla 1998 1 25 25 12.2 40.9 20.2 -999.99 0 2.1 0.3 366.84
ntarla 1998 1 26 26 12 41.2 20.8 -999.99 0 2.6 0.3 366.84
ntarla 1998 1 27 27 15.2 41.1 20.8 -999.99 0 2.2 0.4 366.84
ntarla 1998 1 28 28 15.2 41.7 21.4 -999.99 0 1.9 0.5 366.84
ntarla 1998 1 29 29 19.7 39.1 16.2 -999.99 0 3.1 0.6 366.84
ntarla 1998 1 30 30 16.7 40.5 21.5 -999.99 0 2.5 0.4 366.84
ntarla 1998 1 31 31 17.2 42.5 21.9 -999.99 0 2.7 0.6 366.84
ntarla 1998 2 1 32 17.9 43.3 21.5 -999.99 0 3.5 0.5 366.84
ntarla 1998 2 2 33 16.4 44.2 16.5 -999.99 0 3.6 0.7 366.84
ntarla 1998 2 3 34 17.5 44.4 19.3 -999.99 0 3 0.5 366.84
ntarla 1998 2 4 35 17.1 45.7 21.2 -999.99 0 4.5 0.6 366.84
ntarla 1998 2 5 36 17.9 45.2 21.7 -999.99 0 4.6 1.2 366.84
ntarla 1998 2 6 37 18.4 44.2 21 -999.99 0 3.9 0.7 366.84
ntarla 1998 2 7 38 19.5 43.7 20 -999.99 0 3 1.2 366.84
ntarla 1998 2 8 39 19.4 42.7 15.6 -999.99 0 4 1.1 366.84
ntarla 1998 2 9 40 18.9 44.3 20.1 -999.99 0 2.8 1 366.84
ntarla 1998 2 10 41 20.4 43.3 17.1 -999.99 0 2.7 1 366.84
ntarla 1998 2 11 42 18.4 43.2 17.4 -999.99 0 1.3 2.5 366.84
ntarla 1998 2 12 43 19.5 41.3 17.2 -999.99 0 2.5 5.2 366.84
ntarla 1998 2 13 44 23.4 41.5 17.4 -999.99 0 3.1 3 366.84
ntarla 1998 2 14 45 21.4 40.4 17.7 -999.99 0 5 1.8 366.84
ntarla 1998 2 15 46 17.1 39.2 21.3 -999.99 0 4.4 1.3 366.84
ntarla 1998 2 16 47 16.9 39.2 22.2 -999.99 0 3.5 0.9 366.84
ntarla 1998 2 17 48 15.4 40.2 21.8 -999.99 0 4.1 0.7 366.84
ntarla 1998 2 18 49 15.4 40.9 22 -999.99 0 4 0.6 366.84
ntarla 1998 2 19 50 14.5 40.2 21.9 -999.99 0 3.8 0.4 366.84
ntarla 1998 2 20 51 13.9 40.3 22.1 -999.99 0 3.7 0.4 366.84
ntarla 1998 2 21 52 14 40.8 21.6 -999.99 0 4.2 0.4 366.84
ntarla 1998 2 22 53 18.9 38.7 23.4 -999.99 0 4.8 0.7 366.84
ntarla 1998 2 23 54 14.4 39.3 22.7 -999.99 0 3.8 0.5 366.84
ntarla 1998 2 24 55 16.7 38.4 23.2 -999.99 0 3.5 0.6 366.84
ntarla 1998 2 25 56 17.4 40.2 21.4 -999.99 0 3.1 0.6 366.84
ntarla 1998 2 26 57 16.2 40.9 21 -999.99 0 3.8 0.4 366.84
ntarla 1998 2 27 58 15.9 41.8 17.2 -999.99 0 4.2 0.3 366.84
ntarla 1998 2 28 59 15.4 42.7 19.7 -999.99 0 4.2 0.3 366.84
ntarla 1998 3 1 60 15.6 42.3 17.8 -999.99 0 3.7 0.3 366.84
ntarla 1998 3 2 61 15.1 42 15 -999.99 0 3.8 0.4 366.84
ntarla 1998 3 3 62 16.6 41.6 16.3 -999.99 0 4.2 0.4 366.84
ntarla 1998 3 4 63 15.1 40 19.9 -999.99 0 4.9 0.3 366.84
ntarla 1998 3 5 64 15.1 40.3 22.4 -999.99 0 4.4 0.4 366.84
ntarla 1998 3 6 65 20.1 40 20.8 -999.99 0 3.9 0.3 366.84
ntarla 1998 3 7 66 21.8 39.2 21.1 -999.99 0 3.8 0.3 366.84
ntarla 1998 3 8 67 22.6 39.4 17.8 -999.99 0 3.7 0.5 366.84
ntarla 1998 3 9 68 24.8 40.8 18.3 -999.99 0 3.4 0.4 366.84
ntarla 1998 3 10 69 20.3 42.5 19.9 -999.99 0 3.4 0.4 366.84
ntarla 1998 3 11 70 18.3 43.3 22.2 -999.99 0 2.9 0.4 366.84
ntarla 1998 3 12 71 17.6 43.8 21.6 -999.99 0 3.3 0.4 366.84
ntarla 1998 3 13 72 18.1 43.5 21.4 -999.99 0 1.7 0.5 366.84
ntarla 1998 3 14 73 20.6 41.8 21.7 -999.99 0 2.6 0.5 366.84
ntarla 1998 3 15 74 22.1 39.4 21.6 -999.99 0 3.9 0.9 366.84
ntarla 1998 3 16 75 22.6 37.6 21.9 -999.99 0 3.9 0.8 366.84
ntarla 1998 3 17 76 17.6 39.3 22.7 -999.99 0 3.5 0.5 366.84
ntarla 1998 3 18 77 19.6 42 23.8 -999.99 0 3 0.5 366.84
ntarla 1998 3 19 78 20.6 42.8 22 -999.99 0 3.5 0.8 366.84
ntarla 1998 3 20 79 22.7 43.8 21.1 -999.99 0 3.6 0.7 366.84
ntarla 1998 3 21 80 25.1 44.1 19.3 -999.99 0 3.7 1.1 366.84
ntarla 1998 3 22 81 25.1 39.8 22.6 -999.99 0 3.8 0.8 366.84
ntarla 1998 3 23 82 22.1 44.8 22.8 -999.99 0 3.7 0.7 366.84
ntarla 1998 3 24 83 22.6 45 23.7 -999.99 0 3.7 0.5 366.84
ntarla 1998 3 25 84 20.5 45.3 23.1 -999.99 0 3.8 0.5 366.84
ntarla 1998 3 26 85 18.6 45 11.6 -999.99 0 3.2 0.8 366.84
ntarla 1998 3 27 86 20.1 45.4 16.4 -999.99 0 3.2 0.4 366.84
ntarla 1998 3 28 87 22.6 44.8 21.2 -999.99 0 2.3 1.5 366.84
ntarla 1998 3 29 88 23.1 45.8 21.4 -999.99 0 2.5 1.1 366.84
ntarla 1998 3 30 89 23.6 45 24.6 -999.99 0 2.8 6.1 366.84
ntarla 1998 3 31 90 23.6 45 24.8 -999.99 0 2.2 6.1 366.84
ntarla 1998 4 1 91 27.3 44.5 24.4 -999.99 0 2.7 2.5 366.84
ntarla 1998 4 2 92 29.3 44 24.3 -999.99 0 1.5 5.1 366.84
ntarla 1998 4 3 93 32.3 42.5 14.7 -999.99 0 2.7 5.6 366.84
ntarla 1998 4 4 94 25.8 41.5 23.8 -999.99 0 1.4 4.6 366.84
ntarla 1998 4 5 95 29.3 41.5 24.6 -999.99 0 2.6 6.8 366.84
ntarla 1998 4 6 96 28.8 45.5 25.3 -999.99 0 2.4 6.8 366.84
ntarla 1998 4 7 97 29.3 45.5 23.3 -999.99 0 1.6 14.1 366.84
ntarla 1998 4 8 98 28.3 44.5 22.6 -999.99 0 2 13.3 366.84
ntarla 1998 4 9 99 29.8 45.5 23.1 -999.99 0 3.1 12.2 366.84
ntarla 1998 4 10 100 31.3 39.5 24.4 -999.99 0 2.2 4.8 366.84
ntarla 1998 4 11 101 30.3 41.5 23.6 -999.99 0 2.1 12.2 366.84
ntarla 1998 4 12 102 30.3 42.5 22.5 -999.99 0 0.9 3 366.84
ntarla 1998 4 13 103 27.8 45.5 21 -999.99 0 2.2 2.7 366.84
ntarla 1998 4 14 104 24.8 46 19.1 -999.99 0 2.2 6.3 366.84
ntarla 1998 4 15 105 26.3 45 23.8 -999.99 0 2.8 9.5 366.84
ntarla 1998 4 16 106 27.8 44.5 19.6 -999.99 0 1.5 6.1 366.84
ntarla 1998 4 17 107 29.3 46.5 22.8 -999.99 0 2.4 5.9 366.84
ntarla 1998 4 18 108 32.3 46.5 24.1 -999.99 0 4.3 12.4 366.84
ntarla 1998 4 19 109 32.3 44.5 25.1 -999.99 0 4.3 12 366.84
ntarla 1998 4 20 110 31.3 43.5 21.9 -999.99 0 3.7 10.4 366.84
ntarla 1998 4 21 111 34.3 45.5 20.7 -999.99 0 2.4 18 366.84
ntarla 1998 4 22 112 24.3 31.5 22.7 -999.99 0 0.5 2.7 366.84
ntarla 1998 4 23 113 29.3 44.5 20.8 -999.99 0 1.8 13.4 366.84
ntarla 1998 4 24 114 28.3 39.5 11.6 -999.99 0 1.7 6.6 366.84
ntarla 1998 4 25 115 27.8 43.5 26.2 -999.99 0 0.9 3.7 366.84
ntarla 1998 4 26 116 28.3 44.5 26 -999.99 0 0.7 4.3 366.84
ntarla 1998 4 27 117 25.3 43.5 25.5 -999.99 0 0.8 2.4 366.84
ntarla 1998 4 28 118 27.8 44.5 18.8 -999.99 0 3.1 6.8 366.84
ntarla 1998 4 29 119 28.3 44.5 20.5 -999.99 0 3.8 8.3 366.84
ntarla 1998 4 30 120 29.3 41.5 20.6 -999.99 0 3.8 6.3 366.84
ntarla 1998 5 1 121 29 43.6 23.3 -999.99 0 3.7 10.9 366.84
ntarla 1998 5 2 122 30 43.6 18.7 -999.99 0 2.9 6.6 366.84
ntarla 1998 5 3 123 31.5 44 25 -999.99 0 2.2 14.7 366.84
ntarla 1998 5 4 124 32.5 39.6 24.6 -999.99 4 1.6 12.9 366.84
ntarla 1998 5 5 125 30 31.6 20.5 -999.99 8.6 2.3 5.7 366.84
ntarla 1998 5 6 126 26.5 40.6 24.4 -999.99 0 1.7 8.8 366.84
ntarla 1998 5 7 127 29 43.1 21.8 -999.99 0 1 9.6 366.84
ntarla 1998 5 8 128 29 44.6 24.9 -999.99 0 1.4 5.6 366.84
ntarla 1998 5 9 129 30.6 44.1 22.3 -999.99 0 2.2 16.3 366.84
ntarla 1998 5 10 130 30 43.6 25.1 -999.99 0 2.9 10.8 366.84
ntarla 1998 5 11 131 30 45.1 25.9 -999.99 0 2.2 6.1 366.84
ntarla 1998 5 12 132 29 43.2 22.1 -999.99 67 3.5 13.3 366.84
ntarla 1998 5 13 133 22.5 31.2 25.5 -999.99 9 3.3 3.7 366.84
ntarla 1998 5 14 134 26 38.6 25.4 -999.99 0 2 5.3 366.84
ntarla 1998 5 15 135 28.5 40.8 23.1 -999.99 2.7 1.5 6.1 366.84
ntarla 1998 5 16 136 27.5 39.1 17 -999.99 0.7 2.5 5.9 366.84
ntarla 1998 5 17 137 27.5 36.1 19.9 -999.99 0.2 1.8 5.2 366.84
ntarla 1998 5 18 138 28 34.6 22.3 -999.99 0 1.2 5.1 366.84
ntarla 1998 5 19 139 27 40.8 22.1 -999.99 0 1.6 3.8 366.84
ntarla 1998 5 20 140 28.2 40.6 19.1 -999.99 0 0.5 2.4 366.84
ntarla 1998 5 21 141 29.5 42.1 24.9 -999.99 0 2.9 10.6 366.84
ntarla 1998 5 22 142 30 40 23 -999.99 0 3 9.4 366.84
ntarla 1998 5 23 143 30.5 42.6 19.9 -999.99 0 2.7 7.8 366.84
ntarla 1998 5 24 144 28 39.2 19 -999.99 0 2.5 3.9 366.84
ntarla 1998 5 25 145 29 42.6 25.3 -999.99 0 2.7 8.5 366.84
ntarla 1998 5 26 146 29 43.6 21.1 -999.99 4.9 2.8 11.2 366.84
ntarla 1998 5 27 147 28.6 42.7 24.7 -999.99 2.1 2.5 9.2 366.84
ntarla 1998 5 28 148 27.3 34.1 19.7 -999.99 32.9 2.2 3.4 366.84
ntarla 1998 5 29 149 25.3 35.6 24.5 -999.99 0 2 4.6 366.84
ntarla 1998 5 30 150 27.5 37.8 19.4 -999.99 0 2.7 5.7 366.84
ntarla 1998 5 31 151 30 39.8 24.3 -999.99 0 2.6 7 366.84
ntarla 1998 6 1 152 29.9 33 23 -999.99 5.8 2.8 9 366.84
ntarla 1998 6 2 153 25.2 36.1 24.5 -999.99 0 2.4 5.6 366.84
ntarla 1998 6 3 154 24.7 35.8 21.4 -999.99 5.9 2.6 8.2 366.84
ntarla 1998 6 4 155 25.2 35.3 21.2 -999.99 0 3 4.5 366.84
ntarla 1998 6 5 156 25.7 37.3 22.7 -999.99 7.4 2.2 5 366.84
ntarla 1998 6 6 157 23.7 35.3 20.6 -999.99 0 1.5 3.5 366.84
ntarla 1998 6 7 158 24.7 39.4 24.4 -999.99 5 3.4 8.3 366.84
ntarla 1998 6 8 159 24.7 33.3 13.4 -999.99 1 2.9 4.6 366.84
ntarla 1998 6 9 160 25.7 36.8 25.6 -999.99 13.6 1.9 5.2 366.84
ntarla 1998 6 10 161 24.2 37 23.1 -999.99 0 2.1 4.2 366.84
ntarla 1998 6 11 162 26.9 38 24.7 -999.99 2.4 1.8 7.6 366.84
ntarla 1998 6 12 163 27.7 38.4 23.5 -999.99 0 1.9 7.6 366.84
ntarla 1998 6 13 164 24.2 39.4 24.4 -999.99 0 1.3 6.4 366.84
ntarla 1998 6 14 165 28 39.8 9.4 -999.99 0 2.6 5.8 366.84
ntarla 1998 6 15 166 28.2 38.5 19.3 -999.99 0 2.6 6.2 366.84
ntarla 1998 6 16 167 27.2 39 16.1 -999.99 5.1 2.1 7.6 366.84
ntarla 1998 6 17 168 25.2 38 20.5 -999.99 0 1 4.3 366.84
ntarla 1998 6 18 169 27.7 41.8 23.3 -999.99 0 2.5 5.9 366.84
ntarla 1998 6 19 170 29.7 35.3 16.2 -999.99 0 3.6 10 366.84
ntarla 1998 6 20 171 28.2 37.4 23 -999.99 0 2.5 12.3 366.84
ntarla 1998 6 21 172 26.7 36.8 24.3 -999.99 1.2 1.5 7.2 366.84
ntarla 1998 6 22 173 24.2 37.9 22.7 -999.99 0 0.8 5.7 366.84
ntarla 1998 6 23 174 27.2 39.5 19.7 -999.99 0 1.9 6.9 366.84
ntarla 1998 6 24 175 27 41 20.5 -999.99 0 2.4 9 366.84
ntarla 1998 6 25 176 28.2 40.8 9.4 -999.99 0 2.9 9 366.84
ntarla 1998 6 26 177 29.2 40.3 23.1 -999.99 0 2.5 12.3 366.84
ntarla 1998 6 27 178 28.2 38.8 22.5 -999.99 0 1.8 8 366.84
ntarla 1998 6 28 179 27.9 37.8 20.3 -999.99 0 2.4 5.4 366.84
ntarla 1998 6 29 180 27.7 36.8 16.9 -999.99 0 1.5 6.8 366.84
ntarla 1998 6 30 181 27.7 40.4 24.3 -999.99 0 2.1 10.6 366.84
ntarla 1998 7 1 182 26.8 34 22.2 -999.99 0 2.4 5.1 366.84
ntarla 1998 7 2 183 26.6 41.3 23.5 -999.99 0 1 4.6 366.84
ntarla 1998 7 3 184 27.1 38.9 23.4 -999.99 0 3.1 8.3 366.84
ntarla 1998 7 4 185 27.6 39.9 20.7 -999.99 0 3 7 366.84
ntarla 1998 7 5 186 29.1 39.7 23.5 -999.99 7.1 3.5 11.3 366.84
ntarla 1998 7 6 187 24.1 38.2 22.8 -999.99 0 2.4 6.2 366.84
ntarla 1998 7 7 188 26.1 36.2 22.5 -999.99 29.6 2.1 7.5 366.84
ntarla 1998 7 8 189 23.9 35.7 22.1 -999.99 1.9 1.3 4.3 366.84
ntarla 1998 7 9 190 24.8 35.3 9.3 -999.99 0 2.5 8.2 366.84
ntarla 1998 7 10 191 26.6 37.7 22.1 -999.99 0 2.6 9.4 366.84
ntarla 1998 7 11 192 29.1 33.4 17.3 -999.99 67.5 3.1 10.2 366.84
ntarla 1998 7 12 193 22.6 35.1 24 -999.99 0 3.3 4.7 366.84
ntarla 1998 7 13 194 27.1 35.2 21.7 -999.99 0 3.5 8.2 366.84
ntarla 1998 7 14 195 26.8 35.1 22.7 -999.99 1.2 2.5 10 366.84
ntarla 1998 7 15 196 26 35.7 14.8 -999.99 0 2.4 7.4 366.84
ntarla 1998 7 16 197 25 33.9 23.5 -999.99 0 1.5 6.1 366.84
ntarla 1998 7 17 198 25.8 36.2 16.6 -999.99 0 2.2 9.6 366.84
ntarla 1998 7 18 199 27.1 36.2 23.6 -999.99 22.4 1.5 11.9 366.84
ntarla 1998 7 19 200 25.1 31.2 10.8 -999.99 0 2.1 5.7 366.84
ntarla 1998 7 20 201 24.1 32.9 10.4 -999.99 0 3.1 6.5 366.84
ntarla 1998 7 21 202 25.1 32.7 22.2 -999.99 2.6 2.4 8.1 366.84
ntarla 1998 7 22 203 24.1 31.9 19.8 -999.99 7.9 0.4 8.3 366.84
ntarla 1998 7 23 204 24.6 33.7 25.2 -999.99 0 1.5 9 366.84
ntarla 1998 7 24 205 26.1 36.9 11.6 -999.99 0 1.2 11.3 366.84
ntarla 1998 7 25 206 24.6 35.2 14 -999.99 0 2.2 8.9 366.84
ntarla 1998 7 26 207 26.1 36.7 24.6 -999.99 13.9 2.4 8.8 366.84
ntarla 1998 7 27 208 22.8 32.2 11.6 -999.99 0 2.2 6.5 366.84
ntarla 1998 7 28 209 25.6 32.9 22 -999.99 26 1.4 9.5 366.84
ntarla 1998 7 29 210 22.6 34.4 11.8 -999.99 0 0.9 7.4 366.84
ntarla 1998 7 30 211 26.6 35.7 24.1 -999.99 0 1.9 9.5 366.84
ntarla 1998 7 31 212 24.1 35.9 24.7 -999.99 0 2.4 9.7 366.84
ntarla 1998 8 1 213 22.5 30.1 23.2 -999.99 0 2.8 5.2 366.84
ntarla 1998 8 2 214 23.3 32.6 22.1 -999.99 5.5 2.2 5.4 366.84
ntarla 1998 8 3 215 24.3 32.6 23 -999.99 8.4 1.8 7.3 366.84
ntarla 1998 8 4 216 23.8 32.3 8.9 -999.99 1.4 0.9 7.9 366.84
ntarla 1998 8 5 217 24.8 33.3 21.1 -999.99 0 1.2 7.7 366.84
ntarla 1998 8 6 218 26.8 27.5 23.2 -999.99 21.9 1.6 7.3 366.84
ntarla 1998 8 7 219 22.8 33.6 16.7 -999.99 0 1.7 8.2 366.84
ntarla 1998 8 8 220 25.8 33.7 16.6 -999.99 12 1.5 10.5 366.84
ntarla 1998 8 9 221 23.8 34.1 23 -999.99 0 2.3 6 366.84
ntarla 1998 8 10 222 24.3 35.1 18.1 -999.99 7.7 1.9 10.1 366.84
ntarla 1998 8 11 223 22.3 34.3 22.5 -999.99 38.3 1.8 7.2 366.84
ntarla 1998 8 12 224 22.3 29.7 18.7 -999.99 4.8 2.7 7.6 366.84
ntarla 1998 8 13 225 23.3 32.6 25.3 -999.99 0.8 2.3 8.2 366.84
ntarla 1998 8 14 226 24.3 32.6 10.4 -999.99 3.7 2.6 8.4 366.84
ntarla 1998 8 15 227 23.3 33.7 8.8 -999.99 3.4 0.7 10.2 366.84
ntarla 1998 8 16 228 24.8 32.6 22.4 -999.99 14.1 1.3 9.4 366.84
ntarla 1998 8 17 229 24.8 34.7 15.9 -999.99 0 1.2 10.6 366.84
ntarla 1998 8 18 230 25.3 34.8 20.9 -999.99 25.2 2.2 10.3 366.84
ntarla 1998 8 19 231 22.8 33.1 24.1 -999.99 3.8 1.5 7.8 366.84
ntarla 1998 8 20 232 24.8 32.6 21.2 -999.99 1.3 1.2 8.2 366.84
ntarla 1998 8 21 233 22.8 31.6 24.9 -999.99 0 1.4 8.5 366.84
ntarla 1998 8 22 234 25.3 34.9 24.6 -999.99 0 1.4 10.2 366.84
ntarla 1998 8 23 235 25.3 35.6 15.7 -999.99 1.4 2.3 9.9 366.84
ntarla 1998 8 24 236 23.8 34.6 16.9 -999.99 0 0.9 7.8 366.84
ntarla 1998 8 25 237 24.8 36.1 21.8 -999.99 9.3 1.9 8.3 366.84
ntarla 1998 8 26 238 22.8 31.6 23.5 -999.99 0 1.5 7.8 366.84
ntarla 1998 8 27 239 24.5 33.6 22.6 -999.99 0 1.2 8.7 366.84
ntarla 1998 8 28 240 24.3 36.3 14.3 -999.99 0 1.6 9.4 366.84
ntarla 1998 8 29 241 26.5 35.6 24.9 -999.99 3.8 2.5 14 366.84
ntarla 1998 8 30 242 23.8 33.6 15.7 -999.99 0 2.5 9.4 366.84
ntarla 1998 8 31 243 24.3 32.6 13.4 -999.99 50.1 1.1 9.4 366.84
ntarla 1998 9 1 244 24.4 33.3 9.7 -999.99 0 0.9 8.4 366.84
ntarla 1998 9 2 245 25.9 34.3 21.2 -999.99 4 1.6 10.4 366.84
ntarla 1998 9 3 246 22.9 31.5 25 -999.99 0 2.5 7 366.84
ntarla 1998 9 4 247 25.4 34.5 10.1 -999.99 31.5 2.7 8.3 366.84
ntarla 1998 9 5 248 23.9 34.5 20.4 -999.99 5 2.1 9.4 366.84
ntarla 1998 9 6 249 25.9 32.5 24.2 -999.99 115.4 2.1 10 366.84
ntarla 1998 9 7 250 23.4 30.2 19 -999.99 9.1 2.4 7.9 366.84
ntarla 1998 9 8 251 25.4 32.5 22.6 -999.99 0.6 2.3 10.1 366.84
ntarla 1998 9 9 252 25.4 33 24.3 -999.99 22.5 0.2 8.3 366.84
ntarla 1998 9 10 253 23.9 33 20 -999.99 10 0.2 8.4 366.84
ntarla 1998 9 11 254 23.6 33 18.3 -999.99 7.6 1.4 8.7 366.84
ntarla 1998 9 12 255 22.4 33.5 20 -999.99 0 0.2 6.6 366.84
ntarla 1998 9 13 256 24.4 35 20.9 -999.99 0 0.9 8.8 366.84
ntarla 1998 9 14 257 25.4 35.5 24.4 -999.99 62.9 1.8 11 366.84
ntarla 1998 9 15 258 22.9 32.5 21.1 -999.99 0.9 1.5 7.7 366.84
ntarla 1998 9 16 259 23.9 33 14.4 -999.99 3.8 1.2 8.7 366.84
ntarla 1998 9 17 260 24.4 33.5 8.7 -999.99 0.6 0.5 8.6 366.84
ntarla 1998 9 18 261 25.4 35.5 20 -999.99 55.1 1.9 11.7 366.84
ntarla 1998 9 19 262 20.4 31.1 18.7 -999.99 1 1.8 5.2 366.84
ntarla 1998 9 20 263 25.4 34.5 20.8 -999.99 15 1.7 8.5 366.84
ntarla 1998 9 21 264 23.4 33.6 22.5 -999.99 1.9 1.3 7.9 366.84
ntarla 1998 9 22 265 23.4 33.2 16.5 -999.99 12.5 1.3 6.2 366.84
ntarla 1998 9 23 266 22.9 33.5 23.2 -999.99 16.3 1.5 9.7 366.84
ntarla 1998 9 24 267 24.4 31.5 20.9 -999.99 1.5 2.4 9.6 366.84
ntarla 1998 9 25 268 24.4 34.7 22.7 -999.99 0 1.2 10 366.84
ntarla 1998 9 26 269 24.9 35.5 22.3 -999.99 0 0.8 9.8 366.84
ntarla 1998 9 27 270 23.4 36.5 22.6 -999.99 0 0.5 10.7 366.84
ntarla 1998 9 28 271 26.4 34 21.3 -999.99 0 2 10.1 366.84
ntarla 1998 9 29 272 25.4 36.5 17.7 -999.99 25 1.8 9.4 366.84
ntarla 1998 9 30 273 20.9 35.5 22.5 -999.99 0 1.3 7.6 366.84
ntarla 1998 10 1 274 25.4 31.6 20.2 -999.99 0 2.1 7.2 366.84
ntarla 1998 10 2 275 25.5 36.4 15.3 -999.99 0 1.3 10.4 366.84
ntarla 1998 10 3 276 25.8 36.7 16.1 -999.99 0 0.9 10.5 366.84
ntarla 1998 10 4 277 25.3 37.1 22.2 -999.99 0 2.2 10.8 366.84
ntarla 1998 10 5 278 24.3 36.7 17.6 -999.99 0 1.9 11.4 366.84
ntarla 1998 10 6 279 24 37.1 20.1 -999.99 0 1.3 6.7 366.84
ntarla 1998 10 7 280 25.3 38.1 21.1 -999.99 0 1.3 9.3 366.84
ntarla 1998 10 8 281 25.3 38.6 19 -999.99 0 1.8 11.8 366.84
ntarla 1998 10 9 282 26.8 36.8 21.9 -999.99 0 2.3 10.4 366.84
ntarla 1998 10 10 283 26.8 35.6 21.9 -999.99 0 2.2 9.1 366.84
ntarla 1998 10 11 284 24.8 37.5 20.4 -999.99 0 1.8 8.3 366.84
ntarla 1998 10 12 285 26.3 36.6 20.6 -999.99 0 2.3 9 366.84
ntarla 1998 10 13 286 24.8 38.1 17.5 -999.99 0 1.8 12.7 366.84
ntarla 1998 10 14 287 25.8 37.3 16.5 -999.99 14.9 1 11.9 366.84
ntarla 1998 10 15 288 25.3 36.6 20 -999.99 6.6 1.6 7.8 366.84
ntarla 1998 10 16 289 24.8 36.4 22 -999.99 0 1.6 7.3 366.84
ntarla 1998 10 17 290 24.3 38.1 22.1 -999.99 0 1.9 9.9 366.84
ntarla 1998 10 18 291 24.8 33.6 19.3 -999.99 0 1.8 7.9 366.84
ntarla 1998 10 19 292 25.4 36.7 20.3 -999.99 0 1.4 8.8 366.84
ntarla 1998 10 20 293 25.3 38.1 19.2 -999.99 0 1.9 8.7 366.84
ntarla 1998 10 21 294 25.3 37.8 21.5 -999.99 0 1.7 8.9 366.84
ntarla 1998 10 22 295 25.8 38.1 16.5 -999.99 0 1.4 9.1 366.84
ntarla 1998 10 23 296 23.2 38.1 14.6 -999.99 0 1.3 6.8 366.84
ntarla 1998 10 24 297 20.8 37.3 20.1 -999.99 4.1 1.4 7.4 366.84
ntarla 1998 10 25 298 24.3 36.8 16.2 -999.99 0 2 6.2 366.84
ntarla 1998 10 26 299 22.8 38.5 19.3 -999.99 0 0.4 2.3 366.84
ntarla 1998 10 27 300 22.2 39.5 19.3 -999.99 0 1.2 2.7 366.84
ntarla 1998 10 28 301 22.3 39.1 21.4 -999.99 0 1.9 5 366.84
ntarla 1998 10 29 302 22.8 37.6 21.3 -999.99 0 2.1 8.3 366.84
ntarla 1998 10 30 303 24.8 35.6 21.2 -999.99 12.6 2.1 4.1 366.84
ntarla 1998 10 31 304 23.3 35.8 20.6 -999.99 0 2.4 2.5 366.84
ntarla 1998 11 1 305 23.2 36.7 20.7 -999.99 0 2.5 3.1 366.84
ntarla 1998 11 2 306 19.2 37.7 18.7 -999.99 0 2.4 1.1 366.84
ntarla 1998 11 3 307 18 37.9 20.8 -999.99 0 1.5 1.3 366.84
ntarla 1998 11 4 308 18.5 38.4 21.1 -999.99 0 1.2 1.2 366.84
ntarla 1998 11 5 309 19.4 39.4 20.7 -999.99 0 2 1.1 366.84
ntarla 1998 11 6 310 20.5 39.9 19.2 -999.99 0 3.1 1.2 366.84
ntarla 1998 11 7 311 20 39.8 21.2 -999.99 0 2.9 0.8 366.84
ntarla 1998 11 8 312 17.7 39.4 20.8 -999.99 0 2.8 0.3 366.84
ntarla 1998 11 9 313 14.6 38.9 8.2 -999.99 0 2.6 0.5 366.84
ntarla 1998 11 10 314 16.5 38.9 14.4 -999.99 0 2 1.4 366.84
ntarla 1998 11 11 315 18 37.9 13.4 -999.99 0 2.2 0.5 366.84
ntarla 1998 11 12 316 16 37.7 13.8 -999.99 0 2.7 0.7 366.84
ntarla 1998 11 13 317 14.5 37.4 19.4 -999.99 0 3.2 0.6 366.84
ntarla 1998 11 14 318 16 37.9 21 -999.99 0 2.7 0.9 366.84
ntarla 1998 11 15 319 16.5 38.1 17.5 -999.99 0 3.4 0.9 366.84
ntarla 1998 11 16 320 18.1 38.4 20 -999.99 0 2.5 1.5 366.84
ntarla 1998 11 17 321 18 39.4 20.5 -999.99 0 3.5 1 366.84
ntarla 1998 11 18 322 17 37.1 18.4 -999.99 0 3.2 0.7 366.84
ntarla 1998 11 19 323 18 39 20.2 -999.99 0 2.5 0.8 366.84
ntarla 1998 11 20 324 20.2 37.6 20.9 -999.99 0 2.5 0.7 366.84
ntarla 1998 11 21 325 18.8 37.7 21 -999.99 0 2.2 0.5 366.84
ntarla 1998 11 22 326 18 37.4 20.1 -999.99 0 3.2 0.9 366.84
ntarla 1998 11 23 327 18.1 37.4 19.1 -999.99 0 3.3 0.6 366.84
ntarla 1998 11 24 328 17 38.8 17.2 -999.99 0 3.2 0.8 366.84
ntarla 1998 11 25 329 18.5 38.4 19.5 -999.99 0 3.7 1 366.84
ntarla 1998 11 26 330 16.8 34.1 17 -999.99 0 3.3 0.5 366.84
ntarla 1998 11 27 331 15.5 36.4 19.9 -999.99 0 3.1 0.4 366.84
ntarla 1998 11 28 332 14.5 37.6 20 -999.99 0 3.1 0.5 366.84
ntarla 1998 11 29 333 14.5 37.9 18.5 -999.99 0 3.2 0.5 366.84
ntarla 1998 11 30 334 14.7 37.9 18.9 -999.99 0 2.7 0.5 366.84
ntarla 1998 12 1 335 15.3 34.3 19.3 -999.99 0 2.5 0.4 366.84
ntarla 1998 12 2 336 16 38.5 17.8 -999.99 0 2.6 0.7 366.84
ntarla 1998 12 3 337 16.3 38.8 18.6 -999.99 0 2.8 0.6 366.84
ntarla 1998 12 4 338 17.3 37.8 19.3 -999.99 0 2.3 0.6 366.84
ntarla 1998 12 5 339 17.8 36.8 19 -999.99 0 2.9 0.7 366.84
ntarla 1998 12 6 340 18.2 38.7 19.2 -999.99 0 3.6 0.8 366.84
ntarla 1998 12 7 341 16.6 37.9 18.4 -999.99 0 2.8 0.5 366.84
ntarla 1998 12 8 342 16.3 33.4 19.4 -999.99 0 3.5 0.5 366.84
ntarla 1998 12 9 343 16 30.4 14.9 -999.99 0 3.8 0.6 366.84
ntarla 1998 12 10 344 13.4 32.8 19.4 -999.99 0 3.8 0.6 366.84
ntarla 1998 12 11 345 16.8 31.8 18.7 -999.99 0 3.3 0.7 366.84
ntarla 1998 12 12 346 16.4 34 19.4 -999.99 0 3.4 0.7 366.84
ntarla 1998 12 13 347 18.4 34.5 17.8 -999.99 0 3.3 1.3 366.84
ntarla 1998 12 14 348 19.8 35.5 17.6 -999.99 0 3.4 0.9 366.84
ntarla 1998 12 15 349 14.8 36.3 19.6 -999.99 0 4 0.6 366.84
ntarla 1998 12 16 350 14.3 35.3 19.6 -999.99 0 3.6 0.5 366.84
ntarla 1998 12 17 351 14.2 35.1 17.1 -999.99 0 3.2 0.7 366.84
ntarla 1998 12 18 352 13.6 35.3 19.3 -999.99 0 3.8 0.5 366.84
ntarla 1998 12 19 353 13.1 35.7 14.6 -999.99 0 3.8 0.7 366.84
ntarla 1998 12 20 354 13.4 34.8 14.9 -999.99 0 3.8 0.8 366.84
ntarla 1998 12 21 355 11.6 33.8 17.1 -999.99 0 2.9 0.4 366.84
ntarla 1998 12 22 356 11.8 34.7 17.9 -999.99 0 2.8 0.5 366.84
ntarla 1998 12 23 357 12.9 35.7 18.8 -999.99 0 2.4 0.5 366.84
ntarla 1998 12 24 358 13.3 36.3 15.9 -999.99 0 2.3 0.5 366.84
ntarla 1998 12 25 359 13.8 36.9 17 -999.99 0 2.7 0.6 366.84
ntarla 1998 12 26 360 13.9 36.7 16.6 -999.99 0 2.9 0.7 366.84
ntarla 1998 12 27 361 15.2 36.8 19.3 -999.99 0 2.7 0.6 366.84
ntarla 1998 12 28 362 14.1 33.8 19 -999.99 0 3.3 0.4 366.84
ntarla 1998 12 29 363 14.8 32.8 17.7 -999.99 0 3.5 0.5 366.84
ntarla 1998 12 30 364 13.5 34.3 18.5 -999.99 0 3.2 0.5 366.84
ntarla 1998 12 31 365 14.3 30 14.7 -999.99 0 3.8 0.5 366.84
