ntarla 2005 1 2 2 12.3 30.1 19.6 -999.99 0 3.6 0.2 379.98
ntarla 2005 1 3 3 11.4 30.9 18.8 -999.99 0 3.4 0.1 379.98
ntarla 2005 1 4 4 13.2 32.5 17.9 -999.99 0 3.1 0.1 379.98
ntarla 2005 1 5 5 12.7 34.5 17.1 -999.99 0 3.3 0.2 379.98
ntarla 2005 1 6 6 15.2 33.2 14.2 -999.99 0 4.4 0.4 379.98
ntarla 2005 1 7 7 20.2 31.7 7.6 -999.99 0 4.6 0.5 379.98
ntarla 2005 1 8 8 16.2 31.5 14.3 -999.99 0 4.6 0.3 379.98
ntarla 2005 1 9 9 13.7 32.1 17.8 -999.99 0 4.3 0.2 379.98
ntarla 2005 1 10 10 12.7 30.7 13.8 -999.99 0 3.7 0.3 379.98
ntarla 2005 1 11 11 15.7 29 7.6 -999.99 0 3.6 0.3 379.98
ntarla 2005 1 12 12 14.7 29 7.6 -999.99 0 3.6 0.3 379.98
ntarla 2005 1 13 13 17.2 31 11 -999.99 0 3.4 0.3 379.98
ntarla 2005 1 14 14 12.7 32.6 17.8 -999.99 0 3.7 0.3 379.98
ntarla 2005 1 15 15 11.7 33.5 19.2 -999.99 0 2.8 0.2 379.98
ntarla 2005 1 16 16 13.2 35.1 18.7 -999.99 0 2.9 0.2 379.98
ntarla 2005 1 17 17 12.7 34.7 19.8 -999.99 0 4 0.2 379.98
ntarla 2005 1 18 18 13.5 34 19 -999.99 0 4.6 0.4 379.98
ntarla 2005 1 19 19 11.7 34.2 20.7 -999.99 0 3.9 0.2 379.98
ntarla 2005 1 20 20 12.7 34 21.2 -999.99 0 3.9 0.1 379.98
ntarla 2005 1 21 21 11.7 32.7 19.3 -999.99 0 3.7 0.1 379.98
ntarla 2005 1 22 22 11.9 35.5 21.7 -999.99 0 2.6 0.2 379.98
ntarla 2005 1 23 23 13.1 38 21.6 -999.99 0 1.9 0.2 379.98
ntarla 2005 1 24 24 14.2 37.5 20.3 -999.99 0 2.6 0.3 379.98
ntarla 2005 1 25 25 17.7 37.5 19.3 -999.99 0 2 2.6 379.98
ntarla 2005 1 26 26 24.2 37.5 18.6 -999.99 0 1.6 3.3 379.98
ntarla 2005 1 27 27 17.2 35.5 19 -999.99 0 2 0.7 379.98
ntarla 2005 1 28 28 16.7 36 19.5 -999.99 0 1.4 0.7 379.98
ntarla 2005 1 29 29 15.3 35 20.4 -999.99 0 1.6 1 379.98
ntarla 2005 1 30 30 19 32 10.4 -999.99 0 2.8 1 379.98
ntarla 2005 1 31 31 22.7 34.3 13.2 -999.99 0 3.7 1 379.98
ntarla 2005 2 1 32 16.4 37.5 19.5 -999.99 0 3.6 0.7 379.98
ntarla 2005 2 2 33 20.3 39.2 19.7 -999.99 0 3.5 0.8 379.98
ntarla 2005 2 3 34 20.4 37.7 19.9 -999.99 0 3.9 0.7 379.98
ntarla 2005 2 4 35 19.9 35.2 18.7 -999.99 0 3.5 0.5 379.98
ntarla 2005 2 5 36 17.2 36 18.6 -999.99 0 3.6 0.3 379.98
ntarla 2005 2 6 37 19.5 32.9 15.1 -999.99 0 3.2 0.5 379.98
ntarla 2005 2 7 38 19.9 36.5 17.7 -999.99 0 2.8 0.9 379.98
ntarla 2005 2 8 39 19.9 33.3 21 -999.99 0 3.9 0.3 379.98
ntarla 2005 2 9 40 15.7 36.2 19.9 -999.99 0 3.3 0.3 379.98
ntarla 2005 2 10 41 16.9 38.2 20 -999.99 0 3.1 0.5 379.98
ntarla 2005 2 11 42 22.9 37.8 9.3 -999.99 0 4.7 0.7 379.98
ntarla 2005 2 12 43 24.9 39.7 8.1 -999.99 0 4.9 1.1 379.98
ntarla 2005 2 13 44 23.4 39.2 16 -999.99 0 5.3 0.7 379.98
ntarla 2005 2 14 45 24.5 38.4 8.2 -999.99 0 3 0.8 379.98
ntarla 2005 2 15 46 21.3 39.3 18.5 -999.99 0 3.5 0.7 379.98
ntarla 2005 2 16 47 21.9 40.7 20.7 -999.99 0 2.9 0.5 379.98
ntarla 2005 2 17 48 19.5 42.2 22 -999.99 0 2 0.7 379.98
ntarla 2005 2 18 49 21.4 41.7 21.9 -999.99 0 2.3 1 379.98
ntarla 2005 2 19 50 21.4 40.7 21.3 -999.99 0 2.6 1.1 379.98
ntarla 2005 2 20 51 22.9 38.9 17.4 -999.99 0 2.4 1.4 379.98
ntarla 2005 2 21 52 25.9 35.5 21.9 -999.99 0 3.4 1.4 379.98
ntarla 2005 2 22 53 21.9 39.2 20.9 -999.99 0 3 1.2 379.98
ntarla 2005 2 23 54 21.9 40.9 22.9 -999.99 0 3.4 1.7 379.98
ntarla 2005 2 24 55 27.9 38.9 20 -999.99 0 3.7 2.2 379.98
ntarla 2005 2 25 56 26.9 37.3 17.8 -999.99 0 3.6 1.7 379.98
ntarla 2005 2 26 57 25.9 39.7 8.5 -999.99 0 3.3 2.2 379.98
ntarla 2005 2 27 58 25.4 40.1 12.6 -999.99 0 3.9 2.2 379.98
ntarla 2005 2 28 59 26.9 39.7 18.7 -999.99 0 3.4 2.1 379.98
ntarla 2005 3 1 60 24.6 42 17 -999.99 0 1.7 2.4 379.98
ntarla 2005 3 2 61 26.3 40.7 19.8 -999.99 0 1.2 3.4 379.98
ntarla 2005 3 3 62 28.4 32.3 8.9 -999.99 0.3 1.9 3.3 379.98
ntarla 2005 3 4 63 24.6 36.6 8.7 -999.99 0 2.1 2.2 379.98
ntarla 2005 3 5 64 28.1 37.8 8.7 -999.99 0 1 3.6 379.98
ntarla 2005 3 6 65 26.3 41.8 17.4 -999.99 0 0.6 3 379.98
ntarla 2005 3 7 66 26.6 41.3 18.2 -999.99 0 1.7 2.8 379.98
ntarla 2005 3 8 67 28.1 42.3 19 -999.99 0 3.3 2.6 379.98
ntarla 2005 3 9 68 28.3 41 20.9 -999.99 0 3.3 1.7 379.98
ntarla 2005 3 10 69 29.1 41.8 22.5 -999.99 0 3.7 1.5 379.98
ntarla 2005 3 11 70 27.1 41.3 21.9 -999.99 0 2.5 0.8 379.98
ntarla 2005 3 12 71 22.1 42.8 22.5 -999.99 0 2.3 0.4 379.98
ntarla 2005 3 13 72 23.1 42 18.8 -999.99 0 2.1 4.1 379.98
ntarla 2005 3 14 73 29.4 40.8 17.7 -999.99 0.1 2.9 6.1 379.98
ntarla 2005 3 15 74 28.7 40.4 20.8 -999.99 0 1.1 7.6 379.98
ntarla 2005 3 16 75 27.1 42.4 23.1 -999.99 0 2.8 3.3 379.98
ntarla 2005 3 17 76 26.6 43.2 22.7 -999.99 0 3.3 1.7 379.98
ntarla 2005 3 18 77 23.6 42.9 24.3 -999.99 0 2.3 1.9 379.98
ntarla 2005 3 19 78 22.3 41.8 24.3 -999.99 0 3.2 0.6 379.98
ntarla 2005 3 20 79 21.6 40.2 19.9 -999.99 0 2.1 0.7 379.98
ntarla 2005 3 21 80 19.5 41.1 23.8 -999.99 0 1.6 1.2 379.98
ntarla 2005 3 22 81 17.1 40.8 24 -999.99 0 2.4 0.3 379.98
ntarla 2005 3 23 82 18.4 41.8 24.5 -999.99 0 1.6 0.6 379.98
ntarla 2005 3 24 83 21.5 42 24.5 -999.99 0 1.1 1.2 379.98
ntarla 2005 3 25 84 19.6 43.8 23.7 -999.99 0 1.5 2.8 379.98
ntarla 2005 3 26 85 19.6 43.8 23 -999.99 0 1.7 0.4 379.98
ntarla 2005 3 27 86 24.3 43 23.3 -999.99 0 1.5 3.7 379.98
ntarla 2005 3 28 87 29.6 42.6 21.8 -999.99 0 0.9 7.7 379.98
ntarla 2005 3 29 88 27.1 43.8 23.4 -999.99 0 1.2 9.6 379.98
ntarla 2005 3 30 89 20.6 43.8 23.1 -999.99 0 3.7 1.6 379.98
ntarla 2005 3 31 90 20.1 43.6 22.8 -999.99 0 3.3 0.4 379.98
ntarla 2005 4 1 91 20.3 43.1 23.2 -999.99 0 2.2 3.3 379.98
ntarla 2005 4 2 92 27.8 40.3 18.7 -999.99 0 2.4 6.4 379.98
ntarla 2005 4 3 93 29.1 42.8 20.4 -999.99 0 0.9 5 379.98
ntarla 2005 4 4 94 29.1 43 18.6 -999.99 0 1.3 3.5 379.98
ntarla 2005 4 5 95 30.7 43 23.4 -999.99 0 1.9 8.4 379.98
ntarla 2005 4 6 96 27.3 44.3 22.3 -999.99 0 1.4 2.5 379.98
ntarla 2005 4 7 97 24.8 44.5 23.1 -999.99 0 2.1 2.5 379.98
ntarla 2005 4 8 98 21.3 43.2 21.4 -999.99 0 1.9 0.8 379.98
ntarla 2005 4 9 99 20.3 42.5 23.6 -999.99 0 2 0.7 379.98
ntarla 2005 4 10 100 22.5 42.5 22.5 -999.99 0 2.3 0.6 379.98
ntarla 2005 4 11 101 24.3 43.1 17.4 -999.99 0 1.8 3.7 379.98
ntarla 2005 4 12 102 31.3 40.5 16.2 -999.99 5.3 0.6 4.4 379.98
ntarla 2005 4 13 103 25.8 36 10.6 -999.99 0.2 1.3 2.1 379.98
ntarla 2005 4 14 104 26.8 42 22.7 -999.99 0 2.3 4 379.98
ntarla 2005 4 15 105 26.8 43.7 22.2 -999.99 0 2.5 4.1 379.98
ntarla 2005 4 16 106 31.3 42.6 24.7 -999.99 10.2 1.3 2.4 379.98
ntarla 2005 4 17 107 23.8 40 19.4 -999.99 0 2.5 3.6 379.98
ntarla 2005 4 18 108 29.5 41.5 25.9 -999.99 0 1.2 6.9 379.98
ntarla 2005 4 19 109 27.6 40.7 21.9 -999.99 0 0.7 2.3 379.98
ntarla 2005 4 20 110 23.8 41.4 22.4 -999.99 0 1.4 2.2 379.98
ntarla 2005 4 21 111 26.3 41.5 21.3 -999.99 0 1.9 6.3 379.98
ntarla 2005 4 22 112 24.9 42.7 26.4 -999.99 0 1.9 4 379.98
ntarla 2005 4 23 113 28.3 36 12.6 -999.99 0 3.4 6.6 379.98
ntarla 2005 4 24 114 29.8 35.1 10.8 -999.99 0 3 4.7 379.98
ntarla 2005 4 25 115 29.8 43 22.9 -999.99 0 2.7 6.3 379.98
ntarla 2005 4 26 116 31.2 43.5 24.8 -999.99 0 3.6 10.7 379.98
ntarla 2005 4 27 117 31.5 42 23.5 -999.99 0 2.7 9 379.98
ntarla 2005 4 28 118 30.9 44 24.3 -999.99 0 2.5 7.1 379.98
ntarla 2005 4 29 119 29.3 44 22 -999.99 0 2.2 6.8 379.98
ntarla 2005 4 30 120 28.5 43.9 24.6 -999.99 0 1.8 5.2 379.98
ntarla 2005 5 1 121 29.5 44.1 25.7 -999.99 0 2 3.5 379.98
ntarla 2005 5 2 122 27 44.1 26.8 -999.99 0 1.6 1.8 379.98
ntarla 2005 5 3 123 29 42 25.4 -999.99 0 3.7 8.1 379.98
ntarla 2005 5 4 124 29.5 41.2 23.4 -999.99 2.7 2.9 5.7 379.98
ntarla 2005 5 5 125 27 41.1 26.1 -999.99 0 2.3 4.6 379.98
ntarla 2005 5 6 126 28 38.6 19.1 -999.99 2.4 3.7 4 379.98
ntarla 2005 5 7 127 27.2 38.4 19.4 -999.99 0 3.4 6.9 379.98
ntarla 2005 5 8 128 28.5 39.6 21.7 -999.99 0.2 2 7.7 379.98
ntarla 2005 5 9 129 26 36.1 17.2 -999.99 0 2.4 6 379.98
ntarla 2005 5 10 130 25.5 37 17.2 -999.99 0 2.9 4.3 379.98
ntarla 2005 5 11 131 28 40.6 24.2 -999.99 0 1.4 6.1 379.98
ntarla 2005 5 12 132 28.6 42.8 22.5 -999.99 0 2.1 8.4 379.98
ntarla 2005 5 13 133 31 39.6 15.7 -999.99 0 3.5 4.1 379.98
ntarla 2005 5 14 134 28.8 42.6 24.6 -999.99 0 3 5.5 379.98
ntarla 2005 5 15 135 31.3 41.1 19 -999.99 0 1.5 4.3 379.98
ntarla 2005 5 16 136 30.5 39.6 17.6 -999.99 17.8 3.3 6.3 379.98
ntarla 2005 5 17 137 25 37.2 21.5 -999.99 0 2 2.8 379.98
ntarla 2005 5 18 138 28.6 39.1 20.9 -999.99 0 2.2 6.5 379.98
ntarla 2005 5 19 139 28.5 40.8 24.1 -999.99 0 0.5 3.9 379.98
ntarla 2005 5 20 140 30 41.6 20.9 -999.99 0.1 1.8 3.8 379.98
ntarla 2005 5 21 141 30.5 41.6 21.3 -999.99 0.9 1.8 3.9 379.98
ntarla 2005 5 22 142 26.6 38.2 22.7 -999.99 0 2.2 2.6 379.98
ntarla 2005 5 23 143 28 40.6 20.4 -999.99 0 2.3 3.5 379.98
ntarla 2005 5 24 144 29 42.6 24 -999.99 0 1.1 5 379.98
ntarla 2005 5 25 145 30 41.1 20.8 -999.99 2.9 2.3 6.4 379.98
ntarla 2005 5 26 146 26.5 35.6 13.5 -999.99 0 1.7 2.2 379.98
ntarla 2005 5 27 147 27 38.6 22.6 -999.99 0 3.3 4.2 379.98
ntarla 2005 5 28 148 29 40.9 24.7 -999.99 0 3.4 7.7 379.98
ntarla 2005 5 29 149 29 40.1 21.2 -999.99 0 3 8.2 379.98
ntarla 2005 5 30 150 31 37.2 16.9 -999.99 26.7 3.2 10.1 379.98
ntarla 2005 5 31 151 26 33.8 9.3 -999.99 0 2.7 6.2 379.98
ntarla 2005 6 1 152 26.2 38.3 23.2 -999.99 0 2 6.5 379.98
ntarla 2005 6 2 153 26.9 38.5 25.2 -999.99 0 1.3 6.6 379.98
ntarla 2005 6 3 154 28.2 37.8 21.4 -999.99 0 2.2 10.3 379.98
ntarla 2005 6 4 155 26.7 32.9 13 -999.99 6.3 1.2 4.9 379.98
ntarla 2005 6 5 156 24.7 32.6 18.7 -999.99 0 1 3.1 379.98
ntarla 2005 6 6 157 25.2 39.3 23.7 -999.99 0 1.6 3.8 379.98
ntarla 2005 6 7 158 29.2 42.3 23.5 -999.99 0 1.6 4 379.98
ntarla 2005 6 8 159 31.1 37.3 17.7 -999.99 0 3.4 9.2 379.98
ntarla 2005 6 9 160 27.2 36.6 21.4 -999.99 0 3.1 7.1 379.98
ntarla 2005 6 10 161 27.7 37.4 23.7 -999.99 0 2.6 10.7 379.98
ntarla 2005 6 11 162 25.9 38.6 20.2 -999.99 0 0.5 4.4 379.98
ntarla 2005 6 12 163 27.7 40.3 22.2 -999.99 0 2.1 8.5 379.98
ntarla 2005 6 13 164 26.7 37.3 21.7 -999.99 0 2 9.6 379.98
ntarla 2005 6 14 165 26.7 38.3 25.5 -999.99 0 2.3 10.6 379.98
ntarla 2005 6 15 166 28.3 35.6 13.1 -999.99 9.7 1.4 10.4 379.98
ntarla 2005 6 16 167 23.7 36.8 20.6 -999.99 0 1.9 6.9 379.98
ntarla 2005 6 17 168 28.7 35.8 12.1 -999.99 0 3.1 7.1 379.98
ntarla 2005 6 18 169 28.3 37 20.5 -999.99 0 4 7.9 379.98
ntarla 2005 6 19 170 27.7 37.8 21.5 -999.99 9.7 3.2 10.3 379.98
ntarla 2005 6 20 171 24.2 36.2 23.1 -999.99 0 2.1 6.3 379.98
ntarla 2005 6 21 172 27.2 32.3 11.2 -999.99 11.9 1.7 6.7 379.98
ntarla 2005 6 22 173 24 36.3 25.7 -999.99 0 1.1 5.6 379.98
ntarla 2005 6 23 174 26.5 38.5 23.9 -999.99 0 1.8 6.9 379.98
ntarla 2005 6 24 175 27.7 39.3 22.4 -999.99 12.6 2.4 7.5 379.98
ntarla 2005 6 25 176 20.7 30.8 9.8 -999.99 0 2.3 3 379.98
ntarla 2005 6 26 177 25.2 35.3 21.5 -999.99 0 1.6 7.5 379.98
ntarla 2005 6 27 178 26.9 30.8 13.4 -999.99 8.7 2.6 5 379.98
ntarla 2005 6 28 179 25 34.3 24 -999.99 0 1.7 7.7 379.98
ntarla 2005 6 29 180 25.2 35.8 24.9 -999.99 0 1.5 6.2 379.98
ntarla 2005 6 30 181 26.9 29.8 9.4 -999.99 25.9 2.1 5.2 379.98
ntarla 2005 7 1 182 24.1 34 22.2 -999.99 0 1.7 4.1 379.98
ntarla 2005 7 2 183 26.2 29.2 21.3 -999.99 46.7 2 8.1 379.98
ntarla 2005 7 3 184 21.6 33.2 15.2 -999.99 8.8 2.3 6.2 379.98
ntarla 2005 7 4 185 21.6 31.7 16.6 -999.99 0 1.6 3.9 379.98
ntarla 2005 7 5 186 24.6 32.9 17.9 -999.99 6 1.1 4.5 379.98
ntarla 2005 7 6 187 23.1 33.2 25 -999.99 0 2.9 5 379.98
ntarla 2005 7 7 188 24.6 32.2 21.3 -999.99 0 1.9 5.4 379.98
ntarla 2005 7 8 189 26.1 35.2 21.5 -999.99 17.6 1 5.1 379.98
ntarla 2005 7 9 190 21.6 31.2 17.9 -999.99 13.1 2 6.1 379.98
ntarla 2005 7 10 191 21.6 31.1 13.2 -999.99 0.9 2.2 5 379.98
ntarla 2005 7 11 192 23.6 32 12.1 -999.99 3.4 2.5 5.6 379.98
ntarla 2005 7 12 193 24.1 32.7 25.8 -999.99 0 1.9 6.1 379.98
ntarla 2005 7 13 194 23.9 33.4 25.7 -999.99 0 2.1 6.4 379.98
ntarla 2005 7 14 195 25.8 33.9 18.5 -999.99 18 1.6 9.6 379.98
ntarla 2005 7 15 196 22.6 30.6 15.9 -999.99 0 1.8 5.6 379.98
ntarla 2005 7 16 197 24.1 33.7 22.4 -999.99 0 0.3 4.5 379.98
ntarla 2005 7 17 198 25.1 35.2 20.5 -999.99 17.6 1.6 4.8 379.98
ntarla 2005 7 18 199 21.1 30.1 13.1 -999.99 0 2.7 4 379.98
ntarla 2005 7 19 200 25.4 32.2 18.7 -999.99 3.8 1.1 9.3 379.98
ntarla 2005 7 20 201 24.1 33.2 24.1 -999.99 0 0.3 5.7 379.98
ntarla 2005 7 21 202 26.6 30.2 12.5 -999.99 9.2 0.4 6.3 379.98
ntarla 2005 7 22 203 23.1 33.1 25.3 -999.99 0 1.5 3.8 379.98
ntarla 2005 7 23 204 25 34.9 26.1 -999.99 0 1.7 5.4 379.98
ntarla 2005 7 24 205 25.1 33.9 13.2 -999.99 0 1.7 7 379.98
ntarla 2005 7 25 206 25.1 33.7 14.4 -999.99 30 2.4 9.6 379.98
ntarla 2005 7 26 207 23.1 32.3 13.8 -999.99 0 2 4.7 379.98
ntarla 2005 7 27 208 25.6 34.2 25 -999.99 0 2.3 6.8 379.98
ntarla 2005 7 28 209 26.6 35.1 23.5 -999.99 0 3 9.6 379.98
ntarla 2005 7 29 210 25.1 33.5 22.9 -999.99 19.4 3.3 8.1 379.98
ntarla 2005 7 30 211 21.6 32.2 24.4 -999.99 0 2.2 4.7 379.98
ntarla 2005 7 31 212 25.1 31.2 16.4 -999.99 17 2.1 6.1 379.98
ntarla 2005 8 1 213 23.3 30.9 17.9 -999.99 0 0.8 6.7 379.98
ntarla 2005 8 2 214 23.9 33.6 24.7 -999.99 1.4 1.7 5.7 379.98
ntarla 2005 8 3 215 24.3 32.1 14 -999.99 20.8 0.8 7.2 379.98
ntarla 2005 8 4 216 24.3 32.6 24.7 -999.99 0 0.8 6.9 379.98
ntarla 2005 8 5 217 24.3 30.5 12.3 -999.99 0 1.7 5.9 379.98
ntarla 2005 8 6 218 24.3 32.6 25 -999.99 0 1.9 6.9 379.98
ntarla 2005 8 7 219 25.3 33.6 23.4 -999.99 8.6 2.3 5.1 379.98
ntarla 2005 8 8 220 21.3 29.9 17.3 -999.99 2.7 2 6.2 379.98
ntarla 2005 8 9 221 23.9 32.6 21.7 -999.99 3.9 1.2 8.5 379.98
ntarla 2005 8 10 222 24.3 31.3 12.5 -999.99 0 1.3 6.8 379.98
ntarla 2005 8 11 223 25.3 32.6 14.3 -999.99 1.6 1 7.7 379.98
ntarla 2005 8 12 224 24.3 33.1 18.7 -999.99 36.1 1.8 8.7 379.98
ntarla 2005 8 13 225 22.3 29.6 15.8 -999.99 6 2 6.2 379.98
ntarla 2005 8 14 226 24.7 31.1 21.2 -999.99 0 2.4 5.9 379.98
ntarla 2005 8 15 227 24.8 31.6 25.4 -999.99 0 2.7 7.3 379.98
ntarla 2005 8 16 228 24.8 24.9 8.8 -999.99 37.2 1.8 5.2 379.98
ntarla 2005 8 17 229 22.3 31.1 21 -999.99 5.3 0.9 4.8 379.98
ntarla 2005 8 18 230 22.3 28.7 10.5 -999.99 26.5 0.9 4.7 379.98
ntarla 2005 8 19 231 22.8 30.6 21.1 -999.99 0 1.2 6.4 379.98
ntarla 2005 8 20 232 23.3 33.4 22 -999.99 0 0.8 7.1 379.98
ntarla 2005 8 21 233 24.6 34.1 22.1 -999.99 0 1.3 6.7 379.98
ntarla 2005 8 22 234 24.5 33.3 20 -999.99 10.8 1.6 8.1 379.98
ntarla 2005 8 23 235 24.3 31.7 17.4 -999.99 8 1.4 8.1 379.98
ntarla 2005 8 24 236 22.8 30.7 15.1 -999.99 0 1.7 4.8 379.98
ntarla 2005 8 25 237 23.3 34.1 24.9 -999.99 0 2 6.5 379.98
ntarla 2005 8 26 238 25.3 32.6 14.8 -999.99 17.5 1.7 7.6 379.98
ntarla 2005 8 27 239 22.3 32.1 18.9 -999.99 1.8 1.2 4.6 379.98
ntarla 2005 8 28 240 24.3 33.2 24.6 -999.99 1.1 1.3 7.4 379.98
ntarla 2005 8 29 241 24.8 28.1 9.6 -999.99 9.9 1.6 6.2 379.98
ntarla 2005 8 30 242 21.3 30.4 21.8 -999.99 0 1.7 5.8 379.98
ntarla 2005 8 31 243 23.3 31.1 18.3 -999.99 8.8 1.7 7.3 379.98
ntarla 2005 9 1 244 22.9 32.6 25.6 -999.99 0 1.7 4.8 379.98
ntarla 2005 9 2 245 25.4 26 8.8 -999.99 73.8 1.2 4.8 379.98
ntarla 2005 9 3 246 22.2 29.7 16.3 -999.99 0 2.4 6 379.98
ntarla 2005 9 4 247 22.4 29.5 12.4 -999.99 20 1.3 4.9 379.98
ntarla 2005 9 5 248 21.9 32.2 22.2 -999.99 33.8 1.5 4 379.98
ntarla 2005 9 6 249 21.4 28.7 9.6 -999.99 15.9 1.9 5 379.98
ntarla 2005 9 7 250 23.9 29.6 15.1 -999.99 1.5 2.1 7.2 379.98
ntarla 2005 9 8 251 22.4 32.8 24.6 -999.99 0 1.6 8.1 379.98
ntarla 2005 9 9 252 23.4 32.6 17.9 -999.99 0 0.6 6.5 379.98
ntarla 2005 9 10 253 24.4 33 22.9 -999.99 0 1.5 8.2 379.98
ntarla 2005 9 11 254 26.2 34.8 23.2 -999.99 22.5 2.3 9.8 379.98
ntarla 2005 9 12 255 24.4 27.8 8.6 -999.99 33.8 2.3 5.7 379.98
ntarla 2005 9 13 256 22.4 32 19 -999.99 8.5 2.1 4.6 379.98
ntarla 2005 9 14 257 23.2 33.5 19.3 -999.99 0 0.9 5.8 379.98
ntarla 2005 9 15 258 23.6 34.5 22.3 -999.99 0 1.8 6.9 379.98
ntarla 2005 9 16 259 24.8 34 23.4 -999.99 0 1.8 6.3 379.98
ntarla 2005 9 17 260 24.4 35 23.5 -999.99 5.5 1.8 5.8 379.98
ntarla 2005 9 18 261 22.9 35 24.1 -999.99 0 1.2 3.7 379.98
ntarla 2005 9 19 262 24.9 35.5 23 -999.99 0 2.1 6.5 379.98
ntarla 2005 9 20 263 24.2 34.5 22.1 -999.99 1.5 2.4 5.6 379.98
ntarla 2005 9 21 264 23.6 34.5 24.3 -999.99 0 2.4 6 379.98
ntarla 2005 9 22 265 24.9 34.5 23.7 -999.99 0 2.2 4.9 379.98
ntarla 2005 9 23 266 24.4 36 21.7 -999.99 10.4 0.6 7.5 379.98
ntarla 2005 9 24 267 23.4 36 18 -999.99 0 0.6 6.3 379.98
ntarla 2005 9 25 268 23.9 26.6 8.6 -999.99 25.8 1.3 5.7 379.98
ntarla 2005 9 26 269 23.4 29.6 10.5 -999.99 0 2.4 6 379.98
ntarla 2005 9 27 270 22.9 31 15.5 -999.99 1.3 0.8 4.8 379.98
ntarla 2005 9 28 271 23.4 33 23.5 -999.99 0 2 6.3 379.98
ntarla 2005 9 29 272 23.4 34 22.2 -999.99 0.6 1 6.6 379.98
ntarla 2005 9 30 273 23.9 34.5 22.6 -999.99 0 1.6 7 379.98
ntarla 2005 10 1 274 24.8 36.1 19.1 -999.99 0 2.2 10.1 379.98
ntarla 2005 10 2 275 22.3 35.1 20 -999.99 0 1.4 6.5 379.98
ntarla 2005 10 3 276 24.3 36.1 20.7 -999.99 0 2 8.3 379.98
ntarla 2005 10 4 277 24.3 32.6 15.6 -999.99 14 2.7 5.2 379.98
ntarla 2005 10 5 278 24.3 33.6 21.4 -999.99 0 1.5 4.6 379.98
ntarla 2005 10 6 279 22.4 35.5 20.7 -999.99 0 0.6 3.7 379.98
ntarla 2005 10 7 280 24.3 35.1 15.2 -999.99 0 1.3 2.4 379.98
ntarla 2005 10 8 281 24.4 35.1 21.5 -999.99 0 2.3 4 379.98
ntarla 2005 10 9 282 22.8 36.1 21.5 -999.99 12.6 1.2 3.9 379.98
ntarla 2005 10 10 283 21.3 36.6 22.6 -999.99 0 1.4 2.4 379.98
ntarla 2005 10 11 284 23.3 35.1 18.9 -999.99 0 2.2 4.7 379.98
ntarla 2005 10 12 285 23.8 36.6 22.8 -999.99 6.2 0.8 5.1 379.98
ntarla 2005 10 13 286 21.8 35.6 20.4 -999.99 0 0.6 1.4 379.98
ntarla 2005 10 14 287 22.8 36.1 21.1 -999.99 0 1.4 2.6 379.98
ntarla 2005 10 15 288 24.8 36.9 22.4 -999.99 0 1.8 5.8 379.98
ntarla 2005 10 16 289 24.8 37.1 21.6 -999.99 0.2 1.3 3.9 379.98
ntarla 2005 10 17 290 22.8 37.3 21.4 -999.99 0 0.6 2.9 379.98
ntarla 2005 10 18 291 23.3 37.3 19.4 -999.99 0 2.2 3.9 379.98
ntarla 2005 10 19 292 22.3 36.7 21.6 -999.99 0 1.6 2.6 379.98
ntarla 2005 10 20 293 22.8 38.1 21.2 -999.99 0 0.6 3.1 379.98
ntarla 2005 10 21 294 22.8 38.1 20.3 -999.99 0 1.9 2.8 379.98
ntarla 2005 10 22 295 25.8 37.7 22.3 -999.99 0 2.6 4.5 379.98
ntarla 2005 10 23 296 24.4 36.7 20.2 -999.99 0 1 4.1 379.98
ntarla 2005 10 24 297 23.8 35.9 18.7 -999.99 0 0.7 2.6 379.98
ntarla 2005 10 25 298 22.3 37.8 21.8 -999.99 0 1.6 0.7 379.98
ntarla 2005 10 26 299 18.8 38.1 22.3 -999.99 0 1.1 2.1 379.98
ntarla 2005 10 27 300 17.3 38.1 22.1 -999.99 0 1.4 1.4 379.98
ntarla 2005 10 28 301 17.2 38.1 22.4 -999.99 0 1.4 1.6 379.98
ntarla 2005 10 29 302 19 37.7 22.4 -999.99 0 0.7 2.5 379.98
ntarla 2005 10 30 303 19.8 38.6 21.5 -999.99 0 2.7 0.8 379.98
ntarla 2005 10 31 304 15.3 38.9 21.6 -999.99 0 1.5 0.9 379.98
ntarla 2005 11 1 305 16 37.9 18.7 -999.99 0 1 0.9 379.98
ntarla 2005 11 2 306 18.5 37.8 18.3 -999.99 0 1.4 2.5 379.98
ntarla 2005 11 3 307 24 39.4 20.1 -999.99 0 1.5 1.8 379.98
ntarla 2005 11 4 308 17.5 38.6 20.8 -999.99 0 1.5 0.3 379.98
ntarla 2005 11 5 309 17 38.4 20.9 -999.99 0 2.1 2.4 379.98
ntarla 2005 11 6 310 21 36.4 14.7 -999.99 0 1.3 3 379.98
ntarla 2005 11 7 311 19.5 38 20.5 -999.99 0 3.2 0.6 379.98
ntarla 2005 11 8 312 14.5 37.4 21.9 -999.99 0 4.1 0.4 379.98
ntarla 2005 11 9 313 14 37.5 21 -999.99 0 2.9 0.3 379.98
ntarla 2005 11 10 314 17.8 37.4 18.7 -999.99 0 3.1 0.6 379.98
ntarla 2005 11 11 315 16 37.6 20.2 -999.99 0 2.9 0.6 379.98
ntarla 2005 11 12 316 16 37.6 16.6 -999.99 0 2.4 0.4 379.98
ntarla 2005 11 13 317 15 38.5 19.8 -999.99 0 1.7 0.7 379.98
ntarla 2005 11 14 318 15.5 38.4 19.9 -999.99 0 1.5 0.8 379.98
ntarla 2005 11 15 319 17 38.4 19.3 -999.99 0 2.4 0.3 379.98
ntarla 2005 11 16 320 14.6 37.9 20.2 -999.99 0 2.7 0.4 379.98
ntarla 2005 11 17 321 14.8 38.4 21.2 -999.99 0 2.8 0.5 379.98
ntarla 2005 11 18 322 14.5 38 20.7 -999.99 0 2.2 0.5 379.98
ntarla 2005 11 19 323 14 38.4 20.8 -999.99 0 1.1 2 379.98
ntarla 2005 11 20 324 16 38.8 20.2 -999.99 0 1.1 1.8 379.98
ntarla 2005 11 21 325 16 39.2 20.4 -999.99 0 3.2 0.9 379.98
ntarla 2005 11 22 326 15.2 38.9 20.5 -999.99 0 2.3 0.2 379.98
ntarla 2005 11 23 327 15 39.4 20.1 -999.99 0 0.8 1.5 379.98
ntarla 2005 11 24 328 15 39.4 19.9 -999.99 0 2 1.2 379.98
ntarla 2005 11 25 329 15.4 39.6 19.9 -999.99 0 0.5 0.5 379.98
ntarla 2005 11 26 330 15.6 38.6 19.7 -999.99 0 1.2 3 379.98
ntarla 2005 11 27 331 16.5 37.6 18.7 -999.99 0 1.4 0.8 379.98
ntarla 2005 11 28 332 16.2 37.9 18.4 -999.99 0 2.3 0.5 379.98
ntarla 2005 11 29 333 16 38.6 20.3 -999.99 0 2.4 0.6 379.98
ntarla 2005 11 30 334 16 38.4 20.2 -999.99 0 1.3 0.6 379.98
ntarla 2005 12 1 335 17.3 37.1 20.8 -999.99 0 2.5 0.7 379.98
ntarla 2005 12 2 336 15.8 35.8 20.1 -999.99 0 3.7 0.9 379.98
ntarla 2005 12 3 337 15 38.1 20.6 -999.99 0 3.5 0.7 379.98
ntarla 2005 12 4 338 13.6 38.3 21.1 -999.99 0 3.2 0.3 379.98
ntarla 2005 12 5 339 12.3 37.3 21 -999.99 0 3.1 0.3 379.98
ntarla 2005 12 6 340 13 37.4 20.3 -999.99 0 2.1 0.3 379.98
ntarla 2005 12 7 341 14.3 37.3 19.6 -999.99 0 2.2 0.4 379.98
ntarla 2005 12 8 342 14.4 37.5 20.4 -999.99 0 2.4 0.7 379.98
ntarla 2005 12 9 343 13.8 37.8 20.6 -999.99 0 3.4 0.4 379.98
ntarla 2005 12 10 344 13.3 36.9 16.9 -999.99 0 2.7 0.4 379.98
ntarla 2005 12 11 345 14.8 37.8 20.8 -999.99 0 3 0.4 379.98
ntarla 2005 12 12 346 12.4 38.1 21 -999.99 0 2.8 0.3 379.98
ntarla 2005 12 13 347 12.8 36.3 21 -999.99 0 3.5 0.3 379.98
ntarla 2005 12 14 348 13.8 35.5 20 -999.99 0 3.6 0.4 379.98
ntarla 2005 12 15 349 12.8 35.5 20.7 -999.99 0 4.1 0.2 379.98
ntarla 2005 12 16 350 12.3 36.8 20.7 -999.99 0 3.9 0.2 379.98
ntarla 2005 12 17 351 11.8 36.7 20.9 -999.99 0 4.3 0.2 379.98
ntarla 2005 12 18 352 12 38.3 21.1 -999.99 0 4.8 0.5 379.98
ntarla 2005 12 19 353 12.8 36.8 20.8 -999.99 0 4.6 0.6 379.98
ntarla 2005 12 20 354 12.1 34.9 20.8 -999.99 0 4.2 0.5 379.98
ntarla 2005 12 21 355 11.8 35.3 20 -999.99 0 3.3 0.6 379.98
ntarla 2005 12 22 356 12.3 36.7 21.1 -999.99 0 3.1 0.4 379.98
ntarla 2005 12 23 357 11.8 35.5 20.5 -999.99 0 4 0.2 379.98
ntarla 2005 12 24 358 12.4 35.6 20.1 -999.99 0 3.7 0.3 379.98
ntarla 2005 12 25 359 13.6 35.1 19.4 -999.99 0 4.2 0.5 379.98
ntarla 2005 12 26 360 15 35.3 20.7 -999.99 0 3.9 0.3 379.98
ntarla 2005 12 27 361 12.3 34.9 19.6 -999.99 0 3.6 0.2 379.98
ntarla 2005 12 28 362 11.8 34.8 20.6 -999.99 0 3.7 0.2 379.98
ntarla 2005 12 29 363 10.8 35.8 20.2 -999.99 0 2.7 0.2 379.98
ntarla 2005 12 30 364 12.8 29.3 14.4 -999.99 0 4.3 0.6 379.98
ntarla 2005 12 31 365 12.2 30.6 20.2 -999.99 0 3.8 0.4 379.98
