ntarla 1991 1 2 2 12.7 32.5 19.6 -999.99 0 3.8 0.5 355.7
ntarla 1991 1 3 3 11.2 33.5 19.2 -999.99 0 3.5 0.4 355.7
ntarla 1991 1 4 4 11.7 33.5 19.4 -999.99 0 3.1 0.5 355.7
ntarla 1991 1 5 5 11.7 35 20.1 -999.99 0 3 0.5 355.7
ntarla 1991 1 6 6 12.2 34.5 18.6 -999.99 0 3.8 0.5 355.7
ntarla 1991 1 7 7 13.2 33.5 18.4 -999.99 0 3.7 0.5 355.7
ntarla 1991 1 8 8 13.2 34.5 21 -999.99 0 3.7 0.6 355.7
ntarla 1991 1 9 9 12.2 36.7 19.2 -999.99 0 2.9 0.5 355.7
ntarla 1991 1 10 10 12.7 38.3 19.7 -999.99 0 3.4 0.6 355.7
ntarla 1991 1 11 11 15.2 38 20.2 -999.99 0 3.6 0.7 355.7
ntarla 1991 1 12 12 14.7 38 20.7 -999.99 0 4 0.9 355.7
ntarla 1991 1 13 13 14.2 36.7 19.6 -999.99 0 3.6 0.7 355.7
ntarla 1991 1 14 14 13.7 37.5 19.6 -999.99 0 2.5 0.7 355.7
ntarla 1991 1 15 15 14.7 38.5 20.1 -999.99 0 1.4 0.8 355.7
ntarla 1991 1 16 16 17.2 39.7 19.8 -999.99 0 2.2 1.1 355.7
ntarla 1991 1 17 17 20.7 37 10.2 -999.99 0 3.7 1 355.7
ntarla 1991 1 18 18 18.7 38 19.8 -999.99 0 3.3 1 355.7
ntarla 1991 1 19 19 16.2 38.5 20.6 -999.99 0 2.9 0.7 355.7
ntarla 1991 1 20 20 17.7 40 21.3 -999.99 0 3 0.7 355.7
ntarla 1991 1 21 21 15.7 40.4 20.3 -999.99 0 3.2 1.1 355.7
ntarla 1991 1 22 22 18.2 40 16.6 -999.99 0 3.3 0.7 355.7
ntarla 1991 1 23 23 16.2 40 20.9 -999.99 0 2.9 0.5 355.7
ntarla 1991 1 24 24 14.7 41 21 -999.99 0 2.5 0.9 355.7
ntarla 1991 1 25 25 14.7 40.6 21.3 -999.99 0 2.5 1 355.7
ntarla 1991 1 26 26 16.2 40 20.5 -999.99 0 3.1 1.3 355.7
ntarla 1991 1 27 27 14.2 40 21.4 -999.99 0 3.3 0.6 355.7
ntarla 1991 1 28 28 15.7 40 17.4 -999.99 0 4 0.4 355.7
ntarla 1991 1 29 29 15.2 40.4 19.1 -999.99 0 4.3 0.5 355.7
ntarla 1991 1 30 30 15.7 41.5 21 -999.99 0 4.8 0.5 355.7
ntarla 1991 1 31 31 15.7 41.3 21.6 -999.99 0 4.5 0.7 355.7
ntarla 1991 2 1 32 10.9 39.7 21.7 -999.99 0 4.7 0.4 355.7
ntarla 1991 2 2 33 13.4 38.7 21.9 -999.99 0 4.3 0.4 355.7
ntarla 1991 2 3 34 15.9 36.7 15.5 -999.99 0 4 0.3 355.7
ntarla 1991 2 4 35 14.4 34.3 18.2 -999.99 0 4.1 0.4 355.7
ntarla 1991 2 5 36 14.9 35.2 20.7 -999.99 0 3.7 0.4 355.7
ntarla 1991 2 6 37 14.4 35.6 18.8 -999.99 0 3.5 0.5 355.7
ntarla 1991 2 7 38 13.4 38.7 22.7 -999.99 0 2.9 0.5 355.7
ntarla 1991 2 8 39 13.9 39.2 22.2 -999.99 0 3.1 0.4 355.7
ntarla 1991 2 9 40 14.4 40.2 22.2 -999.99 0 3 0.5 355.7
ntarla 1991 2 10 41 15.4 41.7 21.6 -999.99 0 3.1 0.5 355.7
ntarla 1991 2 11 42 16.4 40.2 21.6 -999.99 0 3.6 0.5 355.7
ntarla 1991 2 12 43 15.4 40.6 21.7 -999.99 0 2.6 0.5 355.7
ntarla 1991 2 13 44 17.9 42.2 18.3 -999.99 0 1.3 0.6 355.7
ntarla 1991 2 14 45 26.4 39.7 16.3 -999.99 0 3.6 4.1 355.7
ntarla 1991 2 15 46 23.9 34.2 11.4 -999.99 0 2 2.2 355.7
ntarla 1991 2 16 47 20.4 37.2 18.9 -999.99 0 3.5 1.7 355.7
ntarla 1991 2 17 48 17.9 37.7 19.5 -999.99 0 2.8 0.9 355.7
ntarla 1991 2 18 49 17.9 41.7 23.2 -999.99 0 1.5 1.4 355.7
ntarla 1991 2 19 50 18.9 41.7 22.7 -999.99 0 3 0.8 355.7
ntarla 1991 2 20 51 22.9 39.7 17 -999.99 0 3.5 1.1 355.7
ntarla 1991 2 21 52 23.9 40.2 22.5 -999.99 0 3.7 1.2 355.7
ntarla 1991 2 22 53 17.9 42.3 22.2 -999.99 0 3.5 0.8 355.7
ntarla 1991 2 23 54 17.4 44.2 24.5 -999.99 0 3.9 0.9 355.7
ntarla 1991 2 24 55 17.9 43.2 22.8 -999.99 0 4.1 0.7 355.7
ntarla 1991 2 25 56 16.9 40.3 23.2 -999.99 0 3.5 0.8 355.7
ntarla 1991 2 26 57 16.9 39.2 23.2 -999.99 0 3.5 0.6 355.7
ntarla 1991 2 27 58 17.9 40.5 22.8 -999.99 0 3 0.4 355.7
ntarla 1991 2 28 59 19.9 40.2 16 -999.99 0 2.8 0.6 355.7
ntarla 1991 3 1 60 21.6 38.8 12.9 -999.99 0 3.6 0.6 355.7
ntarla 1991 3 2 61 21.6 40.8 21.9 -999.99 0 2.4 1.3 355.7
ntarla 1991 3 3 62 20.1 41.3 22.9 -999.99 0 3.6 1.2 355.7
ntarla 1991 3 4 63 19.6 42.8 22.9 -999.99 0 3.5 0.5 355.7
ntarla 1991 3 5 64 18.6 43.8 23.3 -999.99 0 2.2 0.5 355.7
ntarla 1991 3 6 65 18.6 43.4 22.9 -999.99 0 2 2.7 355.7
ntarla 1991 3 7 66 24.1 43.3 22.2 -999.99 0 2.6 4.2 355.7
ntarla 1991 3 8 67 28.1 40.8 15 -999.99 0.2 2.2 5.1 355.7
ntarla 1991 3 9 68 26.1 41.3 19.2 -999.99 0.7 0.8 4.9 355.7
ntarla 1991 3 10 69 26.6 43.9 17.1 -999.99 0 0.8 4.1 355.7
ntarla 1991 3 11 70 23.6 44.8 21 -999.99 0 1.5 2.1 355.7
ntarla 1991 3 12 71 25.1 43.8 21.2 -999.99 0 1.1 2.4 355.7
ntarla 1991 3 13 72 21.6 43.3 23.3 -999.99 0 2.3 5.8 355.7
ntarla 1991 3 14 73 25.6 42.3 22.5 -999.99 0 0.9 1.8 355.7
ntarla 1991 3 15 74 22.6 38.8 18.7 -999.99 0 2.4 1.4 355.7
ntarla 1991 3 16 75 21.6 40.8 20.5 -999.99 0 3.4 1.3 355.7
ntarla 1991 3 17 76 19.1 41.8 22.9 -999.99 0 3.9 0.8 355.7
ntarla 1991 3 18 77 19.1 41.8 22.9 -999.99 0 3.5 0.8 355.7
ntarla 1991 3 19 78 19.6 40.8 22.6 -999.99 0 3.3 0.8 355.7
ntarla 1991 3 20 79 21.1 41.8 22.7 -999.99 0 3.8 0.6 355.7
ntarla 1991 3 21 80 24.1 41.8 18.2 -999.99 0 3.2 0.9 355.7
ntarla 1991 3 22 81 23.7 43.3 19.7 -999.99 0 1.9 1.2 355.7
ntarla 1991 3 23 82 22.6 42.8 20.8 -999.99 0 2.2 6.6 355.7
ntarla 1991 3 24 83 21.6 40.3 22.2 -999.99 0 3.4 1.4 355.7
ntarla 1991 3 25 84 20.6 41.8 21.1 -999.99 0 3.1 0.9 355.7
ntarla 1991 3 26 85 24.1 42.8 20.7 -999.99 0 2.1 1.4 355.7
ntarla 1991 3 27 86 25.1 42.8 20.7 -999.99 0 2.1 1.3 355.7
ntarla 1991 3 28 87 25.6 43.8 18.7 -999.99 0 1.8 1.4 355.7
ntarla 1991 3 29 88 22.1 45.8 23.2 -999.99 0 1.2 2.8 355.7
ntarla 1991 3 30 89 24.1 43.8 22.5 -999.99 0 2.2 6.6 355.7
ntarla 1991 3 31 90 25.1 42.8 18.1 -999.99 0 1.1 7.1 355.7
ntarla 1991 4 1 91 24.3 44.1 22.6 -999.99 0 2.1 4.7 355.7
ntarla 1991 4 2 92 23.8 42.5 17.6 -999.99 0 1.6 7.2 355.7
ntarla 1991 4 3 93 22.3 43.5 24.1 -999.99 0 1 3.2 355.7
ntarla 1991 4 4 94 21.8 41.5 24.9 -999.99 0 3.1 1.2 355.7
ntarla 1991 4 5 95 19.3 41.5 25.4 -999.99 0 2.8 0.8 355.7
ntarla 1991 4 6 96 19.8 43 25.4 -999.99 0 1.9 0.7 355.7
ntarla 1991 4 7 97 19.3 43.6 25.6 -999.99 0 2.8 0.6 355.7
ntarla 1991 4 8 98 21.3 44 23.6 -999.99 0 1.1 0.9 355.7
ntarla 1991 4 9 99 23.3 44 24.7 -999.99 0 0.9 1 355.7
ntarla 1991 4 10 100 23.3 44.5 25.1 -999.99 0 0.9 1.3 355.7
ntarla 1991 4 11 101 27.3 43.3 24.2 -999.99 0 1.2 3.5 355.7
ntarla 1991 4 12 102 24.3 43.5 23.6 -999.99 0 1.7 6.6 355.7
ntarla 1991 4 13 103 24.8 42.5 22.7 -999.99 0 0.8 3.7 355.7
ntarla 1991 4 14 104 26.8 43 21.1 -999.99 0 2 7 355.7
ntarla 1991 4 15 105 27.8 42.1 22.7 -999.99 0 2.5 7.1 355.7
ntarla 1991 4 16 106 31.8 43.5 24.4 -999.99 0 3 6.5 355.7
ntarla 1991 4 17 107 29.3 42.1 18.8 -999.99 3.7 2.4 4.6 355.7
ntarla 1991 4 18 108 25.3 43.5 25.9 -999.99 0.8 1.2 6.6 355.7
ntarla 1991 4 19 109 26.8 43.5 25.3 -999.99 0 1.6 4.6 355.7
ntarla 1991 4 20 110 27.3 45.1 24.5 -999.99 0 1.7 3.9 355.7
ntarla 1991 4 21 111 26.3 43.5 24.2 -999.99 0 2.8 4.2 355.7
ntarla 1991 4 22 112 30.3 45.4 25.9 -999.99 2 1.7 9.7 355.7
ntarla 1991 4 23 113 28.8 45 24.7 -999.99 0.2 2.1 5.6 355.7
ntarla 1991 4 24 114 25.8 43.5 21.1 -999.99 0 1.1 3.5 355.7
ntarla 1991 4 25 115 28.8 46 23.7 -999.99 0 0.8 2.2 355.7
ntarla 1991 4 26 116 24.8 45.5 24.9 -999.99 0 1.6 2 355.7
ntarla 1991 4 27 117 25.8 44.1 25.5 -999.99 0 1.6 2 355.7
ntarla 1991 4 28 118 25.8 42.5 20.2 -999.99 0 1.3 1.3 355.7
ntarla 1991 4 29 119 25.8 41 13.2 -999.99 0 1.6 4.1 355.7
ntarla 1991 4 30 120 29.8 41 19.5 -999.99 0 1.4 6.6 355.7
ntarla 1991 5 1 121 26.5 42.6 17 -999.99 0 1 3.5 355.7
ntarla 1991 5 2 122 30 44.1 20.5 -999.99 0 3.7 1.4 355.7
ntarla 1991 5 3 123 23.5 44.4 24.5 -999.99 0 1.1 3.8 355.7
ntarla 1991 5 4 124 25.5 43.6 25.4 -999.99 0 2.5 7.9 355.7
ntarla 1991 5 5 125 30.5 40.6 23.4 -999.99 0 2.6 11.2 355.7
ntarla 1991 5 6 126 30 42.1 24.6 -999.99 0 3 6.7 355.7
ntarla 1991 5 7 127 30.5 44.1 23.2 -999.99 0 2.7 10.7 355.7
ntarla 1991 5 8 128 32.5 43.1 20.1 -999.99 17.4 1.6 19.8 355.7
ntarla 1991 5 9 129 27.5 40.6 23.6 -999.99 0 0.6 6.2 355.7
ntarla 1991 5 10 130 31 42.1 21.3 -999.99 0 1.6 12.2 355.7
ntarla 1991 5 11 131 30 39.6 20.1 -999.99 0 1.2 5.9 355.7
ntarla 1991 5 12 132 29 41.6 20.9 -999.99 0 1.1 4.1 355.7
ntarla 1991 5 13 133 25 42.1 22.5 -999.99 0 0.9 2.7 355.7
ntarla 1991 5 14 134 26 42.1 22.2 -999.99 0 1.6 7.5 355.7
ntarla 1991 5 15 135 30.5 42.6 19.6 -999.99 1.2 2.3 8.8 355.7
ntarla 1991 5 16 136 27 39.5 17.9 -999.99 1.7 1.9 12.4 355.7
ntarla 1991 5 17 137 26.5 38.6 19.7 -999.99 0 1.6 6.1 355.7
ntarla 1991 5 18 138 30.5 42.1 23.8 -999.99 7.4 2.7 12.6 355.7
ntarla 1991 5 19 139 25 36.1 17.4 -999.99 0 2.5 6.6 355.7
ntarla 1991 5 20 140 28 40.1 25.3 -999.99 34.8 2.2 11.8 355.7
ntarla 1991 5 21 141 24.5 34.6 16.7 -999.99 0 2.9 5.1 355.7
ntarla 1991 5 22 142 26.5 36.1 21.8 -999.99 0 2.9 5.7 355.7
ntarla 1991 5 23 143 27 39.6 23.7 -999.99 0 2.4 10.6 355.7
ntarla 1991 5 24 144 29 36.8 9.3 -999.99 0 2.7 11 355.7
ntarla 1991 5 25 145 27.5 38.2 23.8 -999.99 0 3 10.3 355.7
ntarla 1991 5 26 146 26.5 38.6 23.2 -999.99 0 2.8 8.7 355.7
ntarla 1991 5 27 147 27.5 35.6 19.4 -999.99 0 2.2 6.6 355.7
ntarla 1991 5 28 148 26.5 39.6 21.2 -999.99 0 2.2 9.9 355.7
ntarla 1991 5 29 149 28.5 32.6 9.3 -999.99 27.7 2.1 10.4 355.7
ntarla 1991 5 30 150 25.5 34.6 14 -999.99 0.2 2.2 10.1 355.7
ntarla 1991 5 31 151 25.5 37.6 25.7 -999.99 0 1.5 10.8 355.7
ntarla 1991 6 1 152 27.2 34.7 13 -999.99 17 0.5 8.7 355.7
ntarla 1991 6 2 153 24.2 35.8 24.6 -999.99 0 1.1 7 355.7
ntarla 1991 6 3 154 27.2 38.8 18.2 -999.99 0 1.2 9.4 355.7
ntarla 1991 6 4 155 26.2 38.8 22.2 -999.99 0 0.8 8.9 355.7
ntarla 1991 6 5 156 28.7 41.3 20 -999.99 0 1.9 8.6 355.7
ntarla 1991 6 6 157 29.2 40.8 20.7 -999.99 0 2.2 7.5 355.7
ntarla 1991 6 7 158 30.2 35.8 15.1 -999.99 39.4 2.9 10.1 355.7
ntarla 1991 6 8 159 23.7 37.3 22.3 -999.99 0 2.3 6.9 355.7
ntarla 1991 6 9 160 26.7 39.3 24.6 -999.99 0 2.2 10.8 355.7
ntarla 1991 6 10 161 27.7 40.3 22.5 -999.99 0 2.2 11 355.7
ntarla 1991 6 11 162 29.2 40.3 22.6 -999.99 0 3.1 15.4 355.7
ntarla 1991 6 12 163 29.2 34.8 9.4 -999.99 35.5 3 12.3 355.7
ntarla 1991 6 13 164 24.2 35.8 24.2 -999.99 0 2.1 8.1 355.7
ntarla 1991 6 14 165 25.7 38 24.4 -999.99 0 2.6 8.3 355.7
ntarla 1991 6 15 166 26.2 38.3 23.2 -999.99 27.4 2.2 9.3 355.7
ntarla 1991 6 16 167 25.2 35.6 19.3 -999.99 0 2 8.5 355.7
ntarla 1991 6 17 168 25.2 37.8 25.1 -999.99 0 2.4 6.4 355.7
ntarla 1991 6 18 169 26.7 39.8 25.1 -999.99 0 2.3 8.7 355.7
ntarla 1991 6 19 170 27.7 39.8 24.8 -999.99 0 2.6 10.2 355.7
ntarla 1991 6 20 171 28.2 39.3 24 -999.99 0 3.1 11 355.7
ntarla 1991 6 21 172 25.2 33.8 13.5 -999.99 1.2 2.4 6.3 355.7
ntarla 1991 6 22 173 25.7 36.8 12.5 -999.99 0 1.9 7.3 355.7
ntarla 1991 6 23 174 25.7 30.8 12.2 -999.99 0.8 1.4 4 355.7
ntarla 1991 6 24 175 25.2 37.3 21.7 -999.99 0 1.8 8.5 355.7
ntarla 1991 6 25 176 26.7 39.3 23.1 -999.99 0 2.5 10.3 355.7
ntarla 1991 6 26 177 27.2 38.3 23.7 -999.99 0 2.9 9.1 355.7
ntarla 1991 6 27 178 26.2 33.6 13.1 -999.99 1.4 2.3 7.3 355.7
ntarla 1991 6 28 179 23.7 37.3 24.2 -999.99 0 1.9 10 355.7
ntarla 1991 6 29 180 26.2 38.8 19.9 -999.99 0 2.2 11.3 355.7
ntarla 1991 6 30 181 25.7 39.8 22.4 -999.99 10.5 2.5 11.2 355.7
ntarla 1991 7 1 182 24.6 35.7 21 -999.99 0 1.7 5.3 355.7
ntarla 1991 7 2 183 26.1 37.2 24.1 -999.99 0 2.8 9.5 355.7
ntarla 1991 7 3 184 25.1 34.7 14.3 -999.99 0 2 7.8 355.7
ntarla 1991 7 4 185 25.1 35.7 23.1 -999.99 0 2.5 9.4 355.7
ntarla 1991 7 5 186 24.1 36.7 16.6 -999.99 0 1.8 9.8 355.7
ntarla 1991 7 6 187 28.1 39.7 14.6 -999.99 0 2.3 14.5 355.7
ntarla 1991 7 7 188 27.6 39.9 24.3 -999.99 0 2.8 14.3 355.7
ntarla 1991 7 8 189 26.6 32.2 15.7 -999.99 12.5 1.8 7.6 355.7
ntarla 1991 7 9 190 24.1 34.2 13.2 -999.99 0 1.5 8 355.7
ntarla 1991 7 10 191 25.6 35.7 19.1 -999.99 6.7 0.6 8.8 355.7
ntarla 1991 7 11 192 25.1 34.9 19.6 -999.99 0 1.6 9.5 355.7
ntarla 1991 7 12 193 25.1 36.7 20.6 -999.99 0 1.6 9.8 355.7
ntarla 1991 7 13 194 25.6 38.2 24.6 -999.99 0 2.7 11.8 355.7
ntarla 1991 7 14 195 25.1 36.7 21.1 -999.99 0 2.9 12.1 355.7
ntarla 1991 7 15 196 25.6 36.7 11.6 -999.99 17.8 2.5 10.6 355.7
ntarla 1991 7 16 197 23.6 33.7 20.5 -999.99 0 2.9 6.9 355.7
ntarla 1991 7 17 198 23.6 35.2 23 -999.99 10.4 1.8 8.4 355.7
ntarla 1991 7 18 199 21.1 33.2 13.8 -999.99 0.9 2.3 7.4 355.7
ntarla 1991 7 19 200 23.6 35.7 23.9 -999.99 0 3.3 7.2 355.7
ntarla 1991 7 20 201 24.6 35.8 21 -999.99 7.6 2.7 9.5 355.7
ntarla 1991 7 21 202 24.6 34.2 18.1 -999.99 1.7 1.9 9.9 355.7
ntarla 1991 7 22 203 25.1 34.2 20.5 -999.99 0 1.9 9.4 355.7
ntarla 1991 7 23 204 25.6 35.7 21.2 -999.99 0 1.8 10.6 355.7
ntarla 1991 7 24 205 23.6 36.7 21.6 -999.99 6.9 2 9.7 355.7
ntarla 1991 7 25 206 25.6 35.5 18.8 -999.99 2 2.6 10.6 355.7
ntarla 1991 7 26 207 25.1 27.2 9.3 -999.99 63.1 2.2 7 355.7
ntarla 1991 7 27 208 23.1 32.2 10.4 -999.99 0 0.7 5.8 355.7
ntarla 1991 7 28 209 24.1 34.2 24.1 -999.99 0 1.4 8.6 355.7
ntarla 1991 7 29 210 25.6 36.6 23.5 -999.99 29.1 1.5 11 355.7
ntarla 1991 7 30 211 23.1 31.2 11.6 -999.99 0 1.9 7 355.7
ntarla 1991 7 31 212 23.1 32.2 15.2 -999.99 0 2.1 6.5 355.7
ntarla 1991 8 1 213 24.8 33.1 19.1 -999.99 0 1.2 7.3 355.7
ntarla 1991 8 2 214 24.8 35 21.1 -999.99 0 2.1 8.5 355.7
ntarla 1991 8 3 215 26.8 36 20.9 -999.99 2 3.2 12 355.7
ntarla 1991 8 4 216 24.3 32.6 10.2 -999.99 61.6 2.5 8.6 355.7
ntarla 1991 8 5 217 22.8 28.1 9.9 -999.99 15.7 2.2 5.6 355.7
ntarla 1991 8 6 218 22.8 33.6 21.7 -999.99 1.5 1.9 6.4 355.7
ntarla 1991 8 7 219 24.8 28 9.2 -999.99 7.1 1.4 8.2 355.7
ntarla 1991 8 8 220 23.3 33.1 21.4 -999.99 13.6 1.8 8.7 355.7
ntarla 1991 8 9 221 22.3 32.6 11.9 -999.99 0 1.4 7.6 355.7
ntarla 1991 8 10 222 24.8 35.1 23 -999.99 2.2 1.6 10 355.7
ntarla 1991 8 11 223 24.3 30.1 11.9 -999.99 14.3 0.6 8.3 355.7
ntarla 1991 8 12 224 23.8 32.6 13.3 -999.99 0 1.6 7.9 355.7
ntarla 1991 8 13 225 24.8 34.1 25.3 -999.99 0 2.2 9.6 355.7
ntarla 1991 8 14 226 24.8 32.1 10.4 -999.99 11.4 1.6 9.5 355.7
ntarla 1991 8 15 227 23.3 33.1 14.8 -999.99 0.4 1.4 8.5 355.7
ntarla 1991 8 16 228 24.3 34.1 24.4 -999.99 0.7 2.1 10 355.7
ntarla 1991 8 17 229 23.8 29.1 9.8 -999.99 7.2 1.3 7.2 355.7
ntarla 1991 8 18 230 23.3 33.1 22 -999.99 5.8 1.4 9.9 355.7
ntarla 1991 8 19 231 23.3 28.6 11.9 -999.99 13.1 1.6 6.3 355.7
ntarla 1991 8 20 232 23.8 33.1 19.4 -999.99 18.9 1.6 10.4 355.7
ntarla 1991 8 21 233 22.8 30.6 15.2 -999.99 0 0.8 7.3 355.7
ntarla 1991 8 22 234 23.3 34.1 23.4 -999.99 0 1.6 8.4 355.7
ntarla 1991 8 23 235 25.3 35.6 24.4 -999.99 47.3 0.9 11 355.7
ntarla 1991 8 24 236 21.8 29.1 8.8 -999.99 0.7 1.1 5.6 355.7
ntarla 1991 8 25 237 23.8 33.6 21.7 -999.99 0 2.1 9.4 355.7
ntarla 1991 8 26 238 24.8 36 23.2 -999.99 14 2.3 11.8 355.7
ntarla 1991 8 27 239 23.8 34.1 23.5 -999.99 9.6 2.3 9.5 355.7
ntarla 1991 8 28 240 22.3 34.6 20.3 -999.99 1.1 0.9 7.7 355.7
ntarla 1991 8 29 241 24.8 32.1 12.2 -999.99 4.8 0.9 9.3 355.7
ntarla 1991 8 30 242 24.3 34.1 23.3 -999.99 9.7 1.3 10 355.7
ntarla 1991 8 31 243 23.8 31.6 12.5 -999.99 9.6 0.7 7.7 355.7
ntarla 1991 9 1 244 23.4 33 20.7 -999.99 0 1.4 9.6 355.7
ntarla 1991 9 2 245 22.9 30.5 10.9 -999.99 16.9 0.4 6.9 355.7
ntarla 1991 9 3 246 23.9 34 21.2 -999.99 36.3 0.8 9.1 355.7
ntarla 1991 9 4 247 22.9 34.5 17.5 -999.99 0.8 1.2 8.7 355.7
ntarla 1991 9 5 248 22.9 34.5 24.4 -999.99 0 1.1 9 355.7
ntarla 1991 9 6 249 24.4 35.5 17 -999.99 21.6 1.4 9.9 355.7
ntarla 1991 9 7 250 24.4 34 20.2 -999.99 19.4 1 9 355.7
ntarla 1991 9 8 251 23.4 34 19.1 -999.99 0 0.5 9.7 355.7
ntarla 1991 9 9 252 25.4 35.5 23.1 -999.99 0 0.8 10.3 355.7
ntarla 1991 9 10 253 25.4 36.5 22.4 -999.99 35.5 1.8 12.5 355.7
ntarla 1991 9 11 254 21.4 35.5 23.8 -999.99 0 1.8 7.9 355.7
ntarla 1991 9 12 255 23.4 36 22.7 -999.99 0 2.2 8.8 355.7
ntarla 1991 9 13 256 24.4 35.6 13.4 -999.99 0 1.5 9.9 355.7
ntarla 1991 9 14 257 24.9 36 20.8 -999.99 0 1.1 10.8 355.7
ntarla 1991 9 15 258 24.9 36 23.9 -999.99 0 1.4 11.7 355.7
ntarla 1991 9 16 259 24.9 36.9 23.5 -999.99 0 2.2 11.2 355.7
ntarla 1991 9 17 260 23.4 36 21.7 -999.99 0 1.2 8.8 355.7
ntarla 1991 9 18 261 23.9 37 20.4 -999.99 15.6 1.3 11 355.7
ntarla 1991 9 19 262 23.4 33.5 17.1 -999.99 5.3 1.2 9 355.7
ntarla 1991 9 20 263 22.9 34.6 21.6 -999.99 13.9 0.8 8 355.7
ntarla 1991 9 21 264 22.9 34.5 21.7 -999.99 0 0.5 8.5 355.7
ntarla 1991 9 22 265 24.4 34.5 22.9 -999.99 0 1.5 9.1 355.7
ntarla 1991 9 23 266 24.9 37 22.7 -999.99 0 1.9 12.5 355.7
ntarla 1991 9 24 267 24.9 36 21.5 -999.99 24 2 9.2 355.7
ntarla 1991 9 25 268 23.4 35.5 22.7 -999.99 0 1.8 9.6 355.7
ntarla 1991 9 26 269 24.9 36.5 22.6 -999.99 12.9 1.4 10.7 355.7
ntarla 1991 9 27 270 21.9 35.5 22.9 -999.99 0 0.4 8.7 355.7
ntarla 1991 9 28 271 24.4 36.1 22.9 -999.99 0 1.6 9.5 355.7
ntarla 1991 9 29 272 23.9 36.8 22.8 -999.99 0 2.2 11.4 355.7
ntarla 1991 9 30 273 24.4 35.5 17.5 -999.99 0 2.1 8 355.7
ntarla 1991 10 1 274 24.3 37.1 21.7 -999.99 0 1.3 11.5 355.7
ntarla 1991 10 2 275 24.8 31.1 13.2 -999.99 0 1.6 7.7 355.7
ntarla 1991 10 3 276 23.3 36.1 19.8 -999.99 0 1.6 9.9 355.7
ntarla 1991 10 4 277 23.8 35 20.5 -999.99 0 1.6 9 355.7
ntarla 1991 10 5 278 25.3 33.1 13.6 -999.99 2.8 1.4 10.3 355.7
ntarla 1991 10 6 279 23.3 32.7 14.5 -999.99 0 0.8 8.3 355.7
ntarla 1991 10 7 280 24.3 35.1 17 -999.99 0 0.7 8.8 355.7
ntarla 1991 10 8 281 23.8 35.7 19 -999.99 0 2 9.5 355.7
ntarla 1991 10 9 282 24.3 37.1 21.6 -999.99 0 1.8 10.6 355.7
ntarla 1991 10 10 283 24.3 35.6 21.6 -999.99 0 1.4 8.6 355.7
ntarla 1991 10 11 284 25.3 34.2 16.1 -999.99 6.6 1.5 8.5 355.7
ntarla 1991 10 12 285 25.3 37.1 20.2 -999.99 0 2.1 10.1 355.7
ntarla 1991 10 13 286 26.3 36.1 20.4 -999.99 0 2.3 12.7 355.7
ntarla 1991 10 14 287 25.3 31.6 8 -999.99 0 2.2 9 355.7
ntarla 1991 10 15 288 22.3 35.1 17.4 -999.99 0 2 8.3 355.7
ntarla 1991 10 16 289 22.8 37.1 21.3 -999.99 0 1.8 9.9 355.7
ntarla 1991 10 17 290 25.8 36.6 20.1 -999.99 2.9 1.1 10.8 355.7
ntarla 1991 10 18 291 23.3 27.1 7.9 -999.99 6.9 0.4 6.4 355.7
ntarla 1991 10 19 292 22.3 34.1 17.8 -999.99 0 0.4 7.5 355.7
ntarla 1991 10 20 293 22.8 37.1 20.3 -999.99 0 2.3 5.4 355.7
ntarla 1991 10 21 294 20.8 37.6 9.3 -999.99 0 0.7 5.8 355.7
ntarla 1991 10 22 295 21.8 36.6 18.2 -999.99 6.6 1.8 6.5 355.7
ntarla 1991 10 23 296 23.3 36.1 18 -999.99 0.2 1.1 8.2 355.7
ntarla 1991 10 24 297 22.8 37.1 20.4 -999.99 0 1 8.3 355.7
ntarla 1991 10 25 298 24.8 37.1 21.2 -999.99 0 2 10.4 355.7
ntarla 1991 10 26 299 22.8 37.1 21.6 -999.99 0 1.3 9.9 355.7
ntarla 1991 10 27 300 20.8 38.1 21.1 -999.99 0 1.1 7.2 355.7
ntarla 1991 10 28 301 21.8 38.1 21.2 -999.99 0 0.9 6.3 355.7
ntarla 1991 10 29 302 17.8 38.6 20.9 -999.99 0 1.3 6.7 355.7
ntarla 1991 10 30 303 19.8 38.1 21 -999.99 0 0.5 4.8 355.7
ntarla 1991 10 31 304 18.8 37.6 21 -999.99 0 1.6 7 355.7
ntarla 1991 11 1 305 20 38.4 21.1 -999.99 0 1.2 7.3 355.7
ntarla 1991 11 2 306 22.5 39.4 20.7 -999.99 0 0.6 8.2 355.7
ntarla 1991 11 3 307 24 39.4 21.5 -999.99 0 0.8 4.8 355.7
ntarla 1991 11 4 308 19.5 39 21.3 -999.99 0 1.1 3.1 355.7
ntarla 1991 11 5 309 19 39.4 20.9 -999.99 0 1.3 6.9 355.7
ntarla 1991 11 6 310 23.5 38.4 20 -999.99 0 2 8 355.7
ntarla 1991 11 7 311 19.5 38.9 20.1 -999.99 0 2.3 3.6 355.7
ntarla 1991 11 8 312 15.5 38.9 21.2 -999.99 0 2.7 1.9 355.7
ntarla 1991 11 9 313 16 38.9 21.1 -999.99 0 1.3 1.8 355.7
ntarla 1991 11 10 314 16 38.9 21.1 -999.99 0 1.6 3 355.7
ntarla 1991 11 11 315 15.5 37.9 20.8 -999.99 0 1.1 3.3 355.7
ntarla 1991 11 12 316 16.5 37.9 20 -999.99 0 1.4 3.9 355.7
ntarla 1991 11 13 317 15.5 37.9 19.4 -999.99 0 2.8 1.2 355.7
ntarla 1991 11 14 318 15.5 37.4 17.9 -999.99 0 3.4 1.2 355.7
ntarla 1991 11 15 319 18 36.9 16.7 -999.99 0 3.4 1.5 355.7
ntarla 1991 11 16 320 17 36.4 13.3 -999.99 0 2.7 1.3 355.7
ntarla 1991 11 17 321 20.5 37.4 16.8 -999.99 0 2.1 1.7 355.7
ntarla 1991 11 18 322 17 37.9 14.6 -999.99 0 2.9 1.1 355.7
ntarla 1991 11 19 323 20.5 38.9 11.1 -999.99 0 2.3 1.6 355.7
ntarla 1991 11 20 324 17.5 38.9 21 -999.99 0 1.6 2.8 355.7
ntarla 1991 11 21 325 20 37.9 19.9 -999.99 0 0.4 2.9 355.7
ntarla 1991 11 22 326 18.5 40.2 20.3 -999.99 0 2.8 1.2 355.7
ntarla 1991 11 23 327 16.5 39.4 21 -999.99 0 2.5 0.9 355.7
ntarla 1991 11 24 328 15 39.4 20.6 -999.99 0 3.4 0.8 355.7
ntarla 1991 11 25 329 15 39 20.3 -999.99 0 3.2 0.9 355.7
ntarla 1991 11 26 330 15 38.4 19.2 -999.99 0 3.4 0.8 355.7
ntarla 1991 11 27 331 13.5 38.4 20.3 -999.99 0 2.5 0.7 355.7
ntarla 1991 11 28 332 14.5 37.4 18.6 -999.99 0 0.8 1 355.7
ntarla 1991 11 29 333 19 37.4 13.7 -999.99 0 1.3 2 355.7
ntarla 1991 11 30 334 17 37.9 17.8 -999.99 0 1.4 1.7 355.7
ntarla 1991 12 1 335 13.8 38.8 19.5 -999.99 0 1.2 1.8 355.7
ntarla 1991 12 2 336 14.3 38.3 20 -999.99 0 0.7 1.3 355.7
ntarla 1991 12 3 337 12.8 38.3 19.3 -999.99 0 2.1 0.6 355.7
ntarla 1991 12 4 338 13.3 38.3 18.5 -999.99 0 0.5 1.7 355.7
ntarla 1991 12 5 339 15.3 37.8 17 -999.99 0 1.7 2 355.7
ntarla 1991 12 6 340 17.3 38.1 14.7 -999.99 0 0.6 1.2 355.7
ntarla 1991 12 7 341 16.8 38.3 13.9 -999.99 0 1.8 1.5 355.7
ntarla 1991 12 8 342 14.8 39.8 16.5 -999.99 0 0.9 1.8 355.7
ntarla 1991 12 9 343 14.3 39.1 19.4 -999.99 0 2.2 0.8 355.7
ntarla 1991 12 10 344 14.3 38.8 20.2 -999.99 0 2.9 1.4 355.7
ntarla 1991 12 11 345 14.3 38.3 19.5 -999.99 0 3.4 0.9 355.7
ntarla 1991 12 12 346 14.3 37.8 17.7 -999.99 0 4.1 0.7 355.7
ntarla 1991 12 13 347 13.8 36.8 17.7 -999.99 0 4.6 0.8 355.7
ntarla 1991 12 14 348 14.8 36.8 20.4 -999.99 0 4.6 0.8 355.7
ntarla 1991 12 15 349 13.8 35.3 19.1 -999.99 0 4.8 0.8 355.7
ntarla 1991 12 16 350 15.3 33.3 14.7 -999.99 0 4.4 0.7 355.7
ntarla 1991 12 17 351 12.8 32.8 17.6 -999.99 0 3.6 0.5 355.7
ntarla 1991 12 18 352 13.8 33.3 17.8 -999.99 0 2.6 0.5 355.7
ntarla 1991 12 19 353 15.8 34.3 18.3 -999.99 0 2.4 0.7 355.7
ntarla 1991 12 20 354 14.8 33.3 17 -999.99 0 3.8 0.6 355.7
ntarla 1991 12 21 355 13.3 34.3 18.9 -999.99 0 3.7 0.6 355.7
ntarla 1991 12 22 356 13.3 34.3 16.7 -999.99 0 3.6 0.6 355.7
ntarla 1991 12 23 357 11.3 33.8 19.6 -999.99 0 3.8 0.5 355.7
ntarla 1991 12 24 358 10.3 32.8 18.7 -999.99 0 3.2 0.4 355.7
ntarla 1991 12 25 359 7.3 34.1 19.8 -999.99 0 2.6 0.3 355.7
ntarla 1991 12 26 360 10.3 35.8 18.7 -999.99 0 3 0.4 355.7
ntarla 1991 12 27 361 10.8 34.8 19 -999.99 0 3.2 0.6 355.7
ntarla 1991 12 28 362 11.8 32.2 10.7 -999.99 0 3.1 0.6 355.7
ntarla 1991 12 29 363 13.8 32.3 12.5 -999.99 0 3.3 0.6 355.7
ntarla 1991 12 30 364 10.8 34.8 17.3 -999.99 0 4.3 0.4 355.7
ntarla 1991 12 31 365 11.8 33.9 15.7 -999.99 0 4 0.3 355.7
