ntarla 2003 1 2 2 8.7 35.5 19.9 -999.99 0 4 0.1 375.98
ntarla 2003 1 3 3 9.2 35.7 20.1 -999.99 0 3.5 0.2 375.98
ntarla 2003 1 4 4 10.7 36.5 19.9 -999.99 0 3.2 0.3 375.98
ntarla 2003 1 5 5 11.7 37 19.5 -999.99 0 2.6 0.2 375.98
ntarla 2003 1 6 6 12.9 37.5 18.8 -999.99 0 2.3 0.2 375.98
ntarla 2003 1 7 7 13.2 38.3 19.2 -999.99 0 2.4 0.2 375.98
ntarla 2003 1 8 8 13.3 37.5 19.3 -999.99 0 3.2 0.2 375.98
ntarla 2003 1 9 9 12.7 36 16.7 -999.99 0 2.7 0.2 375.98
ntarla 2003 1 10 10 15.1 36.1 19.9 -999.99 0 1.8 0.2 375.98
ntarla 2003 1 11 11 12.7 35.5 16.9 -999.99 0 2.2 0.3 375.98
ntarla 2003 1 12 12 15.7 34.7 18.3 -999.99 0 2.4 0.5 375.98
ntarla 2003 1 13 13 16.9 34.5 10.7 -999.99 0 3.2 0.7 375.98
ntarla 2003 1 14 14 19.1 35.7 19.3 -999.99 0 4.1 0.6 375.98
ntarla 2003 1 15 15 20 37.5 17.2 -999.99 0 4.3 0.7 375.98
ntarla 2003 1 16 16 21.7 38.1 19.5 -999.99 0 3.4 0.5 375.98
ntarla 2003 1 17 17 23.2 31.1 7.7 -999.99 0 3.6 0.7 375.98
ntarla 2003 1 18 18 22.9 33 12.9 -999.99 0 3.2 1 375.98
ntarla 2003 1 19 19 21.7 32 8 -999.99 0 3.2 1.4 375.98
ntarla 2003 1 20 20 22.2 36 13.8 -999.99 0 3.2 0.9 375.98
ntarla 2003 1 21 21 17.7 36.1 16.3 -999.99 0 3.9 0.7 375.98
ntarla 2003 1 22 22 18.2 38 16.9 -999.99 0 4.2 0.6 375.98
ntarla 2003 1 23 23 17 38.1 18 -999.99 0 3.9 0.5 375.98
ntarla 2003 1 24 24 15.2 38.1 20.7 -999.99 0 3.8 0.6 375.98
ntarla 2003 1 25 25 21.7 37 14.5 -999.99 0 4.4 0.9 375.98
ntarla 2003 1 26 26 21.7 29.5 13.9 -999.99 0 4.3 0.8 375.98
ntarla 2003 1 27 27 16.7 31.1 17.4 -999.99 0 4.4 0.2 375.98
ntarla 2003 1 28 28 11.7 32 21.4 -999.99 0 4.1 0.1 375.98
ntarla 2003 1 29 29 11.7 33.5 20.4 -999.99 0 2.9 0.1 375.98
ntarla 2003 1 30 30 11.2 36.1 21.8 -999.99 0 3.4 0.2 375.98
ntarla 2003 1 31 31 11.7 38.7 22.3 -999.99 0 2.7 0.2 375.98
ntarla 2003 2 1 32 14.9 40.2 22.2 -999.99 0 3.4 0.3 375.98
ntarla 2003 2 2 33 15.4 40.9 22.4 -999.99 0 4 0.4 375.98
ntarla 2003 2 3 34 16.2 41.7 23.1 -999.99 0 4.1 0.3 375.98
ntarla 2003 2 4 35 15.4 41.7 23 -999.99 0 4.2 0.3 375.98
ntarla 2003 2 5 36 16.7 40.2 9.4 -999.99 0 3.5 0.3 375.98
ntarla 2003 2 6 37 15.1 41.9 22.6 -999.99 0 2.9 0.3 375.98
ntarla 2003 2 7 38 14.9 41.7 21.7 -999.99 0 3.1 0.3 375.98
ntarla 2003 2 8 39 15.4 42.3 22.6 -999.99 0 3.6 0.3 375.98
ntarla 2003 2 9 40 15.4 42.7 9.5 -999.99 0 1.7 0.3 375.98
ntarla 2003 2 10 41 19.9 42.9 21.1 -999.99 0 0.8 1 375.98
ntarla 2003 2 11 42 20.4 43.5 22.5 -999.99 0 2 0.4 375.98
ntarla 2003 2 12 43 20.9 42.9 18.5 -999.99 0 2.7 0.8 375.98
ntarla 2003 2 13 44 24.1 39.9 19.7 -999.99 0 1.6 1.6 375.98
ntarla 2003 2 14 45 25.3 41.2 20.6 -999.99 0 0.9 5.9 375.98
ntarla 2003 2 15 46 22.4 41.2 22.7 -999.99 0 1.7 1.2 375.98
ntarla 2003 2 16 47 21.3 37.3 22.5 -999.99 0 3.8 1.3 375.98
ntarla 2003 2 17 48 20.5 35.8 22.4 -999.99 0 3.9 0.5 375.98
ntarla 2003 2 18 49 19.4 36.7 22 -999.99 0 3.5 0.5 375.98
ntarla 2003 2 19 50 18.5 38.3 20.9 -999.99 0 3.1 0.4 375.98
ntarla 2003 2 20 51 19.4 39.3 22.7 -999.99 0 3.3 0.3 375.98
ntarla 2003 2 21 52 18.9 42.7 22.9 -999.99 0 2.4 0.4 375.98
ntarla 2003 2 22 53 19.4 43.3 23.4 -999.99 0 2.9 0.4 375.98
ntarla 2003 2 23 54 18.9 43.9 23.6 -999.99 0 2.9 0.4 375.98
ntarla 2003 2 24 55 18.9 43.9 23.1 -999.99 0 1.9 0.4 375.98
ntarla 2003 2 25 56 27.3 42.7 16.6 -999.99 0 1.9 0.6 375.98
ntarla 2003 2 26 57 23.9 42.7 14 -999.99 0 2.8 0.5 375.98
ntarla 2003 2 27 58 20.9 41.3 23.4 -999.99 0 3.1 1.9 375.98
ntarla 2003 2 28 59 20.9 41.7 22.7 -999.99 0 3.7 1.7 375.98
ntarla 2003 3 1 60 21.1 41.8 23.5 -999.99 0 4.1 1.2 375.98
ntarla 2003 3 2 61 23.1 40.8 21 -999.99 0 3.8 0.6 375.98
ntarla 2003 3 3 62 21.5 41.8 20.6 -999.99 0 3.6 0.6 375.98
ntarla 2003 3 4 63 24.6 41.3 8.7 -999.99 0 2.9 0.9 375.98
ntarla 2003 3 5 64 24.6 41.3 15.6 -999.99 0 3.3 0.7 375.98
ntarla 2003 3 6 65 22.5 42.8 18.7 -999.99 0 2.6 0.9 375.98
ntarla 2003 3 7 66 21.1 41.4 8.7 -999.99 0 3.3 0.4 375.98
ntarla 2003 3 8 67 21.1 42.8 21.6 -999.99 0 3.5 0.4 375.98
ntarla 2003 3 9 68 21.1 43 21.8 -999.99 0 3.5 0.4 375.98
ntarla 2003 3 10 69 20.6 43.3 23.2 -999.99 0 2.1 0.4 375.98
ntarla 2003 3 11 70 21.5 43.1 22 -999.99 0 2.4 4.6 375.98
ntarla 2003 3 12 71 25.1 43 21.6 -999.99 0 3 4.6 375.98
ntarla 2003 3 13 72 21.4 42.8 19.1 -999.99 0 3.7 0.4 375.98
ntarla 2003 3 14 73 23.6 41 16.7 -999.99 0 5 0.8 375.98
ntarla 2003 3 15 74 19.1 41.4 24.6 -999.99 0 4.6 0.3 375.98
ntarla 2003 3 16 75 20.1 41.8 24.5 -999.99 0 3.6 0.4 375.98
ntarla 2003 3 17 76 18.1 43.8 25.2 -999.99 0 2.7 0.4 375.98
ntarla 2003 3 18 77 19.6 45 23.8 -999.99 0 2.9 0.4 375.98
ntarla 2003 3 19 78 20.6 45.3 24.3 -999.99 0 2.6 0.5 375.98
ntarla 2003 3 20 79 21.5 44.4 21.8 -999.99 0 2.1 0.7 375.98
ntarla 2003 3 21 80 25.6 43.8 22.1 -999.99 0 3.6 5.5 375.98
ntarla 2003 3 22 81 29.4 40.8 16.7 -999.99 0 2.8 2.9 375.98
ntarla 2003 3 23 82 25.6 34.8 9.1 -999.99 0 1.6 5.5 375.98
ntarla 2003 3 24 83 26.1 41.8 19.1 -999.99 0 2 4.8 375.98
ntarla 2003 3 25 84 25.6 42.8 23.4 -999.99 0 2 1.3 375.98
ntarla 2003 3 26 85 21.6 43.4 23.5 -999.99 0 3.6 0.6 375.98
ntarla 2003 3 27 86 20.6 43.4 21.9 -999.99 0 3.4 1 375.98
ntarla 2003 3 28 87 21.1 43.8 25.8 -999.99 0 2.2 0.8 375.98
ntarla 2003 3 29 88 19.1 44.4 25.2 -999.99 0 2.4 0.6 375.98
ntarla 2003 3 30 89 21.6 44.3 22.8 -999.99 0 0.7 2.3 375.98
ntarla 2003 3 31 90 28.1 44.8 23.6 -999.99 0 2 3.7 375.98
ntarla 2003 4 1 91 21.3 45 25 -999.99 0 4 0.5 375.98
ntarla 2003 4 2 92 19.8 45 25.5 -999.99 0 1.3 0.4 375.98
ntarla 2003 4 3 93 21.5 45.5 25.1 -999.99 0 1.1 1 375.98
ntarla 2003 4 4 94 21.8 43.5 24.9 -999.99 0 1 1.3 375.98
ntarla 2003 4 5 95 25.8 43.5 23.5 -999.99 0 2 6.3 375.98
ntarla 2003 4 6 96 25.8 43.5 23.6 -999.99 0 2.5 9.3 375.98
ntarla 2003 4 7 97 29.8 40.5 17.5 -999.99 0 3 9.5 375.98
ntarla 2003 4 8 98 30.3 42.7 20.3 -999.99 0 2.2 8.1 375.98
ntarla 2003 4 9 99 30.3 44.1 20 -999.99 7.5 2.3 10.5 375.98
ntarla 2003 4 10 100 27.8 43.5 23.1 -999.99 0 1 7.9 375.98
ntarla 2003 4 11 101 27.5 45 22.5 -999.99 0 2.1 2.3 375.98
ntarla 2003 4 12 102 30.8 41.1 16.3 -999.99 0 1.9 10.7 375.98
ntarla 2003 4 13 103 31.6 44.1 23.3 -999.99 0 2.4 12.1 375.98
ntarla 2003 4 14 104 29.5 45 25 -999.99 0 2.5 9.5 375.98
ntarla 2003 4 15 105 28.9 44.1 26.2 -999.99 0 1.3 5.7 375.98
ntarla 2003 4 16 106 28.5 42.5 25.8 -999.99 1 1.1 2.1 375.98
ntarla 2003 4 17 107 30.3 40.5 20.7 -999.99 3.6 2.5 12.5 375.98
ntarla 2003 4 18 108 25.3 39.5 9.4 -999.99 0 2 5.5 375.98
ntarla 2003 4 19 109 28.8 41 22.5 -999.99 0 2.6 9 375.98
ntarla 2003 4 20 110 30.5 39 12.5 -999.99 0 2.3 11.9 375.98
ntarla 2003 4 21 111 27.8 44 22.2 -999.99 0 2.5 8.8 375.98
ntarla 2003 4 22 112 31.3 44.6 23.9 -999.99 0 2 13.8 375.98
ntarla 2003 4 23 113 30.3 44 23.9 -999.99 0 2.6 10.8 375.98
ntarla 2003 4 24 114 28.8 44 24.7 -999.99 0 1.5 5.3 375.98
ntarla 2003 4 25 115 30.8 45.1 20.8 -999.99 3.1 1.4 4.4 375.98
ntarla 2003 4 26 116 28.8 42.5 14.5 -999.99 0 1.6 5.5 375.98
ntarla 2003 4 27 117 28.3 45.5 25.7 -999.99 0 1.5 3.9 375.98
ntarla 2003 4 28 118 29.8 44.1 25.8 -999.99 0 1.8 2.4 375.98
ntarla 2003 4 29 119 30.8 42.5 26.4 -999.99 0 3.5 6.8 375.98
ntarla 2003 4 30 120 30.5 45 23.8 -999.99 0 2.4 10 375.98
ntarla 2003 5 1 121 29.5 43.8 25 -999.99 0 2 6.2 375.98
ntarla 2003 5 2 122 30 45.6 24.7 -999.99 0 1.1 5.8 375.98
ntarla 2003 5 3 123 31.5 44.6 22.5 -999.99 0 2.5 6 375.98
ntarla 2003 5 4 124 31.3 43.6 21.1 -999.99 0 2.3 7.8 375.98
ntarla 2003 5 5 125 29.5 44.8 24.3 -999.99 0 0.8 4.4 375.98
ntarla 2003 5 6 126 30 45.1 26.1 -999.99 0 2 6.9 375.98
ntarla 2003 5 7 127 31.5 44 26.3 -999.99 0 2.8 8.5 375.98
ntarla 2003 5 8 128 30 43.6 26.4 -999.99 0 2.8 9.7 375.98
ntarla 2003 5 9 129 30.5 42.6 20.6 -999.99 1.8 2.9 13.9 375.98
ntarla 2003 5 10 130 27.5 39.1 19.4 -999.99 0 2.4 5.4 375.98
ntarla 2003 5 11 131 25.6 43.6 21 -999.99 0 2.1 5.2 375.98
ntarla 2003 5 12 132 31 42.6 24.8 -999.99 0 3.4 12.5 375.98
ntarla 2003 5 13 133 29 43.6 23.6 -999.99 0 3.4 11.2 375.98
ntarla 2003 5 14 134 31 43.2 26.9 -999.99 0 2.8 9.4 375.98
ntarla 2003 5 15 135 31 43.1 24.3 -999.99 0 3.1 13.6 375.98
ntarla 2003 5 16 136 29 38.2 20.2 -999.99 0 2.5 6.1 375.98
ntarla 2003 5 17 137 28.2 38.2 21.1 -999.99 0 2.2 6.8 375.98
ntarla 2003 5 18 138 29.5 43.6 23.5 -999.99 0 2.5 9.5 375.98
ntarla 2003 5 19 139 29.5 42.6 18.9 -999.99 0 1 2.6 375.98
ntarla 2003 5 20 140 31.5 44.2 24.4 -999.99 0 2.9 7 375.98
ntarla 2003 5 21 141 29.2 43.8 23.6 -999.99 13.8 2.2 9.8 375.98
ntarla 2003 5 22 142 21 40.1 24.2 -999.99 0 2.4 6.7 375.98
ntarla 2003 5 23 143 29.3 42.6 26.1 -999.99 0 2.6 8.2 375.98
ntarla 2003 5 24 144 31.5 42.6 15.4 -999.99 27.6 3.5 12.9 375.98
ntarla 2003 5 25 145 22.5 36.8 18.3 -999.99 0 3 4.5 375.98
ntarla 2003 5 26 146 27.5 38.1 24.7 -999.99 0 3 10.3 375.98
ntarla 2003 5 27 147 30.4 38.2 19.9 -999.99 28.7 2.5 9.5 375.98
ntarla 2003 5 28 148 23.5 31.8 16.4 -999.99 0 2.1 4.6 375.98
ntarla 2003 5 29 149 25.5 36.2 25.7 -999.99 0 2.6 5 375.98
ntarla 2003 5 30 150 28.5 37.1 19.9 -999.99 18.1 2.7 6.7 375.98
ntarla 2003 5 31 151 23.2 36.6 22.8 -999.99 5.8 2.5 7.5 375.98
ntarla 2003 6 1 152 24.7 36.1 24.8 -999.99 26.3 2.5 8.5 375.98
ntarla 2003 6 2 153 21.7 32.5 17.8 -999.99 0 2.2 4.6 375.98
ntarla 2003 6 3 154 26.2 34.4 24.3 -999.99 0 1.8 7.7 375.98
ntarla 2003 6 4 155 27.7 37 23.9 -999.99 0 1.4 9.2 375.98
ntarla 2003 6 5 156 27.7 37.8 22.5 -999.99 0 1.9 7.1 375.98
ntarla 2003 6 6 157 26.1 31.3 14.6 -999.99 0 1.9 5 375.98
ntarla 2003 6 7 158 24.2 37.1 25.6 -999.99 0 2 6.7 375.98
ntarla 2003 6 8 159 27.7 37.3 24.7 -999.99 0 2.4 10.2 375.98
ntarla 2003 6 9 160 27.3 37.4 16.1 -999.99 0 1 6.4 375.98
ntarla 2003 6 10 161 29.7 37.3 22.5 -999.99 18.5 2.4 11.2 375.98
ntarla 2003 6 11 162 23.2 35.4 23.9 -999.99 12.6 2.4 4.6 375.98
ntarla 2003 6 12 163 22.7 34 21 -999.99 0 0.8 6.2 375.98
ntarla 2003 6 13 164 25.9 31.8 15.6 -999.99 3.8 2.3 6.3 375.98
ntarla 2003 6 14 165 22.7 34.4 21.4 -999.99 0 2.1 4.7 375.98
ntarla 2003 6 15 166 25.3 37.4 25.7 -999.99 0 1.6 8 375.98
ntarla 2003 6 16 167 27.7 38.8 25.7 -999.99 0 2.9 9.2 375.98
ntarla 2003 6 17 168 27.2 38.3 25.8 -999.99 0 3.5 10.9 375.98
ntarla 2003 6 18 169 26.2 33 10.6 -999.99 1.7 3.2 8.1 375.98
ntarla 2003 6 19 170 25.2 38.3 25.2 -999.99 9.7 2.8 8.2 375.98
ntarla 2003 6 20 171 21.2 32.3 20.2 -999.99 0 2.7 5.1 375.98
ntarla 2003 6 21 172 25.7 35.3 26.8 -999.99 0 3.1 9.6 375.98
ntarla 2003 6 22 173 26.7 28.3 10 -999.99 14.6 2.1 6.3 375.98
ntarla 2003 6 23 174 22.7 32.8 23 -999.99 0 1.6 5.8 375.98
ntarla 2003 6 24 175 25.7 34.3 23.1 -999.99 10.7 1.3 6 375.98
ntarla 2003 6 25 176 21.5 34.8 24.8 -999.99 0.4 1.5 4.7 375.98
ntarla 2003 6 26 177 23.2 33.1 20.8 -999.99 0 1.9 4.8 375.98
ntarla 2003 6 27 178 23.2 33.3 17.7 -999.99 0 1.9 6.1 375.98
ntarla 2003 6 28 179 24.7 33.8 24.5 -999.99 0 2 6 375.98
ntarla 2003 6 29 180 25.2 36.3 21.2 -999.99 0 1.9 9.9 375.98
ntarla 2003 6 30 181 23.7 36.4 25.1 -999.99 0 1.3 7.9 375.98
ntarla 2003 7 1 182 26.9 36.5 22.2 -999.99 50.9 2.9 9.7 375.98
ntarla 2003 7 2 183 21.6 30.2 12.1 -999.99 13.9 2.4 5.4 375.98
ntarla 2003 7 3 184 24.1 34.2 26 -999.99 0 2.1 5.9 375.98
ntarla 2003 7 4 185 26.9 27.3 9.3 -999.99 12.9 2 6.9 375.98
ntarla 2003 7 5 186 23.6 31.6 24 -999.99 0 2.3 5.9 375.98
ntarla 2003 7 6 187 25.1 32.7 17.9 -999.99 4.6 2 8.1 375.98
ntarla 2003 7 7 188 23.6 32.2 18.6 -999.99 0 2.6 7.2 375.98
ntarla 2003 7 8 189 24.8 30.5 11.8 -999.99 70.3 2.6 6.2 375.98
ntarla 2003 7 9 190 22.1 31.7 23.8 -999.99 0 1.5 6.5 375.98
ntarla 2003 7 10 191 25.1 32.2 19.3 -999.99 0.6 1.2 8.4 375.98
ntarla 2003 7 11 192 24.1 31.6 16.6 -999.99 0 0.2 5.6 375.98
ntarla 2003 7 12 193 24.6 33.7 25.9 -999.99 0 2 7.1 375.98
ntarla 2003 7 13 194 26.1 34.2 24.9 -999.99 8.3 2.4 9 375.98
ntarla 2003 7 14 195 22.6 31.2 13.9 -999.99 0 2.6 6.2 375.98
ntarla 2003 7 15 196 24.9 31.6 15.4 -999.99 1.4 2.6 4.5 375.98
ntarla 2003 7 16 197 24.6 32.7 24.5 -999.99 0 1.3 7.7 375.98
ntarla 2003 7 17 198 25.2 32.7 16.3 -999.99 45 1.5 7.8 375.98
ntarla 2003 7 18 199 22.6 32.5 22.7 -999.99 0 2.2 5.8 375.98
ntarla 2003 7 19 200 24.6 32.7 25.6 -999.99 50.9 1.9 7.7 375.98
ntarla 2003 7 20 201 22.6 28.7 11 -999.99 1.8 1.7 5.1 375.98
ntarla 2003 7 21 202 23.6 33.7 21.6 -999.99 0 2.7 7 375.98
ntarla 2003 7 22 203 24.6 31.2 11.6 -999.99 15.7 2.2 6.6 375.98
ntarla 2003 7 23 204 23.1 32 20.7 -999.99 0.9 1.5 5 375.98
ntarla 2003 7 24 205 25.8 32.7 19.4 -999.99 20.2 1.7 8 375.98
ntarla 2003 7 25 206 24.1 32.9 17.7 -999.99 0 1.2 5.6 375.98
ntarla 2003 7 26 207 25.1 34.2 23.1 -999.99 0 1 7.7 375.98
ntarla 2003 7 27 208 25.6 34.2 21.5 -999.99 19.4 1.6 8.7 375.98
ntarla 2003 7 28 209 21.1 33.2 24.1 -999.99 0 2 6.2 375.98
ntarla 2003 7 29 210 24.6 34 25 -999.99 29.6 2.1 7.4 375.98
ntarla 2003 7 30 211 23.6 31.3 20.3 -999.99 0 2.3 6.8 375.98
ntarla 2003 7 31 212 23.6 32.3 27.1 -999.99 0 2.2 5.2 375.98
ntarla 2003 8 1 213 24.8 32.1 12.8 -999.99 2.3 1.6 7.1 375.98
ntarla 2003 8 2 214 24.8 31.7 15.6 -999.99 25.2 1.9 8.1 375.98
ntarla 2003 8 3 215 22.5 30.6 20.3 -999.99 0 1.6 4.2 375.98
ntarla 2003 8 4 216 23.9 29.9 14.1 -999.99 18.6 1.6 6.1 375.98
ntarla 2003 8 5 217 22.8 31.1 24 -999.99 0 1 6.4 375.98
ntarla 2003 8 6 218 23.8 32.6 15.7 -999.99 0 2 6.8 375.98
ntarla 2003 8 7 219 24.3 24.7 10.4 -999.99 55.7 2 5 375.98
ntarla 2003 8 8 220 23.3 29.8 17.6 -999.99 31.9 2 4.7 375.98
ntarla 2003 8 9 221 23.3 30.6 19.3 -999.99 0.7 1.1 6.6 375.98
ntarla 2003 8 10 222 24.5 31.9 25.6 -999.99 0 1.5 7.9 375.98
ntarla 2003 8 11 223 24.8 29.5 9.2 -999.99 11.4 1.3 7 375.98
ntarla 2003 8 12 224 22.8 31.3 22.4 -999.99 8.2 0.9 5.3 375.98
ntarla 2003 8 13 225 23.8 31.1 14.3 -999.99 0.8 1.1 6 375.98
ntarla 2003 8 14 226 23.8 32.1 24.4 -999.99 8.3 1.7 8.6 375.98
ntarla 2003 8 15 227 22.3 30.6 14.9 -999.99 10.1 0.6 5.7 375.98
ntarla 2003 8 16 228 24.3 31.1 11.4 -999.99 16.4 1 5.8 375.98
ntarla 2003 8 17 229 21.8 29.1 13.7 -999.99 0.7 0.9 4.7 375.98
ntarla 2003 8 18 230 22.9 30.5 16.5 -999.99 0 1.4 6.5 375.98
ntarla 2003 8 19 231 23.8 32.6 24.4 -999.99 0 1.5 7.5 375.98
ntarla 2003 8 20 232 25.8 31.1 17.7 -999.99 6.9 2.3 9.1 375.98
ntarla 2003 8 21 233 23.3 31 21.8 -999.99 3.5 1.1 6.9 375.98
ntarla 2003 8 22 234 23.5 31.2 26.4 -999.99 0 1.6 7.3 375.98
ntarla 2003 8 23 235 24.3 31.1 20.8 -999.99 72.3 1.4 7.6 375.98
ntarla 2003 8 24 236 20.8 28.5 13.1 -999.99 47.1 1.3 4.7 375.98
ntarla 2003 8 25 237 21.8 30.1 16 -999.99 0 2 5 375.98
ntarla 2003 8 26 238 23.3 33.1 26.1 -999.99 0 1.1 5.7 375.98
ntarla 2003 8 27 239 24.8 34.1 26.1 -999.99 0 1.4 6.6 375.98
ntarla 2003 8 28 240 24.3 29.6 9.6 -999.99 22.1 1.1 7.3 375.98
ntarla 2003 8 29 241 23.8 32.1 17.2 -999.99 6 1.1 7.5 375.98
ntarla 2003 8 30 242 22.3 29.6 13.7 -999.99 0 0.5 5.6 375.98
ntarla 2003 8 31 243 23.8 32.7 21.8 -999.99 5.3 0.3 6.4 375.98
ntarla 2003 9 1 244 22 31.5 16 -999.99 0 1.3 6 375.98
ntarla 2003 9 2 245 24.4 30 9.5 -999.99 11.3 1.3 8 375.98
ntarla 2003 9 3 246 23 31 19.8 -999.99 1.4 1.1 8 375.98
ntarla 2003 9 4 247 23 31 25.3 -999.99 3.8 1.3 6.9 375.98
ntarla 2003 9 5 248 23.4 33 19.8 -999.99 0 1.5 7 375.98
ntarla 2003 9 6 249 24 28 9.3 -999.99 13.4 1.3 6.4 375.98
ntarla 2003 9 7 250 23.4 29.5 12.1 -999.99 1.3 0.4 7.6 375.98
ntarla 2003 9 8 251 23.6 31 13 -999.99 0 0.7 8.2 375.98
ntarla 2003 9 9 252 24.4 33.2 23.5 -999.99 0 0.1 7 375.98
ntarla 2003 9 10 253 23.9 34 23.4 -999.99 0 0.3 7.3 375.98
ntarla 2003 9 11 254 23.2 33.8 22.9 -999.99 13.8 1.1 7.9 375.98
ntarla 2003 9 12 255 22.9 31.6 18.7 -999.99 3 1.5 6.3 375.98
ntarla 2003 9 13 256 22.4 31.8 21.8 -999.99 0 1.2 6.8 375.98
ntarla 2003 9 14 257 25 31 13.1 -999.99 2.9 1.9 8.9 375.98
ntarla 2003 9 15 258 23.4 30.9 14.9 -999.99 1.8 1.2 6.9 375.98
ntarla 2003 9 16 259 24.4 32.5 19 -999.99 2.5 1.3 8.7 375.98
ntarla 2003 9 17 260 23.4 33.5 23.5 -999.99 0 0.6 6 375.98
ntarla 2003 9 18 261 23.9 33.8 20.7 -999.99 0 0.6 6.2 375.98
ntarla 2003 9 19 262 24.9 29 8.5 -999.99 0 1 6.5 375.98
ntarla 2003 9 20 263 22.9 32.5 22.1 -999.99 0 1.2 7.1 375.98
ntarla 2003 9 21 264 23.9 32.5 21.3 -999.99 4.1 1.8 7.8 375.98
ntarla 2003 9 22 265 23.4 33.4 19.6 -999.99 0 0.6 8.3 375.98
ntarla 2003 9 23 266 24.4 27.8 8.9 -999.99 17.5 0.9 5.8 375.98
ntarla 2003 9 24 267 21.4 33 23.9 -999.99 0 0.6 6.1 375.98
ntarla 2003 9 25 268 23.4 33 18.7 -999.99 0 1.3 6 375.98
ntarla 2003 9 26 269 24.4 35 22.8 -999.99 0 0.5 5.8 375.98
ntarla 2003 9 27 270 25.4 34.5 19.6 -999.99 17.5 2.2 9.7 375.98
ntarla 2003 9 28 271 21.9 32.5 16.7 -999.99 13.8 1.4 6.8 375.98
ntarla 2003 9 29 272 21.6 32.5 24.9 -999.99 1.8 2.1 4.8 375.98
ntarla 2003 9 30 273 23 33 17.7 -999.99 0 2 6.1 375.98
ntarla 2003 10 1 274 22.3 34.6 23.3 -999.99 0 1.1 4 375.98
ntarla 2003 10 2 275 23.3 36.6 24 -999.99 0 1.6 7.2 375.98
ntarla 2003 10 3 276 22.3 36.6 22.8 -999.99 0 1.9 5.6 375.98
ntarla 2003 10 4 277 22.8 35.1 19 -999.99 0 2.1 5.4 375.98
ntarla 2003 10 5 278 24.8 35.1 23.5 -999.99 0 1.6 7.9 375.98
ntarla 2003 10 6 279 24.3 34.8 20.9 -999.99 0 0.8 7.1 375.98
ntarla 2003 10 7 280 25 35.6 21 -999.99 1 0.9 8.3 375.98
ntarla 2003 10 8 281 25 35.6 22.3 -999.99 0.7 0.9 10.1 375.98
ntarla 2003 10 9 282 24.4 35.6 19.9 -999.99 0 1.1 5.3 375.98
ntarla 2003 10 10 283 23.3 36.6 22.3 -999.99 0 1 3 375.98
ntarla 2003 10 11 284 24.3 36.7 19.6 -999.99 0 1.3 3.8 375.98
ntarla 2003 10 12 285 24.4 37.4 23.6 -999.99 0 0.8 3.3 375.98
ntarla 2003 10 13 286 21.8 37.6 23.1 -999.99 0 0.7 1.6 375.98
ntarla 2003 10 14 287 23 37.6 23 -999.99 0 2.7 5 375.98
ntarla 2003 10 15 288 23.8 35.9 22.2 -999.99 0 1.9 4.3 375.98
ntarla 2003 10 16 289 24.8 36.5 20 -999.99 3.1 1.2 4.6 375.98
ntarla 2003 10 17 290 22.8 34.6 22.4 -999.99 3 1 3.5 375.98
ntarla 2003 10 18 291 23.1 35.6 21.8 -999.99 0 2.8 3.2 375.98
ntarla 2003 10 19 292 24.3 36.7 22.9 -999.99 13.8 2.6 4.7 375.98
ntarla 2003 10 20 293 24.8 34.6 16.3 -999.99 0 0.9 6.1 375.98
ntarla 2003 10 21 294 24.6 34.3 20.3 -999.99 20.7 2 5.4 375.98
ntarla 2003 10 22 295 22 35.6 23 -999.99 0 1.3 3.6 375.98
ntarla 2003 10 23 296 24.8 37.6 22.9 -999.99 0 0.4 3.8 375.98
ntarla 2003 10 24 297 24.3 37.9 22.4 -999.99 0 0.8 1.1 375.98
ntarla 2003 10 25 298 23.8 36.3 22.2 -999.99 0 1.9 8.5 375.98
ntarla 2003 10 26 299 24.1 36.1 18.5 -999.99 4.8 1.8 4.4 375.98
ntarla 2003 10 27 300 23.3 33.6 16.4 -999.99 0 1.8 3.9 375.98
ntarla 2003 10 28 301 23.8 34.5 18.5 -999.99 0.3 0.4 5.9 375.98
ntarla 2003 10 29 302 23.5 37.3 20.7 -999.99 0 1.3 3.1 375.98
ntarla 2003 10 30 303 23.4 39.7 22.7 -999.99 0 1.2 0.8 375.98
ntarla 2003 10 31 304 24.3 35.5 18.1 -999.99 0 2.1 6.1 375.98
ntarla 2003 11 1 305 23.5 36.4 22 -999.99 0 1.5 3.1 375.98
ntarla 2003 11 2 306 23.5 36.9 21.8 -999.99 0 1.5 3.4 375.98
ntarla 2003 11 3 307 24.5 35.6 21.2 -999.99 0 1.4 5.8 375.98
ntarla 2003 11 4 308 24.6 37.9 22.3 -999.99 0 1.4 1.5 375.98
ntarla 2003 11 5 309 19 38.9 21.8 -999.99 0 1.4 2 375.98
ntarla 2003 11 6 310 21.4 37.9 20.5 -999.99 0 2.4 5.8 375.98
ntarla 2003 11 7 311 20 37.9 17.9 -999.99 0 1.7 3.3 375.98
ntarla 2003 11 8 312 20 36.4 20.4 -999.99 0 1.2 5.8 375.98
ntarla 2003 11 9 313 25.6 37 16.7 -999.99 0 0.3 5.7 375.98
ntarla 2003 11 10 314 22 36.9 17.1 -999.99 0 0.4 3 375.98
ntarla 2003 11 11 315 19.6 37.9 20.6 -999.99 0 2.7 0.6 375.98
ntarla 2003 11 12 316 18.7 34.6 14.6 -999.99 0 2.6 0.6 375.98
ntarla 2003 11 13 317 16.5 35.9 21.1 -999.99 0 2.2 0.9 375.98
ntarla 2003 11 14 318 15.5 35.9 21 -999.99 0 2.5 0.7 375.98
ntarla 2003 11 15 319 15.6 36.9 20.7 -999.99 0 2.9 0.5 375.98
ntarla 2003 11 16 320 16.5 37.9 19.8 -999.99 0 2.6 0.4 375.98
ntarla 2003 11 17 321 18 36.9 17.6 -999.99 0 1.4 3.3 375.98
ntarla 2003 11 18 322 20 38 19.6 -999.99 0 1 3.8 375.98
ntarla 2003 11 19 323 21.8 38.4 17.4 -999.99 0 1.4 2.7 375.98
ntarla 2003 11 20 324 19 36.9 15.7 -999.99 0 2.8 0.8 375.98
ntarla 2003 11 21 325 19.6 36.4 18 -999.99 0 3.1 0.4 375.98
ntarla 2003 11 22 326 20 37.4 18.8 -999.99 0 3.5 0.8 375.98
ntarla 2003 11 23 327 17 37.7 19.5 -999.99 0 3.2 0.8 375.98
ntarla 2003 11 24 328 15.6 37.9 19.6 -999.99 0 2.2 1.4 375.98
ntarla 2003 11 25 329 16.5 37.9 18.5 -999.99 0 1 1.7 375.98
ntarla 2003 11 26 330 18.5 38 13.9 -999.99 0 2.5 1.3 375.98
ntarla 2003 11 27 331 15.4 38.9 15.5 -999.99 0 1.9 1.2 375.98
ntarla 2003 11 28 332 15.3 37.9 19.6 -999.99 0 2 1.7 375.98
ntarla 2003 11 29 333 15 37.4 19.6 -999.99 0 3.7 0.4 375.98
ntarla 2003 11 30 334 13.3 36.7 19.8 -999.99 0 4.2 0.4 375.98
ntarla 2003 12 1 335 13.2 35.8 19.9 -999.99 0 3.1 0.6 375.98
ntarla 2003 12 2 336 14 34.5 18.5 -999.99 0 2.9 0.5 375.98
ntarla 2003 12 3 337 16.8 35.5 19.1 -999.99 0 2.9 0.6 375.98
ntarla 2003 12 4 338 17.3 34.9 17.8 -999.99 0 3.1 0.4 375.98
ntarla 2003 12 5 339 14.1 37.3 18.7 -999.99 0 3.1 0.3 375.98
ntarla 2003 12 6 340 15.3 37.4 19.1 -999.99 0 2 0.9 375.98
ntarla 2003 12 7 341 13.8 37.1 16.4 -999.99 0 3.3 0.3 375.98
ntarla 2003 12 8 342 13.8 37.5 19 -999.99 0 4 0.4 375.98
ntarla 2003 12 9 343 13.8 37.3 19.3 -999.99 0 3.8 0.2 375.98
ntarla 2003 12 10 344 14.3 37.6 17.2 -999.99 0 1.9 0.2 375.98
ntarla 2003 12 11 345 14.8 36.3 19.1 -999.99 0 1 0.4 375.98
ntarla 2003 12 12 346 13.8 35.8 19.5 -999.99 0 2.8 0.6 375.98
ntarla 2003 12 13 347 15.3 34.3 18.3 -999.99 0 3.1 0.8 375.98
ntarla 2003 12 14 348 14.3 32.8 17 -999.99 0 3 0.5 375.98
ntarla 2003 12 15 349 13.8 33.8 13.7 -999.99 0 2.7 0.5 375.98
ntarla 2003 12 16 350 14.3 34.3 15.5 -999.99 0 2.3 0.5 375.98
ntarla 2003 12 17 351 12.1 35.3 19.2 -999.99 0 2.2 0.4 375.98
ntarla 2003 12 18 352 12.4 35.6 19.2 -999.99 0 3.1 0.4 375.98
ntarla 2003 12 19 353 11.4 35.1 19.2 -999.99 0 3.7 0.4 375.98
ntarla 2003 12 20 354 10.8 33.5 18.9 -999.99 0 3.5 0.3 375.98
ntarla 2003 12 21 355 11.6 34.8 19.2 -999.99 0 3 0.4 375.98
ntarla 2003 12 22 356 11.4 34.8 18.9 -999.99 0 2.6 0.4 375.98
ntarla 2003 12 23 357 11.2 34.7 18.7 -999.99 0 2.6 0.3 375.98
ntarla 2003 12 24 358 11 34.3 15.4 -999.99 0 2.8 0.2 375.98
ntarla 2003 12 25 359 9.8 34.5 17.8 -999.99 0 3.5 0.2 375.98
ntarla 2003 12 26 360 10.8 31.9 19.4 -999.99 0 3.9 0.2 375.98
ntarla 2003 12 27 361 10.2 32.7 19 -999.99 0 3.7 0.1 375.98
ntarla 2003 12 28 362 11.3 30.8 18.5 -999.99 0 3.9 0.2 375.98
ntarla 2003 12 29 363 9.2 30.8 19.3 -999.99 0 3.7 0.1 375.98
ntarla 2003 12 30 364 8.8 31.3 14.7 -999.99 0 3.3 0.1 375.98
ntarla 2003 12 31 365 11.2 32.9 17.6 -999.99 0 3.4 0.1 375.98
