ntarla 1993 1 2 2 15.2 39.1 18.9 -999.99 0 4.7 0.7 357.21
ntarla 1993 1 3 3 15.2 39 18.1 -999.99 0 3.9 0.8 357.21
ntarla 1993 1 4 4 15.4 38.3 18.4 -999.99 0 4.7 0.7 357.21
ntarla 1993 1 5 5 19.4 32.1 15 -999.99 0 4.6 1 357.21
ntarla 1993 1 6 6 16 28 7.5 -999.99 0 4.7 0.3 357.21
ntarla 1993 1 7 7 12.9 28.3 7.6 -999.99 0 4.3 0.2 357.21
ntarla 1993 1 8 8 10.7 29.1 17.5 -999.99 0 4.3 0.1 357.21
ntarla 1993 1 9 9 11.5 29.5 18.4 -999.99 0 4.3 0.4 357.21
ntarla 1993 1 10 10 10.9 30.5 18.6 -999.99 0 3.7 0.4 357.21
ntarla 1993 1 11 11 9.7 32.3 18.8 -999.99 0 3.4 0.3 357.21
ntarla 1993 1 12 12 11.2 33.5 18.4 -999.99 0 3.4 0.3 357.21
ntarla 1993 1 13 13 10.9 33.7 16 -999.99 0 3 0.4 357.21
ntarla 1993 1 14 14 11.9 33.5 15.4 -999.99 0 3.6 0.5 357.21
ntarla 1993 1 15 15 11.7 33.7 15.8 -999.99 0 3.8 0.4 357.21
ntarla 1993 1 16 16 10.9 34 17.9 -999.99 0 3.3 0.3 357.21
ntarla 1993 1 17 17 11.9 35 19.1 -999.99 0 3.7 0.5 357.21
ntarla 1993 1 18 18 11.2 36.1 19.4 -999.99 0 3.5 0.4 357.21
ntarla 1993 1 19 19 12.9 37.5 19.6 -999.99 0 3.4 0.4 357.21
ntarla 1993 1 20 20 12.2 36.5 19.9 -999.99 0 3.9 0.5 357.21
ntarla 1993 1 21 21 12.9 36.7 19.6 -999.99 0 4.1 0.5 357.21
ntarla 1993 1 22 22 11.7 36.5 19.3 -999.99 0 3.7 0.4 357.21
ntarla 1993 1 23 23 11.5 35 17.7 -999.99 0 3.3 0.3 357.21
ntarla 1993 1 24 24 11.7 35.5 17.4 -999.99 0 3 0.3 357.21
ntarla 1993 1 25 25 12.1 36 16.6 -999.99 0 3.4 0.4 357.21
ntarla 1993 1 26 26 11.2 36.4 19 -999.99 0 3.5 0.4 357.21
ntarla 1993 1 27 27 10.2 35.3 19.3 -999.99 0 4.3 0.4 357.21
ntarla 1993 1 28 28 10.7 33.5 21 -999.99 0 3.6 0.4 357.21
ntarla 1993 1 29 29 7.4 35.3 21.5 -999.99 0 2.3 0.3 357.21
ntarla 1993 1 30 30 9.9 38.5 21 -999.99 0 1.3 0.4 357.21
ntarla 1993 1 31 31 12.6 39.3 21 -999.99 0 1.8 0.5 357.21
ntarla 1993 2 1 32 13.4 38.9 18.1 -999.99 0 3.1 0.4 357.21
ntarla 1993 2 2 33 15.9 37.7 16.3 -999.99 0 3.4 0.5 357.21
ntarla 1993 2 3 34 15.9 36.7 13.3 -999.99 0 3.4 0.9 357.21
ntarla 1993 2 4 35 15.7 39.7 20.2 -999.99 0 3 0.9 357.21
ntarla 1993 2 5 36 14.4 39.7 18.3 -999.99 0 2 0.8 357.21
ntarla 1993 2 6 37 17.4 38.5 8.5 -999.99 0 1.5 3.3 357.21
ntarla 1993 2 7 38 21.1 37.7 8.1 -999.99 0 2.3 2.7 357.21
ntarla 1993 2 8 39 14.1 37.7 17.7 -999.99 0 4.2 0.7 357.21
ntarla 1993 2 9 40 15.6 38.7 17.8 -999.99 0 4.8 0.5 357.21
ntarla 1993 2 10 41 14.4 39.2 19.5 -999.99 0 3.9 0.6 357.21
ntarla 1993 2 11 42 13.9 39.7 20.6 -999.99 0 4 0.5 357.21
ntarla 1993 2 12 43 14.6 41.5 21.8 -999.99 0 3.7 0.6 357.21
ntarla 1993 2 13 44 14.4 40.6 21.6 -999.99 0 3.7 0.8 357.21
ntarla 1993 2 14 45 15.9 38.7 16.9 -999.99 0 3.3 0.7 357.21
ntarla 1993 2 15 46 13.6 39.9 21.8 -999.99 0 3.5 0.6 357.21
ntarla 1993 2 16 47 13.9 39.7 22.3 -999.99 0 3.7 0.6 357.21
ntarla 1993 2 17 48 20.3 39.7 21.8 -999.99 0 3.6 0.6 357.21
ntarla 1993 2 18 49 25.7 40.7 21.7 -999.99 0 3.8 0.9 357.21
ntarla 1993 2 19 50 15 41.5 20.9 -999.99 0 4 0.4 357.21
ntarla 1993 2 20 51 15.7 42.3 21.7 -999.99 0 4.2 0.4 357.21
ntarla 1993 2 21 52 16.1 41.5 21.6 -999.99 0 3 0.4 357.21
ntarla 1993 2 22 53 20.2 40.5 20.9 -999.99 0 1.5 2.4 357.21
ntarla 1993 2 23 54 22.9 39.7 19.9 -999.99 0 2.2 1.7 357.21
ntarla 1993 2 24 55 20.2 38.6 18.2 -999.99 0 2.6 1.4 357.21
ntarla 1993 2 25 56 19.1 40.2 17.7 -999.99 0 2.7 1.4 357.21
ntarla 1993 2 26 57 20.6 40.2 15.6 -999.99 0 3.4 1.3 357.21
ntarla 1993 2 27 58 17.1 40.9 22.5 -999.99 0 2.5 1.2 357.21
ntarla 1993 2 28 59 17.1 41.7 22.4 -999.99 0 2.2 0.7 357.21
ntarla 1993 3 1 60 16.6 42.3 22.5 -999.99 0 1.6 4.7 357.21
ntarla 1993 3 2 61 17 40.6 19.7 -999.99 0 0.9 5.9 357.21
ntarla 1993 3 3 62 15.7 40.6 8.6 -999.99 2.9 0.4 6.1 357.21
ntarla 1993 3 4 63 22.3 41.8 20.4 -999.99 0 2.5 2.1 357.21
ntarla 1993 3 5 64 26.1 43.8 10.6 -999.99 0 3.4 4.8 357.21
ntarla 1993 3 6 65 22.4 43.3 15.9 -999.99 0 2.6 6.2 357.21
ntarla 1993 3 7 66 22.9 42.7 18.7 -999.99 0 0.8 2.9 357.21
ntarla 1993 3 8 67 19.1 43.6 22.8 -999.99 0 1.5 1.9 357.21
ntarla 1993 3 9 68 22.1 41.8 22.7 -999.99 0 1.7 3 357.21
ntarla 1993 3 10 69 19.1 43.3 23.1 -999.99 0 1.7 3.9 357.21
ntarla 1993 3 11 70 23.1 38.8 17.8 -999.99 0 1.6 6.5 357.21
ntarla 1993 3 12 71 24.6 42.3 23.3 -999.99 0 0.8 7.2 357.21
ntarla 1993 3 13 72 20.9 44 23.2 -999.99 0 3 1.3 357.21
ntarla 1993 3 14 73 21.6 41.9 20.9 -999.99 0 3.2 1.2 357.21
ntarla 1993 3 15 74 19.6 43.8 23.1 -999.99 0 2.2 1 357.21
ntarla 1993 3 16 75 27.6 41.5 13.7 -999.99 0 1.8 7.6 357.21
ntarla 1993 3 17 76 22.5 44.8 17.5 -999.99 0 1.8 3.9 357.21
ntarla 1993 3 18 77 25.3 44.8 17.5 -999.99 0 2.1 7.7 357.21
ntarla 1993 3 19 78 28.4 41.8 12.2 -999.99 0 3 6.6 357.21
ntarla 1993 3 20 79 24.8 40.8 21.8 -999.99 0 4.7 0.6 357.21
ntarla 1993 3 21 80 19.9 38.3 23 -999.99 0 4.3 0.7 357.21
ntarla 1993 3 22 81 19.6 39 21.3 -999.99 0 3.6 0.6 357.21
ntarla 1993 3 23 82 15.3 40 22.9 -999.99 0 3.8 0.3 357.21
ntarla 1993 3 24 83 16.1 41.8 23.6 -999.99 0 3.3 0.3 357.21
ntarla 1993 3 25 84 16.1 42.3 23.9 -999.99 0 2.1 0.4 357.21
ntarla 1993 3 26 85 17.3 43.8 23 -999.99 0 1.2 1.5 357.21
ntarla 1993 3 27 86 18.6 43.8 23.2 -999.99 0 2.2 2.4 357.21
ntarla 1993 3 28 87 19.4 43.8 23.8 -999.99 0 2 5.2 357.21
ntarla 1993 3 29 88 23.6 42.8 23.1 -999.99 0 0.9 3.5 357.21
ntarla 1993 3 30 89 23.1 43.8 22.8 -999.99 0 1.8 5.5 357.21
ntarla 1993 3 31 90 18.1 43.3 23.7 -999.99 0 1.4 6.8 357.21
ntarla 1993 4 1 91 22.8 43 22.2 -999.99 0 1.4 4.1 357.21
ntarla 1993 4 2 92 24.1 43.3 20.1 -999.99 0 1.8 8.6 357.21
ntarla 1993 4 3 93 26.1 41.5 19.6 -999.99 0 1.5 3.7 357.21
ntarla 1993 4 4 94 28.3 38.5 11.9 -999.99 0 0.5 5.5 357.21
ntarla 1993 4 5 95 19.8 44.5 23.1 -999.99 0 4 0.6 357.21
ntarla 1993 4 6 96 20.6 43.6 20 -999.99 0 4.7 1 357.21
ntarla 1993 4 7 97 20.3 43.2 22 -999.99 0 2.4 0.8 357.21
ntarla 1993 4 8 98 20 44.5 23.9 -999.99 0 1.3 2.5 357.21
ntarla 1993 4 9 99 21.5 43.5 22.3 -999.99 0 2.1 6.2 357.21
ntarla 1993 4 10 100 25.4 42.3 14.6 -999.99 0 1.5 5.3 357.21
ntarla 1993 4 11 101 27.3 44.5 22.7 -999.99 0 1.5 3.8 357.21
ntarla 1993 4 12 102 25.3 44 21.7 -999.99 0 1.1 3.8 357.21
ntarla 1993 4 13 103 25.8 44.5 24.7 -999.99 0 3.9 6.1 357.21
ntarla 1993 4 14 104 32.3 44.2 21.3 -999.99 0 1.8 5.7 357.21
ntarla 1993 4 15 105 31 36.7 11.2 -999.99 0 2.7 7 357.21
ntarla 1993 4 16 106 26.1 42.3 17.1 -999.99 0 2.5 3.7 357.21
ntarla 1993 4 17 107 27.3 42.7 19.7 -999.99 0 3.6 1.7 357.21
ntarla 1993 4 18 108 19.7 45.4 21 -999.99 0 2.2 1.7 357.21
ntarla 1993 4 19 109 28.1 44.4 23 -999.99 0 0.4 3.3 357.21
ntarla 1993 4 20 110 26.9 44.5 23.3 -999.99 0 1.4 4.9 357.21
ntarla 1993 4 21 111 27.8 44 20.5 -999.99 0 2.9 11.9 357.21
ntarla 1993 4 22 112 28.9 45.3 23.7 -999.99 0 2.3 7.2 357.21
ntarla 1993 4 23 113 30.1 44 21.3 -999.99 0 2.4 9.3 357.21
ntarla 1993 4 24 114 30.1 44.5 22.5 -999.99 0 2.8 7.7 357.21
ntarla 1993 4 25 115 29.8 44.5 23.6 -999.99 7.2 2.4 5.8 357.21
ntarla 1993 4 26 116 21.5 40.7 19.4 -999.99 0 2.9 7.1 357.21
ntarla 1993 4 27 117 27.6 37.5 12 -999.99 0 2.4 8.6 357.21
ntarla 1993 4 28 118 28.8 42.5 21.1 -999.99 0 2.3 12.5 357.21
ntarla 1993 4 29 119 27.5 40 16.5 -999.99 0 1.9 7.9 357.21
ntarla 1993 4 30 120 24.3 44 24.1 -999.99 0 1.4 5.4 357.21
ntarla 1993 5 1 121 27.5 41.4 17.8 -999.99 0 0.6 4 357.21
ntarla 1993 5 2 122 28.5 43.4 21 -999.99 0 2.3 8.6 357.21
ntarla 1993 5 3 123 27.2 43.6 22.8 -999.99 0 3.1 11.4 357.21
ntarla 1993 5 4 124 28.5 36.7 10.4 -999.99 0 2.6 5 357.21
ntarla 1993 5 5 125 27.3 44.6 17.3 -999.99 0 0.7 3.8 357.21
ntarla 1993 5 6 126 29.8 45.1 16.7 -999.99 0 1.7 4.9 357.21
ntarla 1993 5 7 127 29.8 43.4 18.8 -999.99 0 2.1 12.6 357.21
ntarla 1993 5 8 128 28.5 44.6 23.7 -999.99 0 2.1 11.2 357.21
ntarla 1993 5 9 129 26.5 45.6 20 -999.99 0 1.7 11.9 357.21
ntarla 1993 5 10 130 25.2 42.6 19.4 -999.99 0 2.9 12.2 357.21
ntarla 1993 5 11 131 25.2 45.6 23.6 -999.99 0 2.7 12.6 357.21
ntarla 1993 5 12 132 22.5 45.4 20.9 -999.99 0 2.6 8.9 357.21
ntarla 1993 5 13 133 23.4 41.6 14.5 -999.99 0 2.6 6.1 357.21
ntarla 1993 5 14 134 28 43.1 19.5 -999.99 0 3.2 13.1 357.21
ntarla 1993 5 15 135 22.8 45.4 25.7 -999.99 0 0.8 4.7 357.21
ntarla 1993 5 16 136 21.5 38.6 24.6 -999.99 0 1.6 2.8 357.21
ntarla 1993 5 17 137 21.5 42.6 25.3 -999.99 0 2.8 7.6 357.21
ntarla 1993 5 18 138 25.5 42.4 23.8 -999.99 0 3 6.4 357.21
ntarla 1993 5 19 139 30 43.8 21.2 -999.99 0 3 6.7 357.21
ntarla 1993 5 20 140 26.5 45.8 22.2 -999.99 0 3.6 12 357.21
ntarla 1993 5 21 141 21.5 41.6 16.1 -999.99 10 1.8 5 357.21
ntarla 1993 5 22 142 21.5 38.6 21 -999.99 0 1.8 5.4 357.21
ntarla 1993 5 23 143 21.5 42.6 23.6 -999.99 0 2.1 7.4 357.21
ntarla 1993 5 24 144 25.5 42.4 24.3 -999.99 0 2.8 12.5 357.21
ntarla 1993 5 25 145 30 43.8 23.8 -999.99 0 2.2 16.2 357.21
ntarla 1993 5 26 146 26.5 45.8 24.3 -999.99 0 2.3 14.6 357.21
ntarla 1993 5 27 147 25.4 44.8 24.4 -999.99 0 2 9.5 357.21
ntarla 1993 5 28 148 29 44.6 25.1 -999.99 0 2.4 12.9 357.21
ntarla 1993 5 29 149 31 45.1 23.6 -999.99 0 3.1 19.2 357.21
ntarla 1993 5 30 150 28.5 42.6 21.1 -999.99 0 3.4 12.2 357.21
ntarla 1993 5 31 151 26 41.4 22.1 -999.99 23.7 3.4 11.4 357.21
ntarla 1993 6 1 152 17.2 38.8 24.5 -999.99 0 3 5.7 357.21
ntarla 1993 6 2 153 27.7 37 19 -999.99 0 3 10.7 357.21
ntarla 1993 6 3 154 25.7 41.6 25.1 -999.99 0 2.5 11.8 357.21
ntarla 1993 6 4 155 20.2 35.8 15.2 -999.99 2 1.8 4 357.21
ntarla 1993 6 5 156 22.2 41.6 24.6 -999.99 0 2.3 9.5 357.21
ntarla 1993 6 6 157 23.7 39.6 16.6 -999.99 0 1.4 11.2 357.21
ntarla 1993 6 7 158 23.2 40 21.8 -999.99 0 1.6 5.1 357.21
ntarla 1993 6 8 159 26.2 41.3 20.7 -999.99 0 1.2 9.2 357.21
ntarla 1993 6 9 160 25.5 41.8 20.5 -999.99 6.7 2.1 11.4 357.21
ntarla 1993 6 10 161 14.2 39.6 23.8 -999.99 10 2 5.2 357.21
ntarla 1993 6 11 162 23.3 40.8 19.9 -999.99 0 1.8 6.2 357.21
ntarla 1993 6 12 163 21.2 37.6 15 -999.99 10 2.1 6.7 357.21
ntarla 1993 6 13 164 20.7 40.3 22.6 -999.99 0 3.4 5.9 357.21
ntarla 1993 6 14 165 23.2 36.9 18.1 -999.99 0 3.4 8.2 357.21
ntarla 1993 6 15 166 26.2 40.7 24.5 -999.99 0 2.6 8.5 357.21
ntarla 1993 6 16 167 25.7 40.2 24.9 -999.99 0 1.8 6.8 357.21
ntarla 1993 6 17 168 27.7 41 24.5 -999.99 0 2.4 9.9 357.21
ntarla 1993 6 18 169 29.5 41.3 18.6 -999.99 0.9 1.1 12.6 357.21
ntarla 1993 6 19 170 27.2 41.8 22.3 -999.99 0.6 1.5 13.3 357.21
ntarla 1993 6 20 171 18.2 42 23.9 -999.99 1.6 1.8 6.1 357.21
ntarla 1993 6 21 172 29.5 42.5 22.4 -999.99 0 3.5 16.3 357.21
ntarla 1993 6 22 173 26.7 38.8 18.7 -999.99 0 3.8 12.3 357.21
ntarla 1993 6 23 174 27.5 40 18.7 -999.99 0 3.3 12.5 357.21
ntarla 1993 6 24 175 27.7 33.8 10.6 -999.99 23.1 1.4 9.2 357.21
ntarla 1993 6 25 176 23.9 36.8 22.4 -999.99 0 2.1 6.5 357.21
ntarla 1993 6 26 177 26.7 33.8 13.4 -999.99 0 1.9 7.5 357.21
ntarla 1993 6 27 178 25 35.8 17.5 -999.99 0 2.4 5.8 357.21
ntarla 1993 6 28 179 23.7 38.6 15.3 -999.99 0 1.6 11.9 357.21
ntarla 1993 6 29 180 26.9 31.8 9.4 -999.99 29.6 1.2 7.4 357.21
ntarla 1993 6 30 181 23.7 37.8 23.4 -999.99 0 1.3 6.9 357.21
ntarla 1993 7 1 182 25.2 36.7 17.3 -999.99 0 2 5.8 357.21
ntarla 1993 7 2 183 25.7 37.8 23.1 -999.99 2.5 2.3 10.8 357.21
ntarla 1993 7 3 184 23.4 36.5 14.9 -999.99 0 0.4 6.8 357.21
ntarla 1993 7 4 185 23.6 37.2 19.5 -999.99 0 1.4 7.9 357.21
ntarla 1993 7 5 186 24.8 38.7 22.6 -999.99 0 2.3 7.8 357.21
ntarla 1993 7 6 187 26.6 37.7 19.7 -999.99 2 2.3 10.4 357.21
ntarla 1993 7 7 188 25.1 37.7 21 -999.99 0 2 10.9 357.21
ntarla 1993 7 8 189 25.2 37.7 23.8 -999.99 27.7 1.8 9.7 357.21
ntarla 1993 7 9 190 13.2 31.9 11.4 -999.99 0 2.9 3.6 357.21
ntarla 1993 7 10 191 23.3 32.7 15.1 -999.99 29.4 2.7 7.1 357.21
ntarla 1993 7 11 192 25.1 35.1 16.9 -999.99 7.8 1.6 9.6 357.21
ntarla 1993 7 12 193 23.8 35.9 24.6 -999.99 18.5 2.1 8.5 357.21
ntarla 1993 7 13 194 25.6 30.7 11.4 -999.99 9.2 2 6.9 357.21
ntarla 1993 7 14 195 23.6 33.7 19.9 -999.99 1.1 3 8.7 357.21
ntarla 1993 7 15 196 23.3 33.2 17.1 -999.99 0 2.1 8.3 357.21
ntarla 1993 7 16 197 24.1 34.2 15.6 -999.99 0 1.6 8.2 357.21
ntarla 1993 7 17 198 25.6 33.9 14.8 -999.99 23.2 1.6 9.2 357.21
ntarla 1993 7 18 199 22.6 34.7 24.4 -999.99 0 1.9 8.5 357.21
ntarla 1993 7 19 200 25.3 34.9 17.4 -999.99 0 2.7 10.1 357.21
ntarla 1993 7 20 201 24.6 34.2 20.2 -999.99 2.3 2.7 7.9 357.21
ntarla 1993 7 21 202 24.2 35.9 19.8 -999.99 0 2.8 9.4 357.21
ntarla 1993 7 22 203 25.6 31.6 13.1 -999.99 32.8 1.7 8.1 357.21
ntarla 1993 7 23 204 25.1 33.8 16.2 -999.99 0 1.6 8.4 357.21
ntarla 1993 7 24 205 24.2 31.7 12 -999.99 6.7 1 7.9 357.21
ntarla 1993 7 25 206 22.6 34.7 21.8 -999.99 0 1.3 8.7 357.21
ntarla 1993 7 26 207 25.6 33.7 10.8 -999.99 1.6 1.2 10.2 357.21
ntarla 1993 7 27 208 23.6 34.2 17.9 -999.99 0 2 8.1 357.21
ntarla 1993 7 28 209 23.8 36.5 21.8 -999.99 0.9 1.6 8.8 357.21
ntarla 1993 7 29 210 23.1 33.9 18.1 -999.99 0 0.9 8.5 357.21
ntarla 1993 7 30 211 24.7 34.7 19.4 -999.99 15.3 1 9.3 357.21
ntarla 1993 7 31 212 22.8 33.9 24 -999.99 0 1.1 6.6 357.21
ntarla 1993 8 1 213 24.9 35.2 20.8 -999.99 1.9 1.8 10.6 357.21
ntarla 1993 8 2 214 24.3 35.1 24.8 -999.99 0 2.2 9.7 357.21
ntarla 1993 8 3 215 23.6 31.7 10.1 -999.99 7.2 1.4 7.9 357.21
ntarla 1993 8 4 216 23.9 33.8 21.5 -999.99 0 2 9.6 357.21
ntarla 1993 8 5 217 24.4 34.3 19.4 -999.99 25.1 0.9 7.6 357.21
ntarla 1993 8 6 218 20.5 34.3 21.3 -999.99 0 1.4 4.9 357.21
ntarla 1993 8 7 219 25 35.1 22.5 -999.99 7 2.4 8.6 357.21
ntarla 1993 8 8 220 21.8 33.6 16.9 -999.99 0 1.7 7.2 357.21
ntarla 1993 8 9 221 24 36.1 23.9 -999.99 63.9 1.4 10.3 357.21
ntarla 1993 8 10 222 24 31.6 13.1 -999.99 0 1.1 8.3 357.21
ntarla 1993 8 11 223 21.4 32.4 13.6 -999.99 10.4 1.4 6.8 357.21
ntarla 1993 8 12 224 24.3 35.1 25.1 -999.99 0 0.9 9.7 357.21
ntarla 1993 8 13 225 25.3 35.6 21.3 -999.99 14.6 2.9 11.1 357.21
ntarla 1993 8 14 226 21.3 28.1 9.3 -999.99 0.1 2.8 6.8 357.21
ntarla 1993 8 15 227 22.5 33 20.3 -999.99 0 1.8 8.5 357.21
ntarla 1993 8 16 228 24.3 34.9 22.9 -999.99 20.5 1.2 10.9 357.21
ntarla 1993 8 17 229 17 31.2 11.9 -999.99 0 1.7 5.5 357.21
ntarla 1993 8 18 230 23.3 33.3 16.5 -999.99 41.5 1.7 8.7 357.21
ntarla 1993 8 19 231 19.5 28.1 8.8 -999.99 5.4 2 6.4 357.21
ntarla 1993 8 20 232 22.8 33.1 21.8 -999.99 0 1.1 9.1 357.21
ntarla 1993 8 21 233 23.3 35.1 24.3 -999.99 0 1.3 10.4 357.21
ntarla 1993 8 22 234 24.8 35.1 24.3 -999.99 1.4 1.8 10.5 357.21
ntarla 1993 8 23 235 21.8 33.1 14.3 -999.99 15.4 1.6 7.9 357.21
ntarla 1993 8 24 236 24.1 32.9 16.9 -999.99 0 2.6 9.9 357.21
ntarla 1993 8 25 237 23.8 34.9 22.6 -999.99 4.8 1.4 11.4 357.21
ntarla 1993 8 26 238 22.5 32.1 15.4 -999.99 0 0.8 7.2 357.21
ntarla 1993 8 27 239 23.3 35.3 24.6 -999.99 5.3 0.6 8.8 357.21
ntarla 1993 8 28 240 24.5 32.9 13.1 -999.99 63.7 2.6 9.5 357.21
ntarla 1993 8 29 241 21.1 32.6 11.7 -999.99 0 2.6 7 357.21
ntarla 1993 8 30 242 23.3 34.9 23.6 -999.99 0 2.8 8.9 357.21
ntarla 1993 8 31 243 24.3 33.1 16.9 -999.99 0 2 9.3 357.21
ntarla 1993 9 1 244 25.4 30.2 11.1 -999.99 28 1.7 9.4 357.21
ntarla 1993 9 2 245 23.9 29.8 11.7 -999.99 1.8 1.8 8.7 357.21
ntarla 1993 9 3 246 23 32.2 20.7 -999.99 0 1.5 9.8 357.21
ntarla 1993 9 4 247 23.6 33.7 23.6 -999.99 0 2.2 9.8 357.21
ntarla 1993 9 5 248 24.4 34.5 18.8 -999.99 0 2 11.7 357.21
ntarla 1993 9 6 249 23.4 35 21.7 -999.99 0 1.1 11.5 357.21
ntarla 1993 9 7 250 23.4 34.2 22.2 -999.99 0 1.8 9.2 357.21
ntarla 1993 9 8 251 24.4 35.5 23.6 -999.99 0 1 10.7 357.21
ntarla 1993 9 9 252 23 36 23.1 -999.99 0 1.6 10.6 357.21
ntarla 1993 9 10 253 24.4 35.9 18.3 -999.99 7.4 0.9 11.6 357.21
ntarla 1993 9 11 254 21.9 35.2 22.1 -999.99 65.8 1.6 9.6 357.21
ntarla 1993 9 12 255 29.4 32.8 12.8 -999.99 0.5 1.4 12.6 357.21
ntarla 1993 9 13 256 22.9 35 23.8 -999.99 4.4 2.3 9.8 357.21
ntarla 1993 9 14 257 21.9 27.9 8.6 -999.99 0 1.9 6.3 357.21
ntarla 1993 9 15 258 23.4 34 23.4 -999.99 0 1.3 10.1 357.21
ntarla 1993 9 16 259 24.4 31.6 13.2 -999.99 9.4 0.3 8.9 357.21
ntarla 1993 9 17 260 21.8 34.9 22.9 -999.99 0 1.5 7.1 357.21
ntarla 1993 9 18 261 23.9 35.1 17.9 -999.99 3.5 1.4 8.7 357.21
ntarla 1993 9 19 262 23.6 34 17.8 -999.99 2.8 0.7 8.6 357.21
ntarla 1993 9 20 263 22.6 33 14.6 -999.99 0 1.7 8.4 357.21
ntarla 1993 9 21 264 24.6 34 20.7 -999.99 0 1.8 9.9 357.21
ntarla 1993 9 22 265 22.9 35 23.1 -999.99 0 0.7 9.7 357.21
ntarla 1993 9 23 266 23.9 36 22.9 -999.99 0 1.4 11.7 357.21
ntarla 1993 9 24 267 25.4 36.2 22.4 -999.99 1.1 1.5 10.5 357.21
ntarla 1993 9 25 268 21.9 33 20.1 -999.99 0.1 2.6 8 357.21
ntarla 1993 9 26 269 23.5 35 22.3 -999.99 0.4 1.8 10.3 357.21
ntarla 1993 9 27 270 22.6 35.5 22.1 -999.99 0 0.8 8.9 357.21
ntarla 1993 9 28 271 23.2 35 22.4 -999.99 0 1.6 8.6 357.21
ntarla 1993 9 29 272 23.9 37 21.6 -999.99 0 2.2 10.3 357.21
ntarla 1993 9 30 273 24.4 36.1 13.5 -999.99 0 1.3 10.5 357.21
ntarla 1993 10 1 274 25.5 37.2 22.3 -999.99 0 1.8 10.6 357.21
ntarla 1993 10 2 275 24 38.1 22.2 -999.99 0 1.6 10.3 357.21
ntarla 1993 10 3 276 23.3 39.1 19.4 -999.99 6.3 0.8 11.2 357.21
ntarla 1993 10 4 277 23 37 19 -999.99 0 0.7 10.3 357.21
ntarla 1993 10 5 278 25.3 35.1 13.6 -999.99 0 2.4 9.5 357.21
ntarla 1993 10 6 279 22.1 38.3 22.1 -999.99 0.3 1.6 10.2 357.21
ntarla 1993 10 7 280 23.8 37.9 20.4 -999.99 0 1 11.1 357.21
ntarla 1993 10 8 281 23.8 39 20.6 -999.99 1.1 1 9.5 357.21
ntarla 1993 10 9 282 24.5 38.1 21 -999.99 11.3 1.2 11.2 357.21
ntarla 1993 10 10 283 23 34.6 16.5 -999.99 0 2.7 6.9 357.21
ntarla 1993 10 11 284 24.8 35.6 15.6 -999.99 0 1.1 9.2 357.21
ntarla 1993 10 12 285 25 37.4 18.2 -999.99 0 1.8 12.2 357.21
ntarla 1993 10 13 286 23.1 38.8 21.4 -999.99 0 0.9 10.4 357.21
ntarla 1993 10 14 287 22.8 33.6 21.4 -999.99 0 1.3 7.5 357.21
ntarla 1993 10 15 288 23.8 39.1 15 -999.99 0 1.3 11.5 357.21
ntarla 1993 10 16 289 24.1 39.9 18.8 -999.99 0 1.5 13.1 357.21
ntarla 1993 10 17 290 22.7 39.3 21.4 -999.99 0 0.8 8.5 357.21
ntarla 1993 10 18 291 23.8 38.1 17.1 -999.99 0 1.5 9.6 357.21
ntarla 1993 10 19 292 24.4 36.9 11.7 -999.99 0 1.1 9.8 357.21
ntarla 1993 10 20 293 24.3 38.6 20.9 -999.99 0 1.5 8.8 357.21
ntarla 1993 10 21 294 24.5 40.3 21.5 -999.99 0 1.3 10.9 357.21
ntarla 1993 10 22 295 21.8 40.1 21.1 -999.99 0 1.6 8.7 357.21
ntarla 1993 10 23 296 23 38.3 20.2 -999.99 0 1.8 9.7 357.21
ntarla 1993 10 24 297 25.3 37.9 14.4 -999.99 0 1.5 12.1 357.21
ntarla 1993 10 25 298 24.8 37.3 19.2 -999.99 0 1.3 12 357.21
ntarla 1993 10 26 299 24 39.7 21 -999.99 0 0.6 10.9 357.21
ntarla 1993 10 27 300 23.8 40.1 16.7 -999.99 0 1.3 10 357.21
ntarla 1993 10 28 301 22.3 42.1 18.1 -999.99 0 0.7 10.3 357.21
ntarla 1993 10 29 302 22.4 41.1 19.2 -999.99 0 2.5 13.2 357.21
ntarla 1993 10 30 303 25.6 40.9 14.4 -999.99 0 1.9 15.1 357.21
ntarla 1993 10 31 304 24.4 37.6 14.1 -999.99 0 1.7 12.8 357.21
ntarla 1993 11 1 305 23.6 41.3 20.6 -999.99 0 1.3 10 357.21
ntarla 1993 11 2 306 22.2 40.4 21.2 -999.99 0 1.9 7.8 357.21
ntarla 1993 11 3 307 20.9 38.6 19.9 -999.99 0 1.7 8.9 357.21
ntarla 1993 11 4 308 22.6 40.4 21.1 -999.99 0 1.2 9.9 357.21
ntarla 1993 11 5 309 24.2 40.4 20.5 -999.99 0 1.1 11 357.21
ntarla 1993 11 6 310 21.5 40.6 20.3 -999.99 0 1.4 11.6 357.21
ntarla 1993 11 7 311 22.2 40.6 20.7 -999.99 0 0.8 12.1 357.21
ntarla 1993 11 8 312 18.7 40.6 14.8 -999.99 0 0.6 6.1 357.21
ntarla 1993 11 9 313 17.5 39.9 17.5 -999.99 0 2.6 5 357.21
ntarla 1993 11 10 314 21.8 39.4 19.4 -999.99 0 2 7.5 357.21
ntarla 1993 11 11 315 24.2 40.4 19.4 -999.99 0 1.3 10.2 357.21
ntarla 1993 11 12 316 21.2 37.9 15.5 -999.99 0 3.1 3.7 357.21
ntarla 1993 11 13 317 20.7 37.9 18.7 -999.99 0 2.5 3.3 357.21
ntarla 1993 11 14 318 19.5 38.4 17.4 -999.99 0 1.9 3.6 357.21
ntarla 1993 11 15 319 19.3 39.6 18.9 -999.99 0 0.7 4.3 357.21
ntarla 1993 11 16 320 19.5 39.6 17.1 -999.99 0 1.6 7.3 357.21
ntarla 1993 11 17 321 25 39.4 13.2 -999.99 0 1.6 10.9 357.21
ntarla 1993 11 18 322 19.2 39.2 16.7 -999.99 0 1.3 8.6 357.21
ntarla 1993 11 19 323 22.3 40.2 16.7 -999.99 0 0.6 9 357.21
ntarla 1993 11 20 324 22.5 40.5 16.1 -999.99 0 0.9 7.4 357.21
ntarla 1993 11 21 325 23 38.6 15.5 -999.99 0 1.5 9.7 357.21
ntarla 1993 11 22 326 20.5 38.4 16.5 -999.99 0 0.3 7.7 357.21
ntarla 1993 11 23 327 18 40.4 17.8 -999.99 0 1.8 2.7 357.21
ntarla 1993 11 24 328 18.2 40.2 19.1 -999.99 0 0.6 3.4 357.21
ntarla 1993 11 25 329 18 40.2 18.9 -999.99 0 0.7 4.3 357.21
ntarla 1993 11 26 330 18.5 35.4 8.8 -999.99 0 2.9 2.3 357.21
ntarla 1993 11 27 331 23.5 37.4 12.7 -999.99 0 3.7 3.6 357.21
ntarla 1993 11 28 332 18.8 37.4 15.7 -999.99 0 4 2.4 357.21
ntarla 1993 11 29 333 21 36.4 12 -999.99 0 4 2.5 357.21
ntarla 1993 11 30 334 16.3 35.3 16.8 -999.99 0 3.1 1.5 357.21
ntarla 1993 12 1 335 13.3 35.3 17.1 -999.99 0 2.5 1.3 357.21
ntarla 1993 12 2 336 14.8 36.3 14.8 -999.99 0 2.7 1.4 357.21
ntarla 1993 12 3 337 15.6 37.3 15.6 -999.99 0 3.1 1.4 357.21
ntarla 1993 12 4 338 16.3 36.3 12.7 -999.99 0 3.8 1.4 357.21
ntarla 1993 12 5 339 15.5 37.5 14.1 -999.99 0 3.3 1.5 357.21
ntarla 1993 12 6 340 15.3 38.8 17.5 -999.99 0 3.4 1.2 357.21
ntarla 1993 12 7 341 14.8 40.2 16.7 -999.99 0 2.7 1.2 357.21
ntarla 1993 12 8 342 15.4 39.3 15.2 -999.99 0 2.8 2.7 357.21
ntarla 1993 12 9 343 16.1 39.3 16.6 -999.99 0 3.3 1.2 357.21
ntarla 1993 12 10 344 15.3 39.3 16.9 -999.99 0 3.5 1.2 357.21
ntarla 1993 12 11 345 12.3 37.8 17 -999.99 0 3.4 1 357.21
ntarla 1993 12 12 346 12 37.3 18.3 -999.99 0 3.2 1 357.21
ntarla 1993 12 13 347 13.9 35.8 12.1 -999.99 0 2.8 1 357.21
ntarla 1993 12 14 348 13.5 36.5 13.5 -999.99 0 2.3 0.9 357.21
ntarla 1993 12 15 349 12.3 36.8 15.1 -999.99 0 1.5 0.9 357.21
ntarla 1993 12 16 350 12.5 36.8 15.8 -999.99 0 2.8 0.8 357.21
ntarla 1993 12 17 351 15.3 35.8 10.9 -999.99 0 3.4 0.9 357.21
ntarla 1993 12 18 352 15 36.3 14.3 -999.99 0 2.9 0.8 357.21
ntarla 1993 12 19 353 13.8 37.6 16.7 -999.99 0 2.8 0.7 357.21
ntarla 1993 12 20 354 13.3 37.6 17.2 -999.99 0 2.6 0.7 357.21
ntarla 1993 12 21 355 14 34.3 10.4 -999.99 0 3.4 0.7 357.21
ntarla 1993 12 22 356 12.1 36.3 16.2 -999.99 0 2.6 0.8 357.21
ntarla 1993 12 23 357 14.9 34.8 13.4 -999.99 0 3.1 0.8 357.21
ntarla 1993 12 24 358 12.9 35.3 14.9 -999.99 0 3.4 0.8 357.21
ntarla 1993 12 25 359 12.5 35.3 16.3 -999.99 0 4.3 0.5 357.21
ntarla 1993 12 26 360 12.8 35.3 14.9 -999.99 0 3.5 0.7 357.21
ntarla 1993 12 27 361 11.9 36.4 17.8 -999.99 0 3 0.7 357.21
ntarla 1993 12 28 362 12.3 35.3 12.7 -999.99 0 3.5 0.6 357.21
ntarla 1993 12 29 363 12.5 33.6 15.8 -999.99 0 4.3 0.4 357.21
ntarla 1993 12 30 364 10.8 31.8 17 -999.99 0 4.5 0.4 357.21
ntarla 1993 12 31 365 8.8 32.3 16.8 -999.99 0 4.1 0.3 357.21
