ntarla 1992 1 2 2 13.2 34.3 16.8 -999.99 0 3.4 0.5 356.54
ntarla 1992 1 3 3 12.7 34 18.7 -999.99 0 4.1 0.5 356.54
ntarla 1992 1 4 4 16.2 33 12.2 -999.99 0 4.3 0.5 356.54
ntarla 1992 1 5 5 12.7 33.5 15.8 -999.99 0 4.5 0.3 356.54
ntarla 1992 1 6 6 12.2 32 17.6 -999.99 0 4.9 0.2 356.54
ntarla 1992 1 7 7 13.2 32 16 -999.99 0 4.3 0.4 356.54
ntarla 1992 1 8 8 11.7 35 18.3 -999.99 0 2.9 0.4 356.54
ntarla 1992 1 9 9 11.7 35 15.1 -999.99 0 3.2 0.4 356.54
ntarla 1992 1 10 10 14.7 32 9.7 -999.99 0 2.7 0.5 356.54
ntarla 1992 1 11 11 12.7 34.1 16.6 -999.99 0 3 0.6 356.54
ntarla 1992 1 12 12 10.2 34 17.5 -999.99 0 3.3 0.5 356.54
ntarla 1992 1 13 13 14.7 31.5 7.6 -999.99 0 3.1 0.5 356.54
ntarla 1992 1 14 14 16.7 32.6 17.9 -999.99 0 4.5 0.3 356.54
ntarla 1992 1 15 15 14.2 36.1 20 -999.99 0 4.1 0.5 356.54
ntarla 1992 1 16 16 13.2 35.5 19.1 -999.99 0 2.9 0.3 356.54
ntarla 1992 1 17 17 11.9 36.6 19.9 -999.99 0 3 0.3 356.54
ntarla 1992 1 18 18 14.2 35.6 9.1 -999.99 0 3.3 1.3 356.54
ntarla 1992 1 19 19 20.2 36.3 16.6 -999.99 0 3.5 0.8 356.54
ntarla 1992 1 20 20 19.7 38.1 16 -999.99 2.1 2.5 1 356.54
ntarla 1992 1 21 21 21.7 37.5 17.2 -999.99 6.3 1.9 5.3 356.54
ntarla 1992 1 22 22 18.7 26.5 9.9 -999.99 5.2 1.4 2.3 356.54
ntarla 1992 1 23 23 18.7 21.3 7.8 -999.99 0 3.4 0.6 356.54
ntarla 1992 1 24 24 18.2 30.6 17.1 -999.99 0 4.7 2.4 356.54
ntarla 1992 1 25 25 16.2 32.4 20.2 -999.99 0 4.2 1.9 356.54
ntarla 1992 1 26 26 17.2 32 20.8 -999.99 0 4 1.6 356.54
ntarla 1992 1 27 27 14.7 33 20.8 -999.99 0 3.2 1.3 356.54
ntarla 1992 1 28 28 13.7 34.1 21.4 -999.99 0 2.4 1.1 356.54
ntarla 1992 1 29 29 15.7 36 16.2 -999.99 0 3.2 1 356.54
ntarla 1992 1 30 30 15.9 37.5 21.5 -999.99 0 3.9 1 356.54
ntarla 1992 1 31 31 16.7 36.5 21.9 -999.99 0 3.5 1 356.54
ntarla 1992 2 1 32 15.9 38.7 21.5 -999.99 0 3.3 1.1 356.54
ntarla 1992 2 2 33 16.9 39.7 16.5 -999.99 0 2.8 1.1 356.54
ntarla 1992 2 3 34 17.4 39.8 19.3 -999.99 0 2.9 1.1 356.54
ntarla 1992 2 4 35 18.4 40.2 21.2 -999.99 0 2.6 0.7 356.54
ntarla 1992 2 5 36 18.4 39.2 21.7 -999.99 0 2.3 1.1 356.54
ntarla 1992 2 6 37 21.9 39.2 21 -999.99 0 1.7 4.9 356.54
ntarla 1992 2 7 38 21.4 39.7 20 -999.99 0 2.1 2.6 356.54
ntarla 1992 2 8 39 19.9 40.2 15.6 -999.99 0 3.2 1 356.54
ntarla 1992 2 9 40 20.4 39.7 20.1 -999.99 0 2.6 1 356.54
ntarla 1992 2 10 41 21.4 38.7 17.1 -999.99 0 3.6 1 356.54
ntarla 1992 2 11 42 20.9 39.7 17.4 -999.99 0 1 3.2 356.54
ntarla 1992 2 12 43 20.4 39.7 17.2 -999.99 0 1.8 3.1 356.54
ntarla 1992 2 13 44 20.4 38.7 17.4 -999.99 0 4.3 0.9 356.54
ntarla 1992 2 14 45 17.4 38.7 17.7 -999.99 0 5.2 0.8 356.54
ntarla 1992 2 15 46 16.4 38.2 21.3 -999.99 0 4.5 0.8 356.54
ntarla 1992 2 16 47 16.9 38.7 22.2 -999.99 0 4 0.4 356.54
ntarla 1992 2 17 48 15.9 39.2 21.8 -999.99 0 3.7 0.4 356.54
ntarla 1992 2 18 49 14.9 40.2 22 -999.99 0 4 0.4 356.54
ntarla 1992 2 19 50 13.9 40.2 21.9 -999.99 0 3.6 0.2 356.54
ntarla 1992 2 20 51 13.9 41.9 22.1 -999.99 0 3 0.3 356.54
ntarla 1992 2 21 52 14.9 42.2 21.6 -999.99 0 3.2 0.3 356.54
ntarla 1992 2 22 53 13.4 43.2 23.4 -999.99 0 3.3 0.5 356.54
ntarla 1992 2 23 54 15.4 43.7 22.7 -999.99 0 3.3 0.8 356.54
ntarla 1992 2 24 55 15.9 43.2 23.2 -999.99 0 2.7 2.5 356.54
ntarla 1992 2 25 56 19.4 42.7 21.4 -999.99 0 4.1 0.7 356.54
ntarla 1992 2 26 57 21.4 40.3 21 -999.99 0 3.4 0.5 356.54
ntarla 1992 2 27 58 18.9 40.6 17.2 -999.99 0 2.9 0.6 356.54
ntarla 1992 2 28 59 19.4 41.1 19.7 -999.99 0 2.9 0.8 356.54
ntarla 1992 2 29 60 20.9 42.2 17.8 -999.99 0 3.2 5.2 356.54
ntarla 1992 3 1 61 24.6 38.8 15 -999.99 0 1.8 3.5 356.54
ntarla 1992 3 2 62 20.7 38.8 16.3 -999.99 0 2.5 1.3 356.54
ntarla 1992 3 3 63 23.6 40.8 19.9 -999.99 0 2.2 4.1 356.54
ntarla 1992 3 4 64 25.1 41.3 22.4 -999.99 0 0.8 6.7 356.54
ntarla 1992 3 5 65 23.1 40.3 20.8 -999.99 0 3.3 2.5 356.54
ntarla 1992 3 6 66 22.1 40.8 21.1 -999.99 0 3.1 1.7 356.54
ntarla 1992 3 7 67 21.7 40.3 17.8 -999.99 0 3.1 1.1 356.54
ntarla 1992 3 8 68 21.6 39.3 18.3 -999.99 0 4.2 1 356.54
ntarla 1992 3 9 69 20.6 40.3 19.9 -999.99 0 3.7 1.2 356.54
ntarla 1992 3 10 70 19.1 39.8 22.2 -999.99 0 3.4 0.9 356.54
ntarla 1992 3 11 71 19.6 38.8 21.6 -999.99 0 4.2 0.9 356.54
ntarla 1992 3 12 72 22.6 38.8 21.4 -999.99 0 3.2 1.1 356.54
ntarla 1992 3 13 73 21.6 38.3 21.7 -999.99 0 3.8 1.3 356.54
ntarla 1992 3 14 74 24.3 38.8 21.6 -999.99 0 3.3 1.3 356.54
ntarla 1992 3 15 75 19.1 39.3 21.9 -999.99 0 3.9 0.7 356.54
ntarla 1992 3 16 76 16.6 38.8 22.7 -999.99 0 3.7 0.6 356.54
ntarla 1992 3 17 77 16.7 39.8 23.8 -999.99 0 3.4 0.7 356.54
ntarla 1992 3 18 78 18.6 40.8 22 -999.99 0 3.2 0.6 356.54
ntarla 1992 3 19 79 19.6 39.3 21.1 -999.99 0 3.5 1.2 356.54
ntarla 1992 3 20 80 23.6 37.8 19.3 -999.99 0 2.4 1.4 356.54
ntarla 1992 3 21 81 21.3 39.8 22.6 -999.99 0 3.4 1.2 356.54
ntarla 1992 3 22 82 22.1 39.8 22.8 -999.99 0 4 1.1 356.54
ntarla 1992 3 23 83 20.1 38.8 23.7 -999.99 0 4.5 0.9 356.54
ntarla 1992 3 24 84 19.1 40.3 23.1 -999.99 0 2.8 0.8 356.54
ntarla 1992 3 25 85 22.1 38.8 11.6 -999.99 0 1.4 1.5 356.54
ntarla 1992 3 26 86 26.1 40.4 16.4 -999.99 0 1.9 4 356.54
ntarla 1992 3 27 87 24.6 41.8 21.2 -999.99 0 4.1 2.5 356.54
ntarla 1992 3 28 88 23.2 40.8 21.4 -999.99 0 3.4 1.6 356.54
ntarla 1992 3 29 89 21.1 43.3 24.6 -999.99 0 4 1.3 356.54
ntarla 1992 3 30 90 23.1 44.3 24.8 -999.99 0 3.2 1.7 356.54
ntarla 1992 3 31 91 24.1 43.8 24.5 -999.99 0 1.8 4 356.54
ntarla 1992 4 1 92 25.8 45 24.3 -999.99 0 2.5 5.6 356.54
ntarla 1992 4 2 93 23.3 43.5 14.7 -999.99 0 1.3 6.4 356.54
ntarla 1992 4 3 94 16.8 42.5 23.8 -999.99 0 4.4 1.2 356.54
ntarla 1992 4 4 95 13.1 44.5 24.6 -999.99 0 4.2 1.4 356.54
ntarla 1992 4 5 96 13.8 43.5 25.3 -999.99 0 2.9 1 356.54
ntarla 1992 4 6 97 27.3 41 23.3 -999.99 0 1.2 3.1 356.54
ntarla 1992 4 7 98 27.3 40.5 22.6 -999.99 0 2.6 3.5 356.54
ntarla 1992 4 8 99 23.3 42.5 23.1 -999.99 0 0.6 3.2 356.54
ntarla 1992 4 9 100 22.3 43.5 24.4 -999.99 0 2.3 8.6 356.54
ntarla 1992 4 10 101 26.8 40.5 23.6 -999.99 0 3.2 9.8 356.54
ntarla 1992 4 11 102 25.3 41 22.5 -999.99 0 3 6.7 356.54
ntarla 1992 4 12 103 24.8 41.5 21 -999.99 0 1.3 5.1 356.54
ntarla 1992 4 13 104 26.8 42.4 19.1 -999.99 0 3.4 2.2 356.54
ntarla 1992 4 14 105 25.3 41.5 23.8 -999.99 0 4.6 0.9 356.54
ntarla 1992 4 15 106 24.3 41.5 19.6 -999.99 0 3.7 0.7 356.54
ntarla 1992 4 16 107 22.3 44.1 22.8 -999.99 0 2.6 0.7 356.54
ntarla 1992 4 17 108 22.8 45 24.1 -999.99 0 1.4 0.7 356.54
ntarla 1992 4 18 109 21.8 45.5 25.1 -999.99 0 1.6 4.2 356.54
ntarla 1992 4 19 110 22.8 43.5 21.9 -999.99 0 1.4 2.8 356.54
ntarla 1992 4 20 111 26.8 42.5 20.7 -999.99 0 1.6 3.8 356.54
ntarla 1992 4 21 112 28.3 44 22.7 -999.99 0 2.1 8.1 356.54
ntarla 1992 4 22 113 29.8 43.5 20.8 -999.99 2.1 1.9 6.2 356.54
ntarla 1992 4 23 114 26.8 37.1 11.6 -999.99 0 2.4 6.6 356.54
ntarla 1992 4 24 115 26.8 43.5 26.2 -999.99 0 0.7 8.7 356.54
ntarla 1992 4 25 116 27.3 45.3 26 -999.99 0 1.3 5 356.54
ntarla 1992 4 26 117 27.8 44 25.5 -999.99 0 1.6 10.7 356.54
ntarla 1992 4 27 118 29.3 43.5 18.8 -999.99 0 0.6 4.7 356.54
ntarla 1992 4 28 119 27.3 43.5 20.5 -999.99 0 2.3 5.1 356.54
ntarla 1992 4 29 120 28.3 44.1 20.6 -999.99 0 2.2 5.5 356.54
ntarla 1992 4 30 121 28.3 44.4 23.2 -999.99 0 2.7 7.6 356.54
ntarla 1992 5 1 122 27 41.1 18.7 -999.99 0 2.9 7.7 356.54
ntarla 1992 5 2 123 29 41.6 25 -999.99 0 3.3 9.8 356.54
ntarla 1992 5 3 124 27.5 44.1 24.6 -999.99 0 3.6 6.6 356.54
ntarla 1992 5 4 125 28 42.1 20.5 -999.99 0 3.3 6.3 356.54
ntarla 1992 5 5 126 28.5 44.6 24.4 -999.99 0 2.7 18 356.54
ntarla 1992 5 6 127 28 42.6 21.8 -999.99 5.8 0.5 7.4 356.54
ntarla 1992 5 7 128 27 44.1 24.9 -999.99 0 1.8 3 356.54
ntarla 1992 5 8 129 26 44.1 22.3 -999.99 0 1.3 3.2 356.54
ntarla 1992 5 9 130 27.5 45.1 25.1 -999.99 0 2.7 7.9 356.54
ntarla 1992 5 10 131 28.5 41.6 25.9 -999.99 0 2.9 8.3 356.54
ntarla 1992 5 11 132 31 43.2 22.1 -999.99 0.4 2.5 17 356.54
ntarla 1992 5 12 133 26 41.6 25.5 -999.99 0 1.7 9.3 356.54
ntarla 1992 5 13 134 27 42.5 25.4 -999.99 0 0.5 3 356.54
ntarla 1992 5 14 135 28 42.2 23.1 -999.99 0 2.4 7.8 356.54
ntarla 1992 5 15 136 28.5 40.5 17 -999.99 30.8 2.7 10.8 356.54
ntarla 1992 5 16 137 26 38.1 19.9 -999.99 90 2.3 7.8 356.54
ntarla 1992 5 17 138 24.5 37.6 22.3 -999.99 0 1.3 7.5 356.54
ntarla 1992 5 18 139 27.5 40.1 22.1 -999.99 0.3 2.3 9.3 356.54
ntarla 1992 5 19 140 27 38.4 19.1 -999.99 0 1.5 4 356.54
ntarla 1992 5 20 141 26.5 41.6 24.9 -999.99 0 1.8 4.1 356.54
ntarla 1992 5 21 142 27.5 40.1 23 -999.99 0 3.7 5.5 356.54
ntarla 1992 5 22 143 27.5 40.6 19.9 -999.99 2.4 3 8.7 356.54
ntarla 1992 5 23 144 27 40.1 19 -999.99 0 2.2 10.5 356.54
ntarla 1992 5 24 145 26 39.6 25.3 -999.99 0 2.9 4.9 356.54
ntarla 1992 5 25 146 28 39.6 21.1 -999.99 0 1.9 7.7 356.54
ntarla 1992 5 26 147 26 38.6 24.7 -999.99 0 2.2 6.3 356.54
ntarla 1992 5 27 148 28 37.6 19.7 -999.99 16.5 2.4 11.4 356.54
ntarla 1992 5 28 149 27 40.1 24.5 -999.99 0 2.6 6.3 356.54
ntarla 1992 5 29 150 26.5 39.1 19.4 -999.99 30.3 2.3 9.1 356.54
ntarla 1992 5 30 151 25.5 39.1 24.3 -999.99 34.4 1.8 5.3 356.54
ntarla 1992 5 31 152 26.5 38.6 22.8 -999.99 0 3.5 10.2 356.54
ntarla 1992 6 1 153 28.2 40.8 24.5 -999.99 0 3.1 9.5 356.54
ntarla 1992 6 2 154 26.7 37.3 21.4 -999.99 0 2 9.4 356.54
ntarla 1992 6 3 155 27.2 39.3 21.2 -999.99 11 3.2 14.6 356.54
ntarla 1992 6 4 156 24.7 36.8 22.7 -999.99 0.6 1.3 5.5 356.54
ntarla 1992 6 5 157 24.2 38.8 20.6 -999.99 20.9 2.3 5.6 356.54
ntarla 1992 6 6 158 25.2 37.3 24.4 -999.99 0 2.7 5.8 356.54
ntarla 1992 6 7 159 26.7 33.8 13.4 -999.99 1 2.7 4.3 356.54
ntarla 1992 6 8 160 24.7 38.8 25.6 -999.99 0 2.1 5.4 356.54
ntarla 1992 6 9 161 26.7 37.8 23.1 -999.99 0 1.8 5.1 356.54
ntarla 1992 6 10 162 25.2 39.3 24.7 -999.99 0 2 4 356.54
ntarla 1992 6 11 163 26.7 39.3 23.5 -999.99 0 2.7 6.4 356.54
ntarla 1992 6 12 164 27.7 40.3 24.4 -999.99 18.7 2.4 12.8 356.54
ntarla 1992 6 13 165 23.2 31.3 9.4 -999.99 0 2.4 4.8 356.54
ntarla 1992 6 14 166 24.7 36.8 19.3 -999.99 1.5 2 4.3 356.54
ntarla 1992 6 15 167 23.7 35.3 16.1 -999.99 0 2.1 5.4 356.54
ntarla 1992 6 16 168 26.2 36.8 20.5 -999.99 0 2.3 10 356.54
ntarla 1992 6 17 169 26.2 39.8 23.3 -999.99 0 2.6 10.1 356.54
ntarla 1992 6 18 170 24.7 37.8 16.2 -999.99 0 3 9.2 356.54
ntarla 1992 6 19 171 24.7 39.3 23 -999.99 0 2.8 10 356.54
ntarla 1992 6 20 172 27.2 38.8 24.3 -999.99 0 1.2 5.3 356.54
ntarla 1992 6 21 173 24.7 38.8 22.7 -999.99 0 2.2 7.4 356.54
ntarla 1992 6 22 174 28.7 38.8 19.7 -999.99 0 2.8 11.2 356.54
ntarla 1992 6 23 175 28.2 40.3 20.5 -999.99 0 3 13.2 356.54
ntarla 1992 6 24 176 29.2 32.8 9.4 -999.99 34.4 2.6 12.2 356.54
ntarla 1992 6 25 177 21.7 33.8 23.1 -999.99 0 2.7 3.8 356.54
ntarla 1992 6 26 178 25.7 36.3 22.5 -999.99 0 2.8 9.8 356.54
ntarla 1992 6 27 179 25.2 36.8 20.3 -999.99 19.2 2.8 10.4 356.54
ntarla 1992 6 28 180 23.7 33.8 16.9 -999.99 14.4 2.3 6.3 356.54
ntarla 1992 6 29 181 23.7 35.8 24.3 -999.99 0 2.5 6.3 356.54
ntarla 1992 6 30 182 25.7 37.3 22.3 -999.99 6.1 1.8 10.8 356.54
ntarla 1992 7 1 183 22.6 35.7 23.5 -999.99 0 1.8 5.6 356.54
ntarla 1992 7 2 184 25.6 36.7 23.4 -999.99 0 1.7 6.9 356.54
ntarla 1992 7 3 185 25.1 35.2 20.7 -999.99 0 2.6 9.7 356.54
ntarla 1992 7 4 186 23.1 36.7 23.5 -999.99 0.9 2.4 8.7 356.54
ntarla 1992 7 5 187 23.1 36.7 22.8 -999.99 0 2.7 8.3 356.54
ntarla 1992 7 6 188 26.1 37.2 22.5 -999.99 19.9 3.3 11.3 356.54
ntarla 1992 7 7 189 23.1 35.5 22.1 -999.99 4.8 2.3 8.3 356.54
ntarla 1992 7 8 190 22.6 28.2 9.3 -999.99 6.9 1.3 5.9 356.54
ntarla 1992 7 9 191 23.1 34.7 22.1 -999.99 13.6 0.9 7.2 356.54
ntarla 1992 7 10 192 24.1 33.2 17.3 -999.99 0 1.7 8.1 356.54
ntarla 1992 7 11 193 24.6 35.5 24 -999.99 10.4 2.4 7.9 356.54
ntarla 1992 7 12 194 22.6 34.2 21.7 -999.99 0 2.5 9 356.54
ntarla 1992 7 13 195 25.2 35.2 22.7 -999.99 0 2.4 9.5 356.54
ntarla 1992 7 14 196 23.6 34.9 14.8 -999.99 26.2 2.1 8.4 356.54
ntarla 1992 7 15 197 23.1 34.7 23.5 -999.99 12.2 1.3 8.4 356.54
ntarla 1992 7 16 198 24.1 33.3 16.6 -999.99 0 1.1 8.6 356.54
ntarla 1992 7 17 199 24.6 34.7 23.6 -999.99 0 1.8 8.8 356.54
ntarla 1992 7 18 200 23.6 33.2 10.8 -999.99 0 1.8 7.9 356.54
ntarla 1992 7 19 201 24.1 31.8 10.4 -999.99 1.8 2 6.3 356.54
ntarla 1992 7 20 202 23.6 34.2 22.2 -999.99 0 2.1 7.3 356.54
ntarla 1992 7 21 203 24.1 35.7 19.8 -999.99 15.4 1.7 7.9 356.54
ntarla 1992 7 22 204 23.6 35.7 25.2 -999.99 11.4 1.4 10.1 356.54
ntarla 1992 7 23 205 21.1 31.2 11.6 -999.99 5.7 1 6.3 356.54
ntarla 1992 7 24 206 25.1 33.2 14 -999.99 16.2 1.9 7.3 356.54
ntarla 1992 7 25 207 24.8 33.2 24.6 -999.99 0 2.2 8.2 356.54
ntarla 1992 7 26 208 24.1 28.7 11.6 -999.99 33.4 1.8 6.6 356.54
ntarla 1992 7 27 209 23.1 34.7 22 -999.99 7.8 1.6 9.1 356.54
ntarla 1992 7 28 210 23.6 31.2 11.8 -999.99 1.3 2.2 7.3 356.54
ntarla 1992 7 29 211 23.6 34.6 24.1 -999.99 0 2.7 9.9 356.54
ntarla 1992 7 30 212 25.1 35.7 24.7 -999.99 0 1.4 9.8 356.54
ntarla 1992 7 31 213 24.6 36.6 23.7 -999.99 4.3 2 9.8 356.54
ntarla 1992 8 1 214 23.3 35.1 22.1 -999.99 20.4 1.7 8.6 356.54
ntarla 1992 8 2 215 22.8 34.1 23 -999.99 0 1.8 7.4 356.54
ntarla 1992 8 3 216 24.8 26.1 8.9 -999.99 8.5 2.7 6.6 356.54
ntarla 1992 8 4 217 22.8 32.7 21.1 -999.99 0 2.9 7.5 356.54
ntarla 1992 8 5 218 24.8 34.1 23.2 -999.99 31.4 3.2 9.1 356.54
ntarla 1992 8 6 219 24.3 33.6 16.7 -999.99 59.1 2.4 7.3 356.54
ntarla 1992 8 7 220 22.3 31.1 16.6 -999.99 1.3 1.7 7.2 356.54
ntarla 1992 8 8 221 23.3 34.6 23 -999.99 4.3 2 8.3 356.54
ntarla 1992 8 9 222 22.3 33.6 18.1 -999.99 0 2.1 8.3 356.54
ntarla 1992 8 10 223 24.3 34.9 22.5 -999.99 10.4 2.1 10.4 356.54
ntarla 1992 8 11 224 22.8 32.1 18.7 -999.99 0 1.2 6.7 356.54
ntarla 1992 8 12 225 22.8 34.2 25.3 -999.99 0 1.1 9.5 356.54
ntarla 1992 8 13 226 23.8 31.1 10.4 -999.99 0 0.3 8 356.54
ntarla 1992 8 14 227 23.3 32.6 8.8 -999.99 0 2.3 8.9 356.54
ntarla 1992 8 15 228 23.5 35.1 22.4 -999.99 23 1.9 9.6 356.54
ntarla 1992 8 16 229 23.8 32.6 15.9 -999.99 0 0.6 7.9 356.54
ntarla 1992 8 17 230 22.3 34.2 20.9 -999.99 3.9 1.5 8.5 356.54
ntarla 1992 8 18 231 22.3 33.6 24.1 -999.99 0 2.6 6.9 356.54
ntarla 1992 8 19 232 24.3 35.1 21.2 -999.99 0 1.9 9.4 356.54
ntarla 1992 8 20 233 24.3 32.6 24.9 -999.99 10.3 1.7 9.1 356.54
ntarla 1992 8 21 234 23.8 36.1 24.6 -999.99 40.5 2.4 10.4 356.54
ntarla 1992 8 22 235 22.9 32.1 15.7 -999.99 0 3.2 9 356.54
ntarla 1992 8 23 236 23.9 33.1 16.9 -999.99 6.7 1.7 9.9 356.54
ntarla 1992 8 24 237 23.3 33 21.8 -999.99 0 1.6 7.6 356.54
ntarla 1992 8 25 238 22.3 33.6 23.5 -999.99 0.4 0.7 9 356.54
ntarla 1992 8 26 239 23.3 34.1 22.6 -999.99 0 0.3 8.1 356.54
ntarla 1992 8 27 240 23.3 34.6 14.3 -999.99 0.7 0.7 9.8 356.54
ntarla 1992 8 28 241 23.3 34.6 24.9 -999.99 0 2.2 9.1 356.54
ntarla 1992 8 29 242 23.8 32.7 15.7 -999.99 0.9 2.3 10.8 356.54
ntarla 1992 8 30 243 23.8 33.1 13.4 -999.99 0 1.4 10.8 356.54
ntarla 1992 8 31 244 24.3 28.6 9.7 -999.99 23.8 1.3 8 356.54
ntarla 1992 9 1 245 23.9 33 21.2 -999.99 0.6 1.5 9.7 356.54
ntarla 1992 9 2 246 22.9 34.5 25 -999.99 8 1.7 8.8 356.54
ntarla 1992 9 3 247 20.4 28 10.1 -999.99 9.5 0.8 5.4 356.54
ntarla 1992 9 4 248 22.9 33 20.4 -999.99 0 2.3 8.7 356.54
ntarla 1992 9 5 249 22.9 34.6 24.2 -999.99 48.4 1.7 9.9 356.54
ntarla 1992 9 6 250 21.4 30.5 19 -999.99 0 1.5 7 356.54
ntarla 1992 9 7 251 22.9 33.5 22.6 -999.99 8.1 0.7 7.8 356.54
ntarla 1992 9 8 252 22.4 33 24.3 -999.99 0 1.8 9.8 356.54
ntarla 1992 9 9 253 23.9 35 20 -999.99 3.5 1.4 10.4 356.54
ntarla 1992 9 10 254 23.9 34 18.3 -999.99 0 1.3 10.1 356.54
ntarla 1992 9 11 255 23.9 33.5 20 -999.99 0 2.4 9.2 356.54
ntarla 1992 9 12 256 23.4 35 20.9 -999.99 0 1.8 10 356.54
ntarla 1992 9 13 257 23.9 36.5 24.4 -999.99 1.1 1.5 9.1 356.54
ntarla 1992 9 14 258 22.9 33 21.1 -999.99 0 1.2 8.1 356.54
ntarla 1992 9 15 259 23.4 34 14.4 -999.99 39.3 1.4 7.8 356.54
ntarla 1992 9 16 260 22.4 28 8.7 -999.99 2.6 2 7 356.54
ntarla 1992 9 17 261 23.4 34 20 -999.99 0.9 1.5 8.5 356.54
ntarla 1992 9 18 262 23.4 35 18.7 -999.99 0 0.4 10.2 356.54
ntarla 1992 9 19 263 23.9 35.9 20.8 -999.99 38.2 0.7 9.1 356.54
ntarla 1992 9 20 264 21.9 34.5 22.5 -999.99 10.1 2 7.8 356.54
ntarla 1992 9 21 265 22.4 33 16.5 -999.99 0 2 7.1 356.54
ntarla 1992 9 22 266 23.4 36 23.2 -999.99 0 1.3 9.4 356.54
ntarla 1992 9 23 267 23.4 35.5 20.9 -999.99 13.4 1.9 10.1 356.54
ntarla 1992 9 24 268 23.9 35.8 22.7 -999.99 0 1 9.9 356.54
ntarla 1992 9 25 269 23.4 36.5 22.3 -999.99 0 0.9 10 356.54
ntarla 1992 9 26 270 24.4 37 22.6 -999.99 2 1.6 11.3 356.54
ntarla 1992 9 27 271 22.9 37 21.3 -999.99 0 1.5 11.5 356.54
ntarla 1992 9 28 272 24.4 36 17.7 -999.99 0 0.7 10.8 356.54
ntarla 1992 9 29 273 24.9 37 22.5 -999.99 0 0.4 9.4 356.54
ntarla 1992 9 30 274 22.9 36 20.2 -999.99 0 1.8 9.9 356.54
ntarla 1992 10 1 275 23.8 34.6 15.3 -999.99 1.5 2.8 9 356.54
ntarla 1992 10 2 276 24.3 35.6 16.1 -999.99 0 1.7 9.1 356.54
ntarla 1992 10 3 277 23.3 37.1 22.2 -999.99 0 1.2 9.8 356.54
ntarla 1992 10 4 278 23.3 35.1 17.6 -999.99 25.9 1.6 7.7 356.54
ntarla 1992 10 5 279 23.8 36.1 20.1 -999.99 0 2 9.1 356.54
ntarla 1992 10 6 280 22.8 37.6 21.1 -999.99 0 1 9.5 356.54
ntarla 1992 10 7 281 24.3 38.1 19 -999.99 0 1.2 11.2 356.54
ntarla 1992 10 8 282 23.3 37.9 21.9 -999.99 0 1.3 10.5 356.54
ntarla 1992 10 9 283 22.8 39.1 21.9 -999.99 0 1.5 8.5 356.54
ntarla 1992 10 10 284 23.3 38.7 20.4 -999.99 0 1.3 10.6 356.54
ntarla 1992 10 11 285 22.3 36.6 20.6 -999.99 0 1.4 8.7 356.54
ntarla 1992 10 12 286 25.3 38.1 17.5 -999.99 0 1.2 11.5 356.54
ntarla 1992 10 13 287 25.4 37.1 16.5 -999.99 6.9 1.2 10.3 356.54
ntarla 1992 10 14 288 23.3 36.6 20 -999.99 0 1.3 8.3 356.54
ntarla 1992 10 15 289 22.8 38.1 22 -999.99 0 1.3 9.6 356.54
ntarla 1992 10 16 290 22.8 38.3 22.1 -999.99 0 1.5 8.5 356.54
ntarla 1992 10 17 291 22.3 37.7 19.3 -999.99 0 1.7 9.4 356.54
ntarla 1992 10 18 292 23.3 38.6 20.3 -999.99 0 1.3 9.4 356.54
ntarla 1992 10 19 293 23.8 38.7 19.2 -999.99 0 0.6 10.1 356.54
ntarla 1992 10 20 294 23.8 41 21.5 -999.99 0 1 7.6 356.54
ntarla 1992 10 21 295 20.8 38.6 16.5 -999.99 21.8 1.9 5.8 356.54
ntarla 1992 10 22 296 24.3 38 14.6 -999.99 0 2.1 10.4 356.54
ntarla 1992 10 23 297 23.3 36.7 20.1 -999.99 3 2.2 9.4 356.54
ntarla 1992 10 24 298 24.8 36.1 16.2 -999.99 2.4 2.1 11 356.54
ntarla 1992 10 25 299 22.3 36.1 19.3 -999.99 0 1.4 6.9 356.54
ntarla 1992 10 26 300 23.8 37.6 19.3 -999.99 0 0.4 7.6 356.54
ntarla 1992 10 27 301 23.3 38.1 21.4 -999.99 0 0.9 5.4 356.54
ntarla 1992 10 28 302 20.8 38.6 21.3 -999.99 0 1.5 5.3 356.54
ntarla 1992 10 29 303 18.3 39.6 21.2 -999.99 0 0.8 4 356.54
ntarla 1992 10 30 304 19.3 39.1 20.6 -999.99 0 1.6 5.4 356.54
ntarla 1992 10 31 305 19.3 38.6 20.4 -999.99 0 2 6.2 356.54
ntarla 1992 11 1 306 23.5 39 18.7 -999.99 0 1.5 7.5 356.54
ntarla 1992 11 2 307 21 39.9 20.8 -999.99 0 1.2 3.3 356.54
ntarla 1992 11 3 308 17 39.9 21.1 -999.99 0 0.8 1.6 356.54
ntarla 1992 11 4 309 17 38.4 20.7 -999.99 0 1.6 1.6 356.54
ntarla 1992 11 5 310 17 36.9 19.2 -999.99 0 2.2 1.2 356.54
ntarla 1992 11 6 311 16.5 38.4 21.2 -999.99 0 1.3 3 356.54
ntarla 1992 11 7 312 19.5 37.9 20.8 -999.99 4.7 0.6 5.2 356.54
ntarla 1992 11 8 313 23.5 28.3 8.2 -999.99 2.5 1.4 4.1 356.54
ntarla 1992 11 9 314 21.5 32.4 14.4 -999.99 0 2.4 3.2 356.54
ntarla 1992 11 10 315 20.5 35.3 13.4 -999.99 0 0.6 3.6 356.54
ntarla 1992 11 11 316 22.5 37.4 13.8 -999.99 0 1.3 5.5 356.54
ntarla 1992 11 12 317 19.5 37.9 19.4 -999.99 0 1 3.8 356.54
ntarla 1992 11 13 318 17.5 38.4 21 -999.99 0 1.1 1.5 356.54
ntarla 1992 11 14 319 16.5 36.9 17.5 -999.99 0 2.3 1.3 356.54
ntarla 1992 11 15 320 16.5 37.9 20 -999.99 0 2.1 3.1 356.54
ntarla 1992 11 16 321 16.5 37.9 20.5 -999.99 0 1.2 2.1 356.54
ntarla 1992 11 17 322 16.5 37.4 18.4 -999.99 0 1.3 3 356.54
ntarla 1992 11 18 323 15.5 37.9 20.2 -999.99 0 2.5 0.9 356.54
ntarla 1992 11 19 324 13.5 35.4 20.9 -999.99 0 2.6 0.9 356.54
ntarla 1992 11 20 325 14 37.4 21 -999.99 0 2.3 1 356.54
ntarla 1992 11 21 326 15.5 38.4 20.1 -999.99 0 3.1 1.1 356.54
ntarla 1992 11 22 327 17.5 37.4 19.1 -999.99 0 3.7 1 356.54
ntarla 1992 11 23 328 15.5 30.4 17.2 -999.99 0 4 0.5 356.54
ntarla 1992 11 24 329 13 35.4 19.5 -999.99 0 3.7 0.8 356.54
ntarla 1992 11 25 330 15 36 17 -999.99 0 3.9 0.9 356.54
ntarla 1992 11 26 331 15.5 36.4 19.9 -999.99 0 3.9 0.8 356.54
ntarla 1992 11 27 332 13.5 35.9 20 -999.99 0 3.8 0.6 356.54
ntarla 1992 11 28 333 13.5 35.4 18.5 -999.99 0 4.1 0.9 356.54
ntarla 1992 11 29 334 13.5 35.4 18.9 -999.99 0 2.8 0.8 356.54
ntarla 1992 11 30 335 13.5 35.9 19.1 -999.99 0 2.9 0.8 356.54
ntarla 1992 12 1 336 12.8 35.3 17.8 -999.99 0 2.3 0.7 356.54
ntarla 1992 12 2 337 13.3 36.3 18.6 -999.99 0 1 0.7 356.54
ntarla 1992 12 3 338 12.8 36.4 19.3 -999.99 0 1.3 0.7 356.54
ntarla 1992 12 4 339 13.3 36.3 19 -999.99 0 2.1 0.7 356.54
ntarla 1992 12 5 340 13.8 37.2 19.2 -999.99 0 3 0.8 356.54
ntarla 1992 12 6 341 14.3 36.3 18.4 -999.99 0 3.7 0.8 356.54
ntarla 1992 12 7 342 13.8 36.3 19.4 -999.99 0 3.9 0.5 356.54
ntarla 1992 12 8 343 14.8 36.3 14.9 -999.99 0 2.5 0.5 356.54
ntarla 1992 12 9 344 13.8 38.1 19.4 -999.99 0 1.6 0.5 356.54
ntarla 1992 12 10 345 13.6 38.3 18.7 -999.99 0 1.6 0.5 356.54
ntarla 1992 12 11 346 13.6 39.3 19.4 -999.99 0 1.3 0.7 356.54
ntarla 1992 12 12 347 13.6 39.3 17.8 -999.99 0 2.2 0.7 356.54
ntarla 1992 12 13 348 13.6 39.3 17.6 -999.99 0 4.3 0.4 356.54
ntarla 1992 12 14 349 13.6 39.3 19.6 -999.99 0 3.2 0.6 356.54
ntarla 1992 12 15 350 11.8 39.3 19.6 -999.99 0 3.5 0.3 356.54
ntarla 1992 12 16 351 11.8 38.8 17.1 -999.99 0 3.2 0.4 356.54
ntarla 1992 12 17 352 12.3 38.8 19.3 -999.99 0 3.2 0.6 356.54
ntarla 1992 12 18 353 13.8 37.3 14.6 -999.99 0 3.8 0.7 356.54
ntarla 1992 12 19 354 14.1 35.8 14.9 -999.99 0 3.1 0.5 356.54
ntarla 1992 12 20 355 12 37 17.1 -999.99 0 3.8 0.4 356.54
ntarla 1992 12 21 356 11.7 37.5 17.9 -999.99 0 3.5 0.5 356.54
ntarla 1992 12 22 357 11 36.7 18.8 -999.99 0 3.6 0.4 356.54
ntarla 1992 12 23 358 12.3 36.3 15.9 -999.99 0 3.1 0.4 356.54
ntarla 1992 12 24 359 11.7 36.3 17 -999.99 0 2.9 0.8 356.54
ntarla 1992 12 25 360 13.3 37.3 16.6 -999.99 0 2.8 0.5 356.54
ntarla 1992 12 26 361 11.4 37.3 19.3 -999.99 0 2.6 0.3 356.54
ntarla 1992 12 27 362 10.8 38.3 19 -999.99 0 2.4 0.2 356.54
ntarla 1992 12 28 363 12.8 37.3 17.7 -999.99 0 2.4 0.3 356.54
ntarla 1992 12 29 364 10.6 37.8 18.5 -999.99 0 2.4 0.2 356.54
ntarla 1992 12 30 365 11.3 38.5 14.7 -999.99 0 1.4 0.3 356.54
ntarla 1992 12 31 366 19.3 36.3 9.8 -999.99 0 3.1 0.5 356.54
