ntarla 2010 1 2 2 9.7 35 19.9 -999.99 0 3.3 0.3 390.1
ntarla 2010 1 3 3 8.7 35.5 19.9 -999.99 0 3.6 0.3 390.1
ntarla 2010 1 4 4 7.7 35.5 20.2 -999.99 0 3.4 0.3 390.1
ntarla 2010 1 5 5 8.2 35.5 20.2 -999.99 0 2.3 0.2 390.1
ntarla 2010 1 6 6 9.2 36 19.3 -999.99 0 1.7 0.3 390.1
ntarla 2010 1 7 7 10.2 36 19 -999.99 0 2.1 0.2 390.1
ntarla 2010 1 8 8 10.2 36 20 -999.99 0 3.3 0.2 390.1
ntarla 2010 1 9 9 9.2 36 20 -999.99 0 3.5 0.2 390.1
ntarla 2010 1 10 10 8.7 34.5 20.1 -999.99 0 3.2 0.2 390.1
ntarla 2010 1 11 11 10 35.8 19.3 -999.99 0 3.5 0.4 390.1
ntarla 2010 1 12 12 9.2 36 18 -999.99 0 4.1 0.3 390.1
ntarla 2010 1 13 13 10 36.3 18.8 -999.99 0 3.9 0.4 390.1
ntarla 2010 1 14 14 9.2 36.3 21.3 -999.99 0 3.3 0.3 390.1
ntarla 2010 1 15 15 9.2 37 21.2 -999.99 0 3.2 0.2 390.1
ntarla 2010 1 16 16 9.2 38 21.3 -999.99 0 3.7 0.2 390.1
ntarla 2010 1 17 17 9.3 38 20.6 -999.99 0 4.2 0.2 390.1
ntarla 2010 1 18 18 9.7 36.8 22 -999.99 0 4.1 0.3 390.1
ntarla 2010 1 19 19 12.2 36 19.5 -999.99 0 4.1 0.4 390.1
ntarla 2010 1 20 20 8.2 36 21.6 -999.99 0 4 0.3 390.1
ntarla 2010 1 21 21 8.3 35 21.8 -999.99 0 3.6 0.3 390.1
ntarla 2010 1 22 22 10.2 36 20.2 -999.99 0 3.3 0.3 390.1
ntarla 2010 1 23 23 9.7 36.5 21.7 -999.99 0 3.3 0.2 390.1
ntarla 2010 1 24 24 11.2 36.8 21.6 -999.99 0 3.4 0.2 390.1
ntarla 2010 1 25 25 12.7 36.3 19.2 -999.99 0 3.2 0.2 390.1
ntarla 2010 1 26 26 18.2 35.8 20.4 -999.99 0 2.8 0.5 390.1
ntarla 2010 1 27 27 13.7 36.3 21.1 -999.99 0 2.1 0.4 390.1
ntarla 2010 1 28 28 17.7 38 16.8 -999.99 0 2.1 0.5 390.1
ntarla 2010 1 29 29 18.2 38.5 15.8 -999.99 0 3.7 0.5 390.1
ntarla 2010 1 30 30 14.1 37.3 21.3 -999.99 0 4 0.4 390.1
ntarla 2010 1 31 31 12.2 38.5 22.2 -999.99 0 4 0.3 390.1
ntarla 2010 2 1 32 12.9 38.2 21 -999.99 0 5.1 0.5 390.1
ntarla 2010 2 2 33 11.9 38.5 21.2 -999.99 0 4.9 0.5 390.1
ntarla 2010 2 3 34 14.4 39 21.3 -999.99 0 3.9 0.3 390.1
ntarla 2010 2 4 35 13.4 39.7 20.8 -999.99 0 4.1 0.4 390.1
ntarla 2010 2 5 36 15.4 40.2 17.2 -999.99 0 4.7 0.5 390.1
ntarla 2010 2 6 37 13.9 38.7 22.2 -999.99 0 5 0.6 390.1
ntarla 2010 2 7 38 11.9 37 21 -999.99 0 3.6 0.5 390.1
ntarla 2010 2 8 39 13.4 36.7 21.6 -999.99 0 3.3 0.4 390.1
ntarla 2010 2 9 40 12.9 37.7 22.4 -999.99 0 2.2 0.3 390.1
ntarla 2010 2 10 41 13.9 38.7 22.4 -999.99 0 2.1 0.4 390.1
ntarla 2010 2 11 42 15.9 39.2 22.5 -999.99 0 2.6 0.4 390.1
ntarla 2010 2 12 43 14.9 39 22.5 -999.99 0 1.3 1.2 390.1
ntarla 2010 2 13 44 18.4 39 20 -999.99 0 1.4 5.4 390.1
ntarla 2010 2 14 45 21.2 38.5 22.7 -999.99 0 1.3 3 390.1
ntarla 2010 2 15 46 20.5 39.5 19.8 -999.99 0 1.3 1.1 390.1
ntarla 2010 2 16 47 21.4 38.7 22.8 -999.99 0 2.1 1.3 390.1
ntarla 2010 2 17 48 18.4 40 23.1 -999.99 0 3.2 0.4 390.1
ntarla 2010 2 18 49 20.9 42.2 22.9 -999.99 0 2.1 3.1 390.1
ntarla 2010 2 19 50 20.4 42 21.6 -999.99 0 0.7 5.4 390.1
ntarla 2010 2 20 51 21.9 41.2 21 -999.99 0 3 1.3 390.1
ntarla 2010 2 21 52 20.9 41.7 21.6 -999.99 0 4 1.1 390.1
ntarla 2010 2 22 53 18.4 42.7 23.1 -999.99 0 3.9 0.5 390.1
ntarla 2010 2 23 54 18.4 43.7 23.3 -999.99 0 2.5 1.1 390.1
ntarla 2010 2 24 55 19.4 43.7 23.4 -999.99 0 4.3 0.8 390.1
ntarla 2010 2 25 56 17.2 43.2 22.7 -999.99 0 4.1 0.6 390.1
ntarla 2010 2 26 57 16.9 42.7 23.5 -999.99 0 1.8 2.1 390.1
ntarla 2010 2 27 58 20.4 43.2 23.6 -999.99 0 2.4 3.2 390.1
ntarla 2010 2 28 59 23.4 42.7 22.3 -999.99 0 2.4 3.9 390.1
ntarla 2010 3 1 60 22.7 43.1 20.1 -999.99 0 2.7 3.8 390.1
ntarla 2010 3 2 61 20.6 42.8 21.8 -999.99 0 2.9 3.9 390.1
ntarla 2010 3 3 62 21.6 42.3 22.1 -999.99 0 1.4 3.4 390.1
ntarla 2010 3 4 63 19.6 43.3 20.4 -999.99 0 2.7 1.3 390.1
ntarla 2010 3 5 64 20.6 42.3 20.7 -999.99 0 1.4 3.6 390.1
ntarla 2010 3 6 65 21.6 42.1 20.9 -999.99 0 2 6.2 390.1
ntarla 2010 3 7 66 26.6 42.8 21.4 -999.99 0 1.7 8.8 390.1
ntarla 2010 3 8 67 21.6 42.1 19.3 -999.99 0 0.6 1.2 390.1
ntarla 2010 3 9 68 21.6 42.1 21.7 -999.99 0 1.4 1.6 390.1
ntarla 2010 3 10 69 19.6 41.3 22.6 -999.99 0 1.2 0.8 390.1
ntarla 2010 3 11 70 22.6 40.3 17.2 -999.99 0 1.4 1.5 390.1
ntarla 2010 3 12 71 21.9 40.8 14.9 -999.99 0 2.1 1.1 390.1
ntarla 2010 3 13 72 23.6 40.3 24.3 -999.99 0 3.1 1 390.1
ntarla 2010 3 14 73 19.6 40.3 24.3 -999.99 0 2.3 0.8 390.1
ntarla 2010 3 15 74 19.6 41.8 24.8 -999.99 0 1.9 0.9 390.1
ntarla 2010 3 16 75 19.4 42.3 23.6 -999.99 0 3 0.7 390.1
ntarla 2010 3 17 76 21.1 39.8 22.6 -999.99 0 3.5 0.5 390.1
ntarla 2010 3 18 77 19.6 39.1 21.1 -999.99 0 3.4 0.4 390.1
ntarla 2010 3 19 78 20.1 40.8 20.5 -999.99 0 3.6 0.7 390.1
ntarla 2010 3 20 79 31.1 42.1 12.7 -999.99 0 3.1 5.8 390.1
ntarla 2010 3 21 80 27.6 42.3 10.9 -999.99 0 2.6 2.5 390.1
ntarla 2010 3 22 81 21.6 40.8 18.7 -999.99 0 3 0.7 390.1
ntarla 2010 3 23 82 20.1 40.3 18.4 -999.99 0 3 0.3 390.1
ntarla 2010 3 24 83 18.6 40.8 17.5 -999.99 0 3.2 0.3 390.1
ntarla 2010 3 25 84 21.6 41.3 18.3 -999.99 0 2.5 2.9 390.1
ntarla 2010 3 26 85 21.6 41.6 16.2 -999.99 0 2.4 2 390.1
ntarla 2010 3 27 86 16.6 41.8 24.6 -999.99 0 4 0.3 390.1
ntarla 2010 3 28 87 16.6 42.3 21.5 -999.99 0 3.7 0.3 390.1
ntarla 2010 3 29 88 20.1 42.1 16.9 -999.99 0 3.1 0.9 390.1
ntarla 2010 3 30 89 22.1 41.8 17.4 -999.99 0 3.5 0.8 390.1
ntarla 2010 3 31 90 20.7 42.3 19.5 -999.99 0 1.9 3.1 390.1
ntarla 2010 4 1 91 21.3 42.3 20.4 -999.99 0 2.3 2 390.1
ntarla 2010 4 2 92 22.3 42.5 20.1 -999.99 0 1.5 4.9 390.1
ntarla 2010 4 3 93 21.8 43 19 -999.99 0 1.7 3.2 390.1
ntarla 2010 4 4 94 25.8 43.5 20.7 -999.99 0 2.2 4.6 390.1
ntarla 2010 4 5 95 24.6 42.8 19.2 -999.99 0 3 4.2 390.1
ntarla 2010 4 6 96 26.4 40 24.6 -999.99 0 3.1 4 390.1
ntarla 2010 4 7 97 28.7 42.5 25.1 -999.99 0 0.6 3.7 390.1
ntarla 2010 4 8 98 25.8 43 25 -999.99 0 1.6 3.7 390.1
ntarla 2010 4 9 99 31.3 41.3 22.2 -999.99 0 2.3 5.3 390.1
ntarla 2010 4 10 100 31.8 41.2 21.6 -999.99 0 1.2 4.7 390.1
ntarla 2010 4 11 101 29.6 41.8 21.4 -999.99 0 2.8 5.2 390.1
ntarla 2010 4 12 102 31.8 42 23.6 -999.99 0 3.1 8.1 390.1
ntarla 2010 4 13 103 32.6 42.8 22.7 -999.99 0 3.3 8.4 390.1
ntarla 2010 4 14 104 29.8 38.8 14.8 -999.99 0 3.5 6.3 390.1
ntarla 2010 4 15 105 29.8 43 24.5 -999.99 0 2.4 5.3 390.1
ntarla 2010 4 16 106 31.8 38.5 18.8 -999.99 0 2.2 9.2 390.1
ntarla 2010 4 17 107 31.1 43.3 21.5 -999.99 0 2.1 15.6 390.1
ntarla 2010 4 18 108 30.8 42.5 22.8 -999.99 0 1.4 12.3 390.1
ntarla 2010 4 19 109 32.3 41.5 22.9 -999.99 0 2 11.2 390.1
ntarla 2010 4 20 110 28.3 40.5 23.2 -999.99 0 1.9 3.5 390.1
ntarla 2010 4 21 111 31.3 40.7 17 -999.99 0 1.9 4.2 390.1
ntarla 2010 4 22 112 25.8 43 18.9 -999.99 0 1.4 2.4 390.1
ntarla 2010 4 23 113 27.3 39.5 20.2 -999.99 0 2.5 7.9 390.1
ntarla 2010 4 24 114 28.3 37.8 20.3 -999.99 0 1.5 4.8 390.1
ntarla 2010 4 25 115 28.3 41 15.2 -999.99 0 2.2 8.2 390.1
ntarla 2010 4 26 116 29.8 43 18.7 -999.99 0 2.9 13.3 390.1
ntarla 2010 4 27 117 26.3 41.5 20.7 -999.99 0 3.3 8 390.1
ntarla 2010 4 28 118 26.6 40.5 18.7 -999.99 0 2.6 10.4 390.1
ntarla 2010 4 29 119 29.8 41.5 19.5 -999.99 0 1.9 14.7 390.1
ntarla 2010 4 30 120 26.6 37.3 19.5 -999.99 1 2.1 10.5 390.1
ntarla 2010 5 1 121 25.8 31.9 20.4 -999.99 0 2.6 5.5 390.1
ntarla 2010 5 2 122 25.8 37.6 12.6 -999.99 6.4 2.8 8.3 390.1
ntarla 2010 5 3 123 25.5 37.6 23.4 -999.99 0 3 7.4 390.1
ntarla 2010 5 4 124 29.6 40.9 23.1 -999.99 0 2.5 13.5 390.1
ntarla 2010 5 5 125 29.3 42.1 21.9 -999.99 0 2.8 13.9 390.1
ntarla 2010 5 6 126 28.3 42.1 18.6 -999.99 0 2.7 11.4 390.1
ntarla 2010 5 7 127 29.3 40.1 17 -999.99 6.4 2.4 15.8 390.1
ntarla 2010 5 8 128 24.3 40.6 26.4 -999.99 0 1.8 8.4 390.1
ntarla 2010 5 9 129 28.3 41.1 23.9 -999.99 0 2.3 11.1 390.1
ntarla 2010 5 10 130 31.3 41.6 23.8 -999.99 0 2.8 15.1 390.1
ntarla 2010 5 11 131 30.5 41.6 24.5 -999.99 0 2.5 15.4 390.1
ntarla 2010 5 12 132 26.5 43.1 13.1 -999.99 0 2.3 11.2 390.1
ntarla 2010 5 13 133 27.5 40.6 24.8 -999.99 0 2.7 10.6 390.1
ntarla 2010 5 14 134 29 42.1 24.5 -999.99 0 2.9 13.1 390.1
ntarla 2010 5 15 135 22 42.1 14.2 -999.99 23.4 2 11.7 390.1
ntarla 2010 5 16 136 26.3 37.4 24.9 -999.99 0 2.1 8.8 390.1
ntarla 2010 5 17 137 28.3 40.4 19.1 -999.99 0 1.8 14.6 390.1
ntarla 2010 5 18 138 28.5 40.1 18.2 -999.99 0 2.3 14.3 390.1
ntarla 2010 5 19 139 27.5 40.6 19.9 -999.99 1.1 2.9 10.6 390.1
ntarla 2010 5 20 140 24 40.6 9.3 -999.99 0.4 1.8 9.3 390.1
ntarla 2010 5 21 141 26.5 38.9 22.4 -999.99 0 2.1 11.7 390.1
ntarla 2010 5 22 142 27.5 37.6 18.6 -999.99 0 2.4 10 390.1
ntarla 2010 5 23 143 29.8 39.6 20.2 -999.99 1.1 1.7 15.5 390.1
ntarla 2010 5 24 144 24.3 39.6 17.5 -999.99 7.4 2.2 14 390.1
ntarla 2010 5 25 145 24 38.1 19.8 -999.99 0 2.4 8.8 390.1
ntarla 2010 5 26 146 28 39.6 21.7 -999.99 0 3.1 13.8 390.1
ntarla 2010 5 27 147 29.8 41.4 19.7 -999.99 0 3 15.9 390.1
ntarla 2010 5 28 148 30 40.9 21.4 -999.99 0 2.7 16.8 390.1
ntarla 2010 5 29 149 29 39.9 21.2 -999.99 35.1 2.1 15 390.1
ntarla 2010 5 30 150 24 38.5 24.2 -999.99 0 1.5 8.6 390.1
ntarla 2010 5 31 151 27.3 37.6 20.7 -999.99 53.1 3 10.3 390.1
ntarla 2010 6 1 152 20.2 38.2 9.5 -999.99 2.9 2.4 8.1 390.1
ntarla 2010 6 2 153 25.2 37.1 17.8 -999.99 0 2.2 10.4 390.1
ntarla 2010 6 3 154 26.7 36.3 23 -999.99 0 2.5 11 390.1
ntarla 2010 6 4 155 26.2 35.6 13.9 -999.99 0 1.3 7.2 390.1
ntarla 2010 6 5 156 26 35.6 20.4 -999.99 0 2.9 8 390.1
ntarla 2010 6 6 157 25.2 37.3 25.9 -999.99 0 2 10.2 390.1
ntarla 2010 6 7 158 23.2 39.2 23.5 -999.99 6.3 2.1 11 390.1
ntarla 2010 6 8 159 24.7 38.1 22.8 -999.99 0 2.5 11.3 390.1
ntarla 2010 6 9 160 27.2 36.1 21.6 -999.99 23.4 3.8 11.6 390.1
ntarla 2010 6 10 161 21.2 26.8 9.4 -999.99 7.8 2.7 4.8 390.1
ntarla 2010 6 11 162 23.7 31.3 25.6 -999.99 0 1.7 6.6 390.1
ntarla 2010 6 12 163 24.7 36.3 24.7 -999.99 0 1.5 9.5 390.1
ntarla 2010 6 13 164 26.9 37.3 18.6 -999.99 0 2.3 10.8 390.1
ntarla 2010 6 14 165 25.2 37.3 24.2 -999.99 0 3.5 11.7 390.1
ntarla 2010 6 15 166 26.7 35.8 24.2 -999.99 0 2.8 11.1 390.1
ntarla 2010 6 16 167 26.7 36.6 26.1 -999.99 0 2.4 10.8 390.1
ntarla 2010 6 17 168 22.2 33.6 9.4 -999.99 11.7 2 6.9 390.1
ntarla 2010 6 18 169 25.2 33.1 21.7 -999.99 0 1.9 7.8 390.1
ntarla 2010 6 19 170 25 36.3 24.3 -999.99 0 2.4 8.9 390.1
ntarla 2010 6 20 171 26.2 36.8 24.3 -999.99 0 2.5 11 390.1
ntarla 2010 6 21 172 26.7 37.3 23.4 -999.99 1.9 2.3 12.7 390.1
ntarla 2010 6 22 173 23.7 36.6 18.7 -999.99 0 1.4 8.1 390.1
ntarla 2010 6 23 174 23.2 36.6 20 -999.99 0 1.8 8.2 390.1
ntarla 2010 6 24 175 27.2 37.3 22.7 -999.99 27.2 3.2 13.1 390.1
ntarla 2010 6 25 176 20.2 35.8 9.4 -999.99 0 4 8.2 390.1
ntarla 2010 6 26 177 24.2 36.3 20.2 -999.99 1.4 2.7 10.7 390.1
ntarla 2010 6 27 178 22.7 33.1 12.9 -999.99 24.3 2 8.3 390.1
ntarla 2010 6 28 179 25 33.3 24.3 -999.99 0 1.3 8.7 390.1
ntarla 2010 6 29 180 25.2 35.6 22.8 -999.99 4.9 1.2 10.1 390.1
ntarla 2010 6 30 181 23.2 35.3 17.8 -999.99 0 2.2 8.7 390.1
ntarla 2010 7 1 182 21.6 35.2 16.7 -999.99 0 3 7.9 390.1
ntarla 2010 7 2 183 23.6 33.2 17 -999.99 0 3.5 5.6 390.1
ntarla 2010 7 3 184 23.1 33 16.7 -999.99 0 1.5 5.9 390.1
ntarla 2010 7 4 185 23.1 35.2 24.7 -999.99 0 1.7 8.4 390.1
ntarla 2010 7 5 186 25.1 37 21.1 -999.99 0 2.4 11.8 390.1
ntarla 2010 7 6 187 24.1 36.7 19.7 -999.99 0 3.2 10.8 390.1
ntarla 2010 7 7 188 24 34.7 18.3 -999.99 0 2.3 9.1 390.1
ntarla 2010 7 8 189 25.9 35.2 18.3 -999.99 0 1.2 10.5 390.1
ntarla 2010 7 9 190 23.1 35.7 19.1 -999.99 0 0.9 7.2 390.1
ntarla 2010 7 10 191 21.1 35.7 16.9 -999.99 6.5 2.3 7.9 390.1
ntarla 2010 7 11 192 22.6 36.2 21.3 -999.99 27.7 2.3 10.2 390.1
ntarla 2010 7 12 193 22.1 33.5 12.7 -999.99 20.3 0.6 9.2 390.1
ntarla 2010 7 13 194 23.1 33.7 26 -999.99 0 0.9 9 390.1
ntarla 2010 7 14 195 24.1 35.2 21.2 -999.99 0 1.7 10.3 390.1
ntarla 2010 7 15 196 23.1 36 23.2 -999.99 0 3.3 11.5 390.1
ntarla 2010 7 16 197 25.6 35 19.9 -999.99 1.4 2.9 12.7 390.1
ntarla 2010 7 17 198 22.2 34.7 19.9 -999.99 0 1.6 10.4 390.1
ntarla 2010 7 18 199 23.4 34.5 25.1 -999.99 0 2.2 10.3 390.1
ntarla 2010 7 19 200 24.9 35 25.3 -999.99 2.8 2.6 11.2 390.1
ntarla 2010 7 20 201 22.1 33.7 12.5 -999.99 0 3.2 9.6 390.1
ntarla 2010 7 21 202 24.6 32.2 24.7 -999.99 0 3.6 9.9 390.1
ntarla 2010 7 22 203 22.9 30.7 19.2 -999.99 18.5 3.2 8.8 390.1
ntarla 2010 7 23 204 21.6 33.7 9.3 -999.99 34.7 3 9.4 390.1
ntarla 2010 7 24 205 21.6 28.7 9.3 -999.99 3.7 3.2 7 390.1
ntarla 2010 7 25 206 21.6 31 21.9 -999.99 0 3 6.9 390.1
ntarla 2010 7 26 207 22.6 31.2 18.3 -999.99 0 2.2 7.3 390.1
ntarla 2010 7 27 208 22.9 31.7 19.9 -999.99 44.4 1.7 8.2 390.1
ntarla 2010 7 28 209 22.1 32.7 15.5 -999.99 0 2.5 7.4 390.1
ntarla 2010 7 29 210 22.1 31.2 14.3 -999.99 32.4 2.1 8 390.1
ntarla 2010 7 30 211 22.3 33.7 18.4 -999.99 0.9 1.8 9.7 390.1
ntarla 2010 7 31 212 22.1 33.2 22.9 -999.99 7.4 2.1 8.2 390.1
ntarla 2010 8 1 213 21.8 32.1 21.2 -999.99 41.6 1.5 8 390.1
ntarla 2010 8 2 214 22.3 32.6 26.2 -999.99 3.3 0.8 8.3 390.1
ntarla 2010 8 3 215 22.8 34.1 20.9 -999.99 5.5 0.7 9.1 390.1
ntarla 2010 8 4 216 22.3 34.6 20.9 -999.99 38.3 2 10.8 390.1
ntarla 2010 8 5 217 20.6 31.1 23.2 -999.99 0 2.4 7.4 390.1
ntarla 2010 8 6 218 20.6 32.6 17.9 -999.99 28.5 1.4 8.4 390.1
ntarla 2010 8 7 219 21.8 32.9 23.1 -999.99 12 1 9.4 390.1
ntarla 2010 8 8 220 20.8 31.9 20.2 -999.99 1.6 1.1 7.5 390.1
ntarla 2010 8 9 221 22.6 30.6 8.9 -999.99 0 1.6 9.3 390.1
ntarla 2010 8 10 222 22.8 31.4 16.4 -999.99 0 1.9 9.2 390.1
ntarla 2010 8 11 223 21.1 30.4 10.7 -999.99 7.7 1.7 8.3 390.1
ntarla 2010 8 12 224 21.8 29.6 16.5 -999.99 0 1 6.3 390.1
ntarla 2010 8 13 225 22.3 31.1 23.5 -999.99 0 2.2 8.3 390.1
ntarla 2010 8 14 226 22.3 31.4 11.1 -999.99 101.8 1.2 8.8 390.1
ntarla 2010 8 15 227 20.3 29.9 19.2 -999.99 0 0.3 6.9 390.1
ntarla 2010 8 16 228 19.9 31.1 25.9 -999.99 0 0.8 6.9 390.1
ntarla 2010 8 17 229 22.3 33.6 18.1 -999.99 41.6 0.9 9.9 390.1
ntarla 2010 8 18 230 18.8 33.1 21 -999.99 0 2.1 6.7 390.1
ntarla 2010 8 19 231 21.3 33.4 24.4 -999.99 0 2.1 8.2 390.1
ntarla 2010 8 20 232 21.8 33.4 25.2 -999.99 0 1.8 9.3 390.1
ntarla 2010 8 21 233 20.3 32.6 11.1 -999.99 22.4 1.7 8.3 390.1
ntarla 2010 8 22 234 20.8 32.1 18 -999.99 0 1.8 8.4 390.1
ntarla 2010 8 23 235 22.3 31.4 23.4 -999.99 0 2.1 8.8 390.1
ntarla 2010 8 24 236 22.1 31.4 16.6 -999.99 1.1 1.9 9.3 390.1
ntarla 2010 8 25 237 21.3 31.4 23.2 -999.99 0 1.3 6.9 390.1
ntarla 2010 8 26 238 22.3 33.4 20.4 -999.99 26.3 1.5 8.9 390.1
ntarla 2010 8 27 239 20.1 32.6 14.9 -999.99 0 2.4 7.8 390.1
ntarla 2010 8 28 240 21.8 31.9 22.6 -999.99 23 2.1 8.3 390.1
ntarla 2010 8 29 241 20.6 32.4 20.7 -999.99 0 1.6 7.9 390.1
ntarla 2010 8 30 242 21.8 33.1 25 -999.99 0 1.7 8.7 390.1
ntarla 2010 8 31 243 21.1 32.4 16.6 -999.99 32.8 1.6 9 390.1
ntarla 2010 9 1 244 21.4 32 14.3 -999.99 18.8 1.2 7.9 390.1
ntarla 2010 9 2 245 21.4 31.5 18 -999.99 5 2 9 390.1
ntarla 2010 9 3 246 21.2 30.8 14.9 -999.99 33.8 1.6 8.8 390.1
ntarla 2010 9 4 247 20.4 29.5 13.3 -999.99 0 1.6 7.1 390.1
ntarla 2010 9 5 248 22.7 30.8 18.4 -999.99 0 1.1 8.4 390.1
ntarla 2010 9 6 249 20.4 34.5 8.7 -999.99 80.1 1.7 9.2 390.1
ntarla 2010 9 7 250 20.9 27.8 15.1 -999.99 0 2.1 6 390.1
ntarla 2010 9 8 251 21.9 31.7 20.5 -999.99 11.3 1.4 9 390.1
ntarla 2010 9 9 252 21.9 31 13.4 -999.99 11.3 0.5 7.4 390.1
ntarla 2010 9 10 253 21.4 31 22.9 -999.99 0 1.7 7.2 390.1
ntarla 2010 9 11 254 21.9 32 24 -999.99 0 1.6 8.6 390.1
ntarla 2010 9 12 255 22.7 32.8 22.4 -999.99 23.8 1.4 8.8 390.1
ntarla 2010 9 13 256 20.7 32 16.7 -999.99 0 0.5 7 390.1
ntarla 2010 9 14 257 22.9 30.5 17.3 -999.99 17.5 0.8 8.4 390.1
ntarla 2010 9 15 258 21.9 30.5 24.2 -999.99 81.3 1.8 7.8 390.1
ntarla 2010 9 16 259 19.9 35.5 17 -999.99 0 0.9 8.7 390.1
ntarla 2010 9 17 260 22.9 31.8 8.7 -999.99 6.9 1.4 9.2 390.1
ntarla 2010 9 18 261 20.6 29.5 14.8 -999.99 0 1.1 7.4 390.1
ntarla 2010 9 19 262 21.9 32 20.7 -999.99 5 1.6 8.9 390.1
ntarla 2010 9 20 263 20.9 32.5 20.4 -999.99 8.1 1.2 7.7 390.1
ntarla 2010 9 21 264 20.9 32.5 23.3 -999.99 0 1.2 7.7 390.1
ntarla 2010 9 22 265 20.9 33 23.5 -999.99 21.3 1.1 7.9 390.1
ntarla 2010 9 23 266 21.4 33.5 22.6 -999.99 0 1.5 9.6 390.1
ntarla 2010 9 24 267 21.9 33.5 23.5 -999.99 5 1.7 9.6 390.1
ntarla 2010 9 25 268 20.9 34.3 22.7 -999.99 0 1.3 8.7 390.1
ntarla 2010 9 26 269 23.4 34.5 24.6 -999.99 0 1.4 11 390.1
ntarla 2010 9 27 270 22.9 34.8 25 -999.99 0 0.8 10.1 390.1
ntarla 2010 9 28 271 20.9 33 12.9 -999.99 3.1 1.2 8.6 390.1
ntarla 2010 9 29 272 20.7 31.3 14.4 -999.99 1.9 1.4 7.2 390.1
ntarla 2010 9 30 273 20.9 33 24.1 -999.99 0 1.3 7.5 390.1
ntarla 2010 10 1 274 22.3 35.1 22.6 -999.99 0 1.9 10 390.1
ntarla 2010 10 2 275 20.6 34.4 12.8 -999.99 9.2 1.8 8 390.1
ntarla 2010 10 3 276 20.8 31.6 24.1 -999.99 0 1.3 7.7 390.1
ntarla 2010 10 4 277 21.3 34.6 23.2 -999.99 0 1.5 9.3 390.1
ntarla 2010 10 5 278 21.3 34.4 21.8 -999.99 0 2.2 8.9 390.1
ntarla 2010 10 6 279 22.1 32.1 20.3 -999.99 1.1 1.9 9 390.1
ntarla 2010 10 7 280 22.3 33.4 14.1 -999.99 5.7 1 9.9 390.1
ntarla 2010 10 8 281 22.1 31.4 15.7 -999.99 4.6 0.9 9.1 390.1
ntarla 2010 10 9 282 22.3 32.4 20.9 -999.99 0 1 8.8 390.1
ntarla 2010 10 10 283 22.3 34.9 23.2 -999.99 0 1 8.6 390.1
ntarla 2010 10 11 284 22.8 29.6 12.7 -999.99 0 2.3 8 390.1
ntarla 2010 10 12 285 22.8 32.9 20.6 -999.99 114.9 0.8 9.9 390.1
ntarla 2010 10 13 286 20.3 34.1 15.3 -999.99 0 1.3 8.8 390.1
ntarla 2010 10 14 287 23.8 32.6 16.7 -999.99 49.4 1.3 10.9 390.1
ntarla 2010 10 15 288 23.3 33.6 8 -999.99 0 1.1 8.9 390.1
ntarla 2010 10 16 289 19.9 33.4 8 -999.99 0 0.4 7.7 390.1
ntarla 2010 10 17 290 22.8 34.9 17.9 -999.99 0 1.8 10.1 390.1
ntarla 2010 10 18 291 22.3 35.6 21.3 -999.99 0 1.6 10.1 390.1
ntarla 2010 10 19 292 23.6 34.9 22.4 -999.99 0 1.8 12 390.1
ntarla 2010 10 20 293 22.8 34.9 16.3 -999.99 0 2 10.6 390.1
ntarla 2010 10 21 294 21.3 36.4 19.6 -999.99 0 1.8 9.7 390.1
ntarla 2010 10 22 295 20.3 34.6 20.8 -999.99 0 0.9 6.4 390.1
ntarla 2010 10 23 296 21.3 35.9 22.2 -999.99 0 0.7 9.3 390.1
ntarla 2010 10 24 297 21.3 36.1 21.4 -999.99 0 1.1 9 390.1
ntarla 2010 10 25 298 20.8 35.9 22.8 -999.99 0 1.4 9.2 390.1
ntarla 2010 10 26 299 21.8 35.1 19.9 -999.99 6.9 1.2 8.7 390.1
ntarla 2010 10 27 300 21.3 34.6 19.7 -999.99 1.7 2.6 9.7 390.1
ntarla 2010 10 28 301 21.8 33.4 18.4 -999.99 0 0.2 7.5 390.1
ntarla 2010 10 29 302 19.8 33.1 21.3 -999.99 0 0.7 6.6 390.1
ntarla 2010 10 30 303 20.3 36.1 21.2 -999.99 0 0.5 7.5 390.1
ntarla 2010 10 31 304 20.3 36.1 20.1 -999.99 0 0.7 8.7 390.1
ntarla 2010 11 1 305 20.5 33.9 19.5 -999.99 0 0.9 7.6 390.1
ntarla 2010 11 2 306 21.5 35.9 19.5 -999.99 0 1.6 9 390.1
ntarla 2010 11 3 307 22 35.9 15.1 -999.99 0 0.1 9.4 390.1
ntarla 2010 11 4 308 19.5 35.9 19.2 -999.99 0 1.5 5.1 390.1
ntarla 2010 11 5 309 16.3 33.7 21.6 -999.99 0 1.2 3.9 390.1
ntarla 2010 11 6 310 16.3 33.4 21 -999.99 0 0.8 3.8 390.1
ntarla 2010 11 7 311 17 34.7 20.3 -999.99 0 0.8 5.1 390.1
ntarla 2010 11 8 312 21 34.7 17.7 -999.99 0 1.4 8.1 390.1
ntarla 2010 11 9 313 21 34.7 18.1 -999.99 0 1.3 7.2 390.1
ntarla 2010 11 10 314 19 34.9 21.5 -999.99 0 1.7 5.2 390.1
ntarla 2010 11 11 315 16.5 34.4 20.8 -999.99 0 3.9 3.6 390.1
ntarla 2010 11 12 316 15 35.7 20.7 -999.99 0 3.1 3.8 390.1
ntarla 2010 11 13 317 13.5 35.2 20.7 -999.99 0 2 3.5 390.1
ntarla 2010 11 14 318 15.3 35.9 20.1 -999.99 0 0.8 4.5 390.1
ntarla 2010 11 15 319 17.5 36.2 16.4 -999.99 0 1.5 7.7 390.1
ntarla 2010 11 16 320 19.5 34.2 20.4 -999.99 0 0.1 7 390.1
ntarla 2010 11 17 321 17 37.2 20.5 -999.99 0 0.8 6.3 390.1
ntarla 2010 11 18 322 15 37.4 20.4 -999.99 0 1.4 4.8 390.1
ntarla 2010 11 19 323 17 31.9 20.4 -999.99 0 1.7 4.9 390.1
ntarla 2010 11 20 324 13.5 32.4 21 -999.99 0 1.9 2.8 390.1
ntarla 2010 11 21 325 13 32.7 19.8 -999.99 0 2 2.8 390.1
ntarla 2010 11 22 326 13.5 32.4 19.7 -999.99 0 1.9 3.4 390.1
ntarla 2010 11 23 327 14 31.4 19.7 -999.99 0 2.3 3.9 390.1
ntarla 2010 11 24 328 12 31.2 20 -999.99 0 2.3 2.4 390.1
ntarla 2010 11 25 329 11 30 20 -999.99 0 2.8 1.9 390.1
ntarla 2010 11 26 330 10 31.7 20 -999.99 0 2.9 1.9 390.1
ntarla 2010 11 27 331 11.5 29.9 19.8 -999.99 0 2 1.8 390.1
ntarla 2010 11 28 332 11.5 30.7 19.4 -999.99 0 2.9 1.9 390.1
ntarla 2010 11 29 333 11 32.4 19.7 -999.99 0 2.8 2.1 390.1
ntarla 2010 11 30 334 11 29.9 20 -999.99 0 2.5 1.7 390.1
ntarla 2010 12 1 335 9.8 28.6 20.1 -999.99 0 2 1.5 390.1
ntarla 2010 12 2 336 7.8 30.3 20.4 -999.99 0 2.2 1.5 390.1
ntarla 2010 12 3 337 8.3 32.8 19.9 -999.99 0 1.5 1.7 390.1
ntarla 2010 12 4 338 8.8 32.1 19.9 -999.99 0 1.3 1.7 390.1
ntarla 2010 12 5 339 10.8 29.6 19 -999.99 0 1.9 1.9 390.1
ntarla 2010 12 6 340 11.8 30.1 19.2 -999.99 0 2.2 1.8 390.1
ntarla 2010 12 7 341 9.8 28.6 19.9 -999.99 0 1.8 1.5 390.1
ntarla 2010 12 8 342 8.1 26.6 19.7 -999.99 0 2.6 1.2 390.1
ntarla 2010 12 9 343 8.3 23.8 18.5 -999.99 0 2.9 1.1 390.1
ntarla 2010 12 10 344 8.8 28.1 19.8 -999.99 0 2.9 1.1 390.1
ntarla 2010 12 11 345 7.8 28.8 19.8 -999.99 0 2.3 1.1 390.1
ntarla 2010 12 12 346 6.8 28.3 19.8 -999.99 0 2 1.1 390.1
ntarla 2010 12 13 347 7.8 30.8 19.8 -999.99 0 1.9 1.5 390.1
ntarla 2010 12 14 348 8.8 23.6 18.7 -999.99 0 2.6 1.1 390.1
ntarla 2010 12 15 349 9.8 29.8 18.7 -999.99 0 2.8 1.4 390.1
ntarla 2010 12 16 350 9.3 29.6 18.6 -999.99 0 2.4 1.3 390.1
ntarla 2010 12 17 351 9.8 30.1 18.9 -999.99 0 2 1.5 390.1
ntarla 2010 12 18 352 9.1 27.6 18.7 -999.99 0 2.1 1.4 390.1
ntarla 2010 12 19 353 8.8 34 18.3 -999.99 0 2 2 390.1
ntarla 2010 12 20 354 8.8 31.1 19.5 -999.99 0 2.4 1.6 390.1
ntarla 2010 12 21 355 9.8 28.3 19.5 -999.99 0 2.3 1.2 390.1
ntarla 2010 12 22 356 8.8 31.6 19.7 -999.99 0 2 1.6 390.1
ntarla 2010 12 23 357 7.8 28.8 19.6 -999.99 0 2 1.4 390.1
ntarla 2010 12 24 358 7.8 34.1 19.4 -999.99 0 2.2 2 390.1
ntarla 2010 12 25 359 7.8 28.6 19.5 -999.99 0 2.2 1.4 390.1
ntarla 2010 12 26 360 6.8 27.8 19.8 -999.99 0 1.6 1.3 390.1
ntarla 2010 12 27 361 6.8 28.8 18.9 -999.99 0 2.1 1.2 390.1
ntarla 2010 12 28 362 9.1 27.1 19.8 -999.99 0 3.4 0.9 390.1
ntarla 2010 12 29 363 8.8 25.6 19.9 -999.99 0 3.3 0.8 390.1
ntarla 2010 12 30 364 8.8 28.1 15.5 -999.99 0 3.2 1.1 390.1
ntarla 2010 12 31 365 9.1 27 14.7 -999.99 0 3.3 1 390.1
