ntarla 2001 1 2 2 11.2 38.5 17.7 -999.99 0 2.6 0.3 371.32
ntarla 2001 1 3 3 15.7 38.5 16.8 -999.99 0 3.2 0.4 371.32
ntarla 2001 1 4 4 17 37.2 18.8 -999.99 0 3.7 0.5 371.32
ntarla 2001 1 5 5 12.2 36.3 18.5 -999.99 0 3.2 0.2 371.32
ntarla 2001 1 6 6 11.1 36.7 18.2 -999.99 0 2.5 0.2 371.32
ntarla 2001 1 7 7 11 37.2 19.2 -999.99 0 1.9 0.3 371.32
ntarla 2001 1 8 8 12.3 36.7 19.1 -999.99 0 2.6 0.5 371.32
ntarla 2001 1 9 9 12.9 36.6 19.2 -999.99 0 2.8 0.4 371.32
ntarla 2001 1 10 10 14 34.5 16.5 -999.99 0 3.1 0.4 371.32
ntarla 2001 1 11 11 11.2 37.5 19.7 -999.99 0 2.8 0.4 371.32
ntarla 2001 1 12 12 11.3 37.8 19.7 -999.99 0 3.1 0.4 371.32
ntarla 2001 1 13 13 12.2 37.7 20.1 -999.99 0 2.8 0.4 371.32
ntarla 2001 1 14 14 10.7 36.7 19.8 -999.99 0 2.9 0.3 371.32
ntarla 2001 1 15 15 11.7 36.7 19.6 -999.99 0 2.8 0.3 371.32
ntarla 2001 1 16 16 11.2 37.1 20 -999.99 0 3.1 0.4 371.32
ntarla 2001 1 17 17 12 37.5 19.9 -999.99 0 3.3 0.3 371.32
ntarla 2001 1 18 18 11.1 37.2 20.5 -999.99 0 3.7 0.2 371.32
ntarla 2001 1 19 19 10.3 39.2 21 -999.99 0 3.6 0.2 371.32
ntarla 2001 1 20 20 12.7 37.2 20.1 -999.99 0 4.3 0.3 371.32
ntarla 2001 1 21 21 10.7 37.1 20.7 -999.99 0 4 0.2 371.32
ntarla 2001 1 22 22 11.2 37 20.3 -999.99 0 3.6 0.2 371.32
ntarla 2001 1 23 23 10.2 37.1 20.8 -999.99 0 3.9 0.2 371.32
ntarla 2001 1 24 24 11.1 36.1 21.1 -999.99 0 3.5 0.2 371.32
ntarla 2001 1 25 25 10.9 35.8 20.3 -999.99 0 3.2 0.3 371.32
ntarla 2001 1 26 26 12.5 35.3 19.9 -999.99 0 3.6 0.2 371.32
ntarla 2001 1 27 27 12.2 35 20.4 -999.99 0 3.7 0.2 371.32
ntarla 2001 1 28 28 10.8 35.7 21.4 -999.99 0 3.6 0.2 371.32
ntarla 2001 1 29 29 11 36.7 21.8 -999.99 0 2.7 0.2 371.32
ntarla 2001 1 30 30 11.4 37.3 22.1 -999.99 0 2.6 0.2 371.32
ntarla 2001 1 31 31 12.9 38.5 19.8 -999.99 0 3.6 0.3 371.32
ntarla 2001 2 1 32 14.1 39.2 21.2 -999.99 0 4.2 0.2 371.32
ntarla 2001 2 2 33 13.1 38.2 21.8 -999.99 0 4.2 0.3 371.32
ntarla 2001 2 3 34 12.9 38.9 22.6 -999.99 0 3.7 0.3 371.32
ntarla 2001 2 4 35 13.9 40.5 22.2 -999.99 0 3.2 0.4 371.32
ntarla 2001 2 5 36 15.5 39.7 20.8 -999.99 0 3.9 0.4 371.32
ntarla 2001 2 6 37 14.5 37.7 22.5 -999.99 0 3.8 0.3 371.32
ntarla 2001 2 7 38 12.9 37.2 20.2 -999.99 0 3.6 0.3 371.32
ntarla 2001 2 8 39 12.1 37.9 22.3 -999.99 0 3.2 0.3 371.32
ntarla 2001 2 9 40 13.4 38.2 21.4 -999.99 0 4.1 0.3 371.32
ntarla 2001 2 10 41 12.9 37.7 22.3 -999.99 0 4.6 0.3 371.32
ntarla 2001 2 11 42 12.4 37.3 20.5 -999.99 0 4.8 0.3 371.32
ntarla 2001 2 12 43 17.4 35.3 19.2 -999.99 0 4.7 0.2 371.32
ntarla 2001 2 13 44 11.2 35.3 22.9 -999.99 0 4.9 0.1 371.32
ntarla 2001 2 14 45 11.1 32.3 21.6 -999.99 0 4.2 0.2 371.32
ntarla 2001 2 15 46 13.1 32.9 18.2 -999.99 0 3.4 0.3 371.32
ntarla 2001 2 16 47 12.1 35.4 22.8 -999.99 0 3.2 0.3 371.32
ntarla 2001 2 17 48 11.4 37.9 22.7 -999.99 0 2.6 0.3 371.32
ntarla 2001 2 18 49 13.1 38 23.2 -999.99 0 3.7 0.5 371.32
ntarla 2001 2 19 50 13.9 40.2 22.4 -999.99 0 3.7 0.4 371.32
ntarla 2001 2 20 51 14.9 37.2 18.3 -999.99 0 4.4 0.2 371.32
ntarla 2001 2 21 52 15.2 41.7 22.6 -999.99 0 4.6 0.4 371.32
ntarla 2001 2 22 53 16.9 39.2 14.4 -999.99 0 4.5 0.4 371.32
ntarla 2001 2 23 54 14.9 41.2 24.4 -999.99 0 3.9 0.3 371.32
ntarla 2001 2 24 55 14.3 41.2 24.3 -999.99 0 3.9 0.3 371.32
ntarla 2001 2 25 56 14.7 42.2 24.5 -999.99 0 3.3 0.3 371.32
ntarla 2001 2 26 57 15.9 42.7 23.7 -999.99 0 3.5 0.3 371.32
ntarla 2001 2 27 58 16.9 41.3 24.5 -999.99 0 4.2 0.4 371.32
ntarla 2001 2 28 59 17.9 39.2 25.1 -999.99 0 3.9 0.7 371.32
ntarla 2001 3 1 60 15.1 39.4 24 -999.99 0 3.1 0.5 371.32
ntarla 2001 3 2 61 16.1 42.3 24 -999.99 0 3.3 0.7 371.32
ntarla 2001 3 3 62 16.1 43.8 24.5 -999.99 0 4.3 0.3 371.32
ntarla 2001 3 4 63 16.6 44.8 24.7 -999.99 0 3.8 0.4 371.32
ntarla 2001 3 5 64 18.6 44.3 23.7 -999.99 0 3.9 1.5 371.32
ntarla 2001 3 6 65 19.6 44.3 23.3 -999.99 0 3.1 1.2 371.32
ntarla 2001 3 7 66 17.4 42.3 23.5 -999.99 0 4 0.3 371.32
ntarla 2001 3 8 67 15.6 41.3 24.6 -999.99 0 3.3 0.3 371.32
ntarla 2001 3 9 68 16.1 42.2 23.9 -999.99 0 3.3 0.3 371.32
ntarla 2001 3 10 69 14.6 42.8 25.3 -999.99 0 3.1 0.3 371.32
ntarla 2001 3 11 70 15.3 43.3 24.6 -999.99 0 2.8 0.3 371.32
ntarla 2001 3 12 71 16.9 42 21.5 -999.99 0 2.5 0.3 371.32
ntarla 2001 3 13 72 18.6 43.3 24.4 -999.99 0 1.2 2.9 371.32
ntarla 2001 3 14 73 25.1 42.8 23.7 -999.99 0 3 8.1 371.32
ntarla 2001 3 15 74 25.6 42.3 22.3 -999.99 2.9 2.1 6.6 371.32
ntarla 2001 3 16 75 26.6 39.8 13.5 -999.99 0 1.2 2.5 371.32
ntarla 2001 3 17 76 24.4 43.4 24.6 -999.99 0 2.2 3.3 371.32
ntarla 2001 3 18 77 22.1 43.3 22.8 -999.99 0 1.9 2.6 371.32
ntarla 2001 3 19 78 21.1 43.8 24.8 -999.99 0 2.6 1.5 371.32
ntarla 2001 3 20 79 20.1 44.1 23.3 -999.99 0 2.1 1.9 371.32
ntarla 2001 3 21 80 20.6 44.3 25.5 -999.99 0 3.5 0.8 371.32
ntarla 2001 3 22 81 19.6 44.5 25.8 -999.99 0 2.5 0.8 371.32
ntarla 2001 3 23 82 20.6 44.4 24.9 -999.99 0 2.6 3.4 371.32
ntarla 2001 3 24 83 22.6 43.3 25.1 -999.99 0 2.5 3.2 371.32
ntarla 2001 3 25 84 22.7 43 24.5 -999.99 0 1.7 2.9 371.32
ntarla 2001 3 26 85 21.6 44.3 21.3 -999.99 0 1.3 1.4 371.32
ntarla 2001 3 27 86 21.6 44.3 24.6 -999.99 0 1.1 2.9 371.32
ntarla 2001 3 28 87 20.6 44.8 23.7 -999.99 0 1.4 2.4 371.32
ntarla 2001 3 29 88 23.1 44.4 22.3 -999.99 0 3 6.9 371.32
ntarla 2001 3 30 89 28.1 44 22 -999.99 0 0.8 6.4 371.32
ntarla 2001 3 31 90 26.6 43.8 24.6 -999.99 0 0.9 3.8 371.32
ntarla 2001 4 1 91 23.8 43.7 25 -999.99 0 3.6 0.5 371.32
ntarla 2001 4 2 92 22.3 42.8 24.9 -999.99 0 4 0.6 371.32
ntarla 2001 4 3 93 20.3 41.7 25.5 -999.99 0 2.8 0.4 371.32
ntarla 2001 4 4 94 18.3 41.7 23.7 -999.99 0 0.8 0.8 371.32
ntarla 2001 4 5 95 20.8 43.7 25.7 -999.99 0 1.8 1.7 371.32
ntarla 2001 4 6 96 24.8 40.1 12.2 -999.99 0 2.7 5.8 371.32
ntarla 2001 4 7 97 28.3 39.2 10.4 -999.99 0 1.2 7.9 371.32
ntarla 2001 4 8 98 27.3 42 11.8 -999.99 0 1.6 4.6 371.32
ntarla 2001 4 9 99 21.3 45.5 24.7 -999.99 0 4.6 1.4 371.32
ntarla 2001 4 10 100 23.7 45 25 -999.99 0 2.5 2.9 371.32
ntarla 2001 4 11 101 21.8 45 25.5 -999.99 0 1.3 3.5 371.32
ntarla 2001 4 12 102 24.3 44 19.3 -999.99 0 1.8 4.7 371.32
ntarla 2001 4 13 103 27.8 44.1 24.1 -999.99 0 1.3 5 371.32
ntarla 2001 4 14 104 29.7 43 20.7 -999.99 0 1.8 3 371.32
ntarla 2001 4 15 105 26.5 46.1 25.9 -999.99 0 2.3 0.7 371.32
ntarla 2001 4 16 106 29.3 42.5 20.7 -999.99 0 2 5.3 371.32
ntarla 2001 4 17 107 27.8 43.5 23.6 -999.99 0 2.4 5.8 371.32
ntarla 2001 4 18 108 31.3 44 21.9 -999.99 0 2.8 9.9 371.32
ntarla 2001 4 19 109 28.6 41.5 21.9 -999.99 0 2.6 7.4 371.32
ntarla 2001 4 20 110 30.3 44 22.1 -999.99 2 3 9 371.32
ntarla 2001 4 21 111 28.3 42.7 24.2 -999.99 0 1.1 4.8 371.32
ntarla 2001 4 22 112 27.3 41.1 24.8 -999.99 0 1.8 2.4 371.32
ntarla 2001 4 23 113 28.8 42.1 26.4 -999.99 0 1.3 3.3 371.32
ntarla 2001 4 24 114 24.3 42.1 23.3 -999.99 0 2.5 1.4 371.32
ntarla 2001 4 25 115 24.3 44.1 25.1 -999.99 0 3 0.8 371.32
ntarla 2001 4 26 116 25.8 45 21.6 -999.99 0 2.2 1.5 371.32
ntarla 2001 4 27 117 26.8 46 25.1 -999.99 0 0.7 2.3 371.32
ntarla 2001 4 28 118 28.3 45.6 24.9 -999.99 0 0.9 2.1 371.32
ntarla 2001 4 29 119 28.8 44.9 25.1 -999.99 0 2 4.2 371.32
ntarla 2001 4 30 120 31.3 43.2 21.5 -999.99 0 3.9 10.2 371.32
ntarla 2001 5 1 121 27.5 41.1 20.8 -999.99 0 2.9 5.6 371.32
ntarla 2001 5 2 122 29.5 40.8 17.5 -999.99 4.3 1.7 7.9 371.32
ntarla 2001 5 3 123 26 41.1 19.1 -999.99 0 1.1 5.3 371.32
ntarla 2001 5 4 124 29.5 42.8 23.9 -999.99 2.1 2.6 8.4 371.32
ntarla 2001 5 5 125 26.5 42.1 20.6 -999.99 0 1.4 4.2 371.32
ntarla 2001 5 6 126 27.5 43.6 24.6 -999.99 0 1.3 3.6 371.32
ntarla 2001 5 7 127 27 42.8 24.7 -999.99 0 1.3 5.4 371.32
ntarla 2001 5 8 128 28.5 44.1 26.2 -999.99 0 2.5 9.6 371.32
ntarla 2001 5 9 129 31.5 42.7 24.1 -999.99 0 2.4 14.4 371.32
ntarla 2001 5 10 130 31.3 44.1 24.1 -999.99 0 1.7 5 371.32
ntarla 2001 5 11 131 29 44.8 24.4 -999.99 0.2 2.1 11.3 371.32
ntarla 2001 5 12 132 29 43.1 22.2 -999.99 0 2.3 6.4 371.32
ntarla 2001 5 13 133 30.5 44.1 24.8 -999.99 0 3.1 11.4 371.32
ntarla 2001 5 14 134 31 44.6 24.5 -999.99 0 1.7 8.6 371.32
ntarla 2001 5 15 135 31.4 44.2 26.1 -999.99 18.1 3.3 16 371.32
ntarla 2001 5 16 136 23 37.9 21.6 -999.99 0 2.8 5.1 371.32
ntarla 2001 5 17 137 30 43.6 26.2 -999.99 0 1.9 11.8 371.32
ntarla 2001 5 18 138 30 33.8 9.5 -999.99 1.7 2.2 5.6 371.32
ntarla 2001 5 19 139 27 35.1 16.4 -999.99 6.4 3.1 5.5 371.32
ntarla 2001 5 20 140 27 39.6 22.4 -999.99 1.4 3.2 6.1 371.32
ntarla 2001 5 21 141 26 38.1 18 -999.99 0 1.6 8.8 371.32
ntarla 2001 5 22 142 27 41.1 13.9 -999.99 2.7 2.1 9.3 371.32
ntarla 2001 5 23 143 27.3 40.6 20.1 -999.99 0 2.1 11.5 371.32
ntarla 2001 5 24 144 27.1 40.2 26.2 -999.99 0 1.5 4.9 371.32
ntarla 2001 5 25 145 30 37.1 22.2 -999.99 0 4.5 10 371.32
ntarla 2001 5 26 146 27 42.6 23.5 -999.99 0 3 7.3 371.32
ntarla 2001 5 27 147 30.2 41.1 22.4 -999.99 0 3.6 10.4 371.32
ntarla 2001 5 28 148 29.5 42 22.4 -999.99 0 2.9 6.5 371.32
ntarla 2001 5 29 149 30.2 41.8 25.1 -999.99 32.3 3.3 11.8 371.32
ntarla 2001 5 30 150 25 37.1 23.6 -999.99 0 2.3 4 371.32
ntarla 2001 5 31 151 27 39.8 18.4 -999.99 0 2.8 9.8 371.32
ntarla 2001 6 1 152 28.2 39 19.7 -999.99 0 2.7 8.1 371.32
ntarla 2001 6 2 153 29.2 39.8 21.4 -999.99 0 1.2 7.6 371.32
ntarla 2001 6 3 154 30.7 39.4 19 -999.99 1.5 2.4 11.3 371.32
ntarla 2001 6 4 155 25.2 39.8 19.3 -999.99 0 2.4 4.4 371.32
ntarla 2001 6 5 156 27 40.8 23.1 -999.99 0 2.8 7.9 371.32
ntarla 2001 6 6 157 26.7 37.4 17.9 -999.99 1.5 3.4 5.6 371.32
ntarla 2001 6 7 158 25.7 39.4 21.5 -999.99 9 1.9 6.5 371.32
ntarla 2001 6 8 159 23.7 31.8 16.4 -999.99 32.1 2.4 4.4 371.32
ntarla 2001 6 9 160 24.2 34.2 21.7 -999.99 0 2.5 5.2 371.32
ntarla 2001 6 10 161 24.7 37 25.3 -999.99 0 3.3 7 371.32
ntarla 2001 6 11 162 28.1 39.3 23.8 -999.99 13.6 3.3 10.2 371.32
ntarla 2001 6 12 163 23.2 36.4 25.3 -999.99 0.4 1.8 6.2 371.32
ntarla 2001 6 13 164 23.2 37 20.8 -999.99 0 2.2 4.6 371.32
ntarla 2001 6 14 165 25.7 38.3 25.4 -999.99 0 3.1 8 371.32
ntarla 2001 6 15 166 26.5 37.4 21.5 -999.99 0 4.2 9.3 371.32
ntarla 2001 6 16 167 24.7 38 26.6 -999.99 0 2.8 5.9 371.32
ntarla 2001 6 17 168 27.7 38.1 18 -999.99 29.2 2.4 10.4 371.32
ntarla 2001 6 18 169 24.2 35.4 17.5 -999.99 0 1.4 6.8 371.32
ntarla 2001 6 19 170 25.2 38.3 25.5 -999.99 0 2.6 5.2 371.32
ntarla 2001 6 20 171 28.2 38.3 21.2 -999.99 0 3.4 11.5 371.32
ntarla 2001 6 21 172 28.2 36.3 18.6 -999.99 4.5 2.4 10.3 371.32
ntarla 2001 6 22 173 23.7 34.3 18.6 -999.99 0.3 1.3 4.4 371.32
ntarla 2001 6 23 174 25.7 32.4 17.2 -999.99 5.8 1.3 5.1 371.32
ntarla 2001 6 24 175 25.7 29.4 9.4 -999.99 36 1.8 6 371.32
ntarla 2001 6 25 176 21.7 34.3 24.5 -999.99 0.2 1.8 5.8 371.32
ntarla 2001 6 26 177 25.9 34.8 23.9 -999.99 0.3 1.5 6.5 371.32
ntarla 2001 6 27 178 24.7 36.3 24.6 -999.99 14.2 1.7 5.9 371.32
ntarla 2001 6 28 179 23.7 31.1 12.7 -999.99 0 2.1 6.3 371.32
ntarla 2001 6 29 180 25.7 35 24.2 -999.99 13.6 2 5.1 371.32
ntarla 2001 6 30 181 21.7 34.8 22.6 -999.99 0 0.9 3.3 371.32
ntarla 2001 7 1 182 26.1 36.2 24.1 -999.99 12 1.9 6.5 371.32
ntarla 2001 7 2 183 24.1 34.7 24.1 -999.99 1.5 0.6 4.4 371.32
ntarla 2001 7 3 184 23.1 34.9 23.4 -999.99 0 1.8 5.7 371.32
ntarla 2001 7 4 185 24.6 35.8 25.1 -999.99 0 2.4 6.2 371.32
ntarla 2001 7 5 186 26.1 36.9 24.6 -999.99 57.3 2.1 8.9 371.32
ntarla 2001 7 6 187 21.6 30.9 18.8 -999.99 0.6 0.7 2.6 371.32
ntarla 2001 7 7 188 23.6 34.9 25.9 -999.99 6.7 2.1 6.7 371.32
ntarla 2001 7 8 189 24.1 35.7 24.6 -999.99 0 1.9 5.6 371.32
ntarla 2001 7 9 190 26.6 36 23.2 -999.99 0 2.6 8.2 371.32
ntarla 2001 7 10 191 25.6 36.8 21.3 -999.99 0 2.3 9.6 371.32
ntarla 2001 7 11 192 24.9 34.1 20 -999.99 0 2.1 5.7 371.32
ntarla 2001 7 12 193 25.1 30.7 13.3 -999.99 8.8 2.2 3.6 371.32
ntarla 2001 7 13 194 24.6 35.2 25.4 -999.99 0 1 4.5 371.32
ntarla 2001 7 14 195 25.6 35.7 17.8 -999.99 0 2.9 7.2 371.32
ntarla 2001 7 15 196 26.6 33.9 14.5 -999.99 2.7 2.9 7.2 371.32
ntarla 2001 7 16 197 23.1 33.7 19.7 -999.99 39.8 2.3 7.3 371.32
ntarla 2001 7 17 198 23.6 31.7 16 -999.99 23.1 2 5.7 371.32
ntarla 2001 7 18 199 24.1 33.7 22.6 -999.99 0 0.9 5.8 371.32
ntarla 2001 7 19 200 25.1 34.3 26.5 -999.99 37 2.2 7.7 371.32
ntarla 2001 7 20 201 21.6 29.3 15.2 -999.99 14.1 1.7 4 371.32
ntarla 2001 7 21 202 24.1 33.9 23.2 -999.99 0 1.7 5.5 371.32
ntarla 2001 7 22 203 25.6 34.3 17.6 -999.99 0 2 6.8 371.32
ntarla 2001 7 23 204 24.6 33.4 15.3 -999.99 37 1.1 7 371.32
ntarla 2001 7 24 205 23.6 33.7 25.5 -999.99 0 1.2 7.3 371.32
ntarla 2001 7 25 206 25.1 33.2 19.7 -999.99 23.1 2.4 8.4 371.32
ntarla 2001 7 26 207 22.6 32.2 17.9 -999.99 2.9 2.3 4.1 371.32
ntarla 2001 7 27 208 22.8 29.3 17.4 -999.99 4.6 1.2 4.1 371.32
ntarla 2001 7 28 209 22.8 33.3 25 -999.99 0 1.1 6.5 371.32
ntarla 2001 7 29 210 25.1 33.3 20.9 -999.99 36.1 2.6 6.8 371.32
ntarla 2001 7 30 211 22.1 30.7 15.7 -999.99 2.3 2.9 5.6 371.32
ntarla 2001 7 31 212 23.6 32.7 22.9 -999.99 0 2.6 5.3 371.32
ntarla 2001 8 1 213 23.8 32.7 25.1 -999.99 12 1.3 8.6 371.32
ntarla 2001 8 2 214 21.7 31.7 19 -999.99 0 1.4 5.5 371.32
ntarla 2001 8 3 215 23.6 33.3 25.5 -999.99 0 2.7 5.3 371.32
ntarla 2001 8 4 216 24.1 34.3 23.7 -999.99 0 2.3 8.6 371.32
ntarla 2001 8 5 217 24.8 31.7 11.4 -999.99 0 0.6 4.3 371.32
ntarla 2001 8 6 218 23.3 35.7 26.7 -999.99 0 0.5 5.4 371.32
ntarla 2001 8 7 219 25.3 34.6 19.3 -999.99 47.1 2 8.2 371.32
ntarla 2001 8 8 220 22.5 29.7 18.7 -999.99 1.4 2.7 4.5 371.32
ntarla 2001 8 9 221 23.8 31.3 17 -999.99 39.3 1.8 6.3 371.32
ntarla 2001 8 10 222 23.3 32.9 20.4 -999.99 0.3 0.3 6.3 371.32
ntarla 2001 8 11 223 25.3 34.6 23.4 -999.99 0 0.9 8.8 371.32
ntarla 2001 8 12 224 23.6 35.1 23.1 -999.99 15.3 2.4 7.3 371.32
ntarla 2001 8 13 225 23.3 31.7 9.8 -999.99 4.4 2 6.9 371.32
ntarla 2001 8 14 226 23.8 32.3 18.1 -999.99 1.4 2 8.3 371.32
ntarla 2001 8 15 227 24.8 29.6 8.8 -999.99 14.7 1.5 6.9 371.32
ntarla 2001 8 16 228 22.8 32.8 21.6 -999.99 0 1.2 8.1 371.32
ntarla 2001 8 17 229 24.3 33.6 22.9 -999.99 0 1.6 8.5 371.32
ntarla 2001 8 18 230 25.3 35.1 25.5 -999.99 0 2.1 8.6 371.32
ntarla 2001 8 19 231 26.3 33.1 11.9 -999.99 12 2 9.4 371.32
ntarla 2001 8 20 232 23.3 28.3 11.6 -999.99 30.5 1.9 6.6 371.32
ntarla 2001 8 21 233 23.8 29.7 12.8 -999.99 0 1.2 6.2 371.32
ntarla 2001 8 22 234 25.3 30.7 13.7 -999.99 0.8 1.6 7.6 371.32
ntarla 2001 8 23 235 24.8 34.1 26.9 -999.99 0 1.6 9.6 371.32
ntarla 2001 8 24 236 25.3 34.5 23.4 -999.99 1.2 1.3 11.5 371.32
ntarla 2001 8 25 237 24.8 33.1 21.4 -999.99 14.9 1.3 6.6 371.32
ntarla 2001 8 26 238 23.3 32.1 18.6 -999.99 6 1.3 5.1 371.32
ntarla 2001 8 27 239 23.3 34.6 22.3 -999.99 4.1 1.2 7.7 371.32
ntarla 2001 8 28 240 22.8 31.6 15.5 -999.99 24.1 1.7 7.8 371.32
ntarla 2001 8 29 241 23.8 32.1 19.8 -999.99 0 2.1 8 371.32
ntarla 2001 8 30 242 25.3 33.1 20.6 -999.99 0 1.8 9.2 371.32
ntarla 2001 8 31 243 24.8 34.6 21.3 -999.99 19.9 1.6 9.1 371.32
ntarla 2001 9 1 244 22.4 31.2 23.9 -999.99 0 1.5 5.6 371.32
ntarla 2001 9 2 245 24.4 34.2 25 -999.99 22.5 1.4 9.3 371.32
ntarla 2001 9 3 246 22.6 33.5 16.1 -999.99 25 1.1 6.6 371.32
ntarla 2001 9 4 247 22.4 32.6 21.5 -999.99 5.1 1.8 5.5 371.32
ntarla 2001 9 5 248 23.9 34.2 25.1 -999.99 0 1.2 7.5 371.32
ntarla 2001 9 6 249 25.4 35.5 19.8 -999.99 4.3 1.6 10.8 371.32
ntarla 2001 9 7 250 22.9 31.5 13.9 -999.99 1.1 2.1 6.4 371.32
ntarla 2001 9 8 251 23.9 33.5 19.9 -999.99 0 1.1 8.5 371.32
ntarla 2001 9 9 252 24.9 28.2 8.7 -999.99 0.4 0.7 5.5 371.32
ntarla 2001 9 10 253 22.4 32.2 16.5 -999.99 0 0.7 5.8 371.32
ntarla 2001 9 11 254 24.4 34.2 23.5 -999.99 0 1.5 7.4 371.32
ntarla 2001 9 12 255 24.4 37 24.4 -999.99 0 1.7 8.6 371.32
ntarla 2001 9 13 256 24.4 34 17 -999.99 0 2.7 7.2 371.32
ntarla 2001 9 14 257 23.9 35.6 18.2 -999.99 2.3 2 9 371.32
ntarla 2001 9 15 258 22.4 34.2 17.5 -999.99 0.4 1.2 6.9 371.32
ntarla 2001 9 16 259 23.4 34.1 19.9 -999.99 7 2.1 5.7 371.32
ntarla 2001 9 17 260 23.9 36.3 24.7 -999.99 18.8 0.8 6.1 371.32
ntarla 2001 9 18 261 22.4 34.6 23.8 -999.99 0 2.1 8 371.32
ntarla 2001 9 19 262 22.9 33.2 18.7 -999.99 31.9 1.7 8.2 371.32
ntarla 2001 9 20 263 21.4 33 24.6 -999.99 0 1.8 6.5 371.32
ntarla 2001 9 21 264 23.9 34.6 23.6 -999.99 0 0.4 4.8 371.32
ntarla 2001 9 22 265 23.9 36.3 21.2 -999.99 0 1.6 4.4 371.32
ntarla 2001 9 23 266 22.9 35 23.9 -999.99 0 1.9 7.7 371.32
ntarla 2001 9 24 267 23.4 31.6 15.7 -999.99 3.8 1.1 3.9 371.32
ntarla 2001 9 25 268 23.7 36.6 24.3 -999.99 0 0.6 3.3 371.32
ntarla 2001 9 26 269 25.4 34 22.6 -999.99 0 3 5.5 371.32
ntarla 2001 9 27 270 22.9 35.6 25 -999.99 3 1.4 3.5 371.32
ntarla 2001 9 28 271 22.9 34.6 18.8 -999.99 0 1 6.8 371.32
ntarla 2001 9 29 272 22.9 35.6 23.3 -999.99 0 1.5 6 371.32
ntarla 2001 9 30 273 24.4 37.2 20.8 -999.99 0 1.2 5.5 371.32
ntarla 2001 10 1 274 24.3 37.6 23.3 -999.99 0 2.3 9.1 371.32
ntarla 2001 10 2 275 24.8 37.3 22.8 -999.99 0 1.6 9.3 371.32
ntarla 2001 10 3 276 24.8 38.3 20.6 -999.99 0 1.6 10.7 371.32
ntarla 2001 10 4 277 24.8 37.3 20.7 -999.99 3 1.7 10.3 371.32
ntarla 2001 10 5 278 22.3 34.1 16.3 -999.99 0 1.2 4.8 371.32
ntarla 2001 10 6 279 22.8 37.5 21.9 -999.99 0 1.3 6.3 371.32
ntarla 2001 10 7 280 24.3 39.1 23.4 -999.99 0 1.4 7.7 371.32
ntarla 2001 10 8 281 23.8 38.6 23.3 -999.99 0 2.7 4.8 371.32
ntarla 2001 10 9 282 24.8 38.5 22.5 -999.99 0 2.4 6.4 371.32
ntarla 2001 10 10 283 24.3 38.6 24 -999.99 0.7 1.1 9.2 371.32
ntarla 2001 10 11 284 24.4 36.6 18.1 -999.99 0 2.2 6.9 371.32
ntarla 2001 10 12 285 22.8 39.3 23.4 -999.99 0 2.4 2.8 371.32
ntarla 2001 10 13 286 24.3 38.6 21.6 -999.99 0 2.4 7.2 371.32
ntarla 2001 10 14 287 23.8 37.8 22.9 -999.99 0 1.6 6.9 371.32
ntarla 2001 10 15 288 24.3 37.6 20.5 -999.99 0 1.7 7.2 371.32
ntarla 2001 10 16 289 22.8 38.6 22.2 -999.99 0 1.1 3.6 371.32
ntarla 2001 10 17 290 23.3 38.9 22.5 -999.99 0 0.7 3 371.32
ntarla 2001 10 18 291 20.8 39.1 21.6 -999.99 0 2.3 3.3 371.32
ntarla 2001 10 19 292 23.8 40.1 21.7 -999.99 0.9 1.3 3.5 371.32
ntarla 2001 10 20 293 24.8 39.7 19 -999.99 0 2 3.9 371.32
ntarla 2001 10 21 294 21.8 38.7 19 -999.99 0 0.8 1.9 371.32
ntarla 2001 10 22 295 20.8 40.1 22.1 -999.99 0 0.9 3 371.32
ntarla 2001 10 23 296 21.8 39.6 21.9 -999.99 0 1.2 5 371.32
ntarla 2001 10 24 297 22.8 40.3 22.4 -999.99 0 1.4 1 371.32
ntarla 2001 10 25 298 21.8 38.6 15.5 -999.99 0 1.5 3.2 371.32
ntarla 2001 10 26 299 25.8 36.1 13.6 -999.99 0 1.2 3.7 371.32
ntarla 2001 10 27 300 23.8 37.3 14.7 -999.99 0 0.5 2.8 371.32
ntarla 2001 10 28 301 20.3 37.3 19.9 -999.99 0 2.7 0.7 371.32
ntarla 2001 10 29 302 17.8 38.1 21.9 -999.99 0 3.2 0.8 371.32
ntarla 2001 10 30 303 17.3 37.6 20.7 -999.99 0 2.1 1.1 371.32
ntarla 2001 10 31 304 19.8 36.4 18.4 -999.99 0 1.6 3.2 371.32
ntarla 2001 11 1 305 24 37.4 16.2 -999.99 0 2.1 3.2 371.32
ntarla 2001 11 2 306 18.5 38.4 22.5 -999.99 0 3.4 1 371.32
ntarla 2001 11 3 307 16 38.6 23.2 -999.99 0 3.6 0.7 371.32
ntarla 2001 11 4 308 15.5 39.4 22.1 -999.99 0 2.4 0.7 371.32
ntarla 2001 11 5 309 17.5 39.4 21.9 -999.99 0 2.5 1 371.32
ntarla 2001 11 6 310 17 39.6 22.7 -999.99 0 2.2 0.9 371.32
ntarla 2001 11 7 311 17.6 39.6 19.4 -999.99 0 3 0.7 371.32
ntarla 2001 11 8 312 18 40 22.6 -999.99 0 3.1 0.6 371.32
ntarla 2001 11 9 313 16.5 40.4 22.5 -999.99 0 1.8 0.7 371.32
ntarla 2001 11 10 314 18.5 39 20.7 -999.99 0 1 1.3 371.32
ntarla 2001 11 11 315 19 38.6 20.1 -999.99 0 1.4 3.6 371.32
ntarla 2001 11 12 316 22 36.6 8.3 -999.99 0 0.6 2.6 371.32
ntarla 2001 11 13 317 24 35 17.8 -999.99 0 2.3 0.9 371.32
ntarla 2001 11 14 318 18 39.6 20.1 -999.99 0 3 0.7 371.32
ntarla 2001 11 15 319 17.5 39.4 20.4 -999.99 0 2 3 371.32
ntarla 2001 11 16 320 20 39 20.8 -999.99 0 2.3 1.7 371.32
ntarla 2001 11 17 321 16 39.4 20.9 -999.99 0 3.6 0.3 371.32
ntarla 2001 11 18 322 13.5 39.4 20.4 -999.99 0 2.7 0.3 371.32
ntarla 2001 11 19 323 15 39.1 20.5 -999.99 0 3.5 0.4 371.32
ntarla 2001 11 20 324 14 37.9 18.7 -999.99 0 2.3 0.3 371.32
ntarla 2001 11 21 325 16 38 19.1 -999.99 0 1.2 1.5 371.32
ntarla 2001 11 22 326 20 38.4 19 -999.99 0 1 3.6 371.32
ntarla 2001 11 23 327 20 38.6 19.3 -999.99 0 2.2 2.2 371.32
ntarla 2001 11 24 328 18 38.6 18.8 -999.99 0 2 0.7 371.32
ntarla 2001 11 25 329 17.2 37.6 16.9 -999.99 0 2.8 0.6 371.32
ntarla 2001 11 26 330 17 38.4 17.5 -999.99 0 1.8 0.3 371.32
ntarla 2001 11 27 331 18 37.9 17 -999.99 0 2.6 0.5 371.32
ntarla 2001 11 28 332 18.4 38.9 19.4 -999.99 0 1.4 3.6 371.32
ntarla 2001 11 29 333 16 38.6 19.3 -999.99 0 3.5 0.5 371.32
ntarla 2001 11 30 334 16.6 37.8 19.3 -999.99 0 4.2 0.9 371.32
ntarla 2001 12 1 335 14.8 35.9 17.7 -999.99 0 3.9 0.8 371.32
ntarla 2001 12 2 336 16.4 35.8 19.6 -999.99 0 3.5 0.6 371.32
ntarla 2001 12 3 337 14.8 36.8 15.6 -999.99 0 3.3 0.6 371.32
ntarla 2001 12 4 338 13.3 37.6 19.8 -999.99 0 3.2 0.6 371.32
ntarla 2001 12 5 339 15.3 37.4 16 -999.99 0 3.6 0.4 371.32
ntarla 2001 12 6 340 14.4 37.8 19.2 -999.99 0 3.9 0.5 371.32
ntarla 2001 12 7 341 13.8 37.5 19.2 -999.99 0 3.9 0.6 371.32
ntarla 2001 12 8 342 14.4 35.8 18.5 -999.99 0 3.3 0.5 371.32
ntarla 2001 12 9 343 12.8 35.8 19.3 -999.99 0 3.8 0.2 371.32
ntarla 2001 12 10 344 12.3 36.7 19.5 -999.99 0 3.4 0.3 371.32
ntarla 2001 12 11 345 14.3 35.3 13.6 -999.99 0 3.7 0.3 371.32
ntarla 2001 12 12 346 11.8 30.3 9.7 -999.99 0 3.9 0.3 371.32
ntarla 2001 12 13 347 13.3 33.3 19.2 -999.99 0 4 0.6 371.32
ntarla 2001 12 14 348 11.3 37.3 19.4 -999.99 0 3.3 0.4 371.32
ntarla 2001 12 15 349 14.4 39.3 19.2 -999.99 0 3.4 0.6 371.32
ntarla 2001 12 16 350 14.8 39.8 19.2 -999.99 0 3.7 0.5 371.32
ntarla 2001 12 17 351 15.8 38.9 14.9 -999.99 0 3.8 0.6 371.32
ntarla 2001 12 18 352 16.8 38.3 15.5 -999.99 0 3.8 0.5 371.32
ntarla 2001 12 19 353 14.8 39.3 18.7 -999.99 0 3.2 0.4 371.32
ntarla 2001 12 20 354 17.3 37.5 15.8 -999.99 0 3 0.4 371.32
ntarla 2001 12 21 355 17.8 39.5 17.8 -999.99 0 3.1 0.5 371.32
ntarla 2001 12 22 356 16.3 39.3 17.1 -999.99 0 3.9 0.7 371.32
ntarla 2001 12 23 357 15.8 39.3 18.6 -999.99 0 4 0.6 371.32
ntarla 2001 12 24 358 16.8 39.8 15.9 -999.99 0 3.8 0.5 371.32
ntarla 2001 12 25 359 13.8 39.3 19.5 -999.99 0 3.8 0.3 371.32
ntarla 2001 12 26 360 11.8 38.9 19.5 -999.99 0 3.6 0.3 371.32
ntarla 2001 12 27 361 11.8 39.3 19.6 -999.99 0 3.7 0.3 371.32
ntarla 2001 12 28 362 10.8 39.5 19.4 -999.99 0 3.9 0.2 371.32
ntarla 2001 12 29 363 13.8 38.8 18.4 -999.99 0 3.7 0.5 371.32
ntarla 2001 12 30 364 15.3 38.5 20 -999.99 0 2.9 0.7 371.32
ntarla 2001 12 31 365 14.8 39.8 19.7 -999.99 0 2.3 0.6 371.32
