ntarla 2006 1 2 2 11.2 34.5 17.3 -999.99 0 2.6 0.3 382.09
ntarla 2006 1 3 3 11.2 34.7 19.2 -999.99 0 3.3 0.3 382.09
ntarla 2006 1 4 4 11.9 34.9 19.4 -999.99 0 2.5 0.2 382.09
ntarla 2006 1 5 5 11.2 35 20.5 -999.99 0 2.4 0.2 382.09
ntarla 2006 1 6 6 10.1 35.7 20.4 -999.99 0 2.4 0.3 382.09
ntarla 2006 1 7 7 11.7 33 19.2 -999.99 0 3.2 0.2 382.09
ntarla 2006 1 8 8 11.2 35.3 14.1 -999.99 0 2.8 0.1 382.09
ntarla 2006 1 9 9 11 34 19.9 -999.99 0 2.5 0.1 382.09
ntarla 2006 1 10 10 11.7 36 20.3 -999.99 0 3.5 0.3 382.09
ntarla 2006 1 11 11 13.1 36 19.6 -999.99 0 3.4 0.2 382.09
ntarla 2006 1 12 12 11.7 34.7 16.9 -999.99 0 3.8 0.1 382.09
ntarla 2006 1 13 13 10.9 35.7 21.1 -999.99 0 3.4 0.1 382.09
ntarla 2006 1 14 14 11.1 36 20.9 -999.99 0 3.7 0.1 382.09
ntarla 2006 1 15 15 12.2 34.1 20.7 -999.99 0 4.4 0.1 382.09
ntarla 2006 1 16 16 12.7 34 19.9 -999.99 0 3.6 0.2 382.09
ntarla 2006 1 17 17 12.1 34.2 21 -999.99 0 2.2 0.1 382.09
ntarla 2006 1 18 18 13.2 29.3 15.6 -999.99 0 2.8 0.1 382.09
ntarla 2006 1 19 19 18.9 27 12.9 -999.99 0 3.1 0.8 382.09
ntarla 2006 1 20 20 13.7 30.5 19.9 -999.99 0 3.5 0.6 382.09
ntarla 2006 1 21 21 12.7 33 19.4 -999.99 0 4.4 0.5 382.09
ntarla 2006 1 22 22 12.2 36 20.6 -999.99 0 4.4 0.2 382.09
ntarla 2006 1 23 23 13.7 37.3 21.3 -999.99 0 4.3 0.2 382.09
ntarla 2006 1 24 24 11.7 37 21.1 -999.99 0 3.6 0.2 382.09
ntarla 2006 1 25 25 11.7 37.5 18.4 -999.99 0 3.3 0.2 382.09
ntarla 2006 1 26 26 12.7 37.1 21.7 -999.99 0 3.3 0.2 382.09
ntarla 2006 1 27 27 13.7 37.1 20 -999.99 0 2.1 0.2 382.09
ntarla 2006 1 28 28 12.7 39 18.5 -999.99 0 1.6 0.2 382.09
ntarla 2006 1 29 29 15.3 35 18 -999.99 0 1 1.9 382.09
ntarla 2006 1 30 30 13.2 35.7 22 -999.99 0 2.5 0.4 382.09
ntarla 2006 1 31 31 15.1 34.5 22 -999.99 0 3.4 0.7 382.09
ntarla 2006 2 1 32 13.9 35.7 22.2 -999.99 0 3.7 0.7 382.09
ntarla 2006 2 2 33 11.9 35.5 22.2 -999.99 0 3.5 0.3 382.09
ntarla 2006 2 3 34 15.4 35.3 16.6 -999.99 0 3.9 0.2 382.09
ntarla 2006 2 4 35 11.9 37.3 22.9 -999.99 0 4.1 0.2 382.09
ntarla 2006 2 5 36 12.5 38.8 22.7 -999.99 0 3.8 0.4 382.09
ntarla 2006 2 6 37 13.7 39.9 22.2 -999.99 0 3.7 0.5 382.09
ntarla 2006 2 7 38 13.9 39.7 22.5 -999.99 0 3.5 0.2 382.09
ntarla 2006 2 8 39 14.9 38.2 22.4 -999.99 0 3.4 0.2 382.09
ntarla 2006 2 9 40 14.9 40.7 19.1 -999.99 0 2.6 0.3 382.09
ntarla 2006 2 10 41 16.1 39.7 18.7 -999.99 0 2.7 0.3 382.09
ntarla 2006 2 11 42 17.4 40.1 20.9 -999.99 0 1.5 3.8 382.09
ntarla 2006 2 12 43 18.9 40.9 18.1 -999.99 0 1.9 2.9 382.09
ntarla 2006 2 13 44 18.9 36.7 18.8 -999.99 0 2.9 0.3 382.09
ntarla 2006 2 14 45 15.4 37.2 21.5 -999.99 0 3.3 0.5 382.09
ntarla 2006 2 15 46 15.4 37.2 19.4 -999.99 0 2.1 0.6 382.09
ntarla 2006 2 16 47 15.4 38.2 19.6 -999.99 0 3.1 0.6 382.09
ntarla 2006 2 17 48 14.9 37.7 17.7 -999.99 0 3.3 1 382.09
ntarla 2006 2 18 49 19.9 32.9 20.4 -999.99 0 3.9 1.5 382.09
ntarla 2006 2 19 50 18.9 34.2 23.7 -999.99 0 3.2 1 382.09
ntarla 2006 2 20 51 14.5 34.7 24.5 -999.99 0 3.3 0.5 382.09
ntarla 2006 2 21 52 13.1 36.5 24.1 -999.99 0 2.9 0.3 382.09
ntarla 2006 2 22 53 13.9 37.7 24.8 -999.99 0 3.6 0.2 382.09
ntarla 2006 2 23 54 14.9 37.3 23.8 -999.99 0 4 0.2 382.09
ntarla 2006 2 24 55 16.4 37.9 23.2 -999.99 0 3.4 0.5 382.09
ntarla 2006 2 25 56 13.4 38.2 24.2 -999.99 0 3 0.2 382.09
ntarla 2006 2 26 57 12.9 38.7 23.7 -999.99 0 3.2 0.2 382.09
ntarla 2006 2 27 58 13.4 40.2 24.3 -999.99 0 3.3 0.2 382.09
ntarla 2006 2 28 59 12.9 41.2 23.8 -999.99 0 2.6 0.2 382.09
ntarla 2006 3 1 60 12.1 41.3 20.5 -999.99 0 1.3 2.8 382.09
ntarla 2006 3 2 61 12.6 41.3 18.8 -999.99 0 2.5 0.6 382.09
ntarla 2006 3 3 62 12.6 41.3 22.1 -999.99 0 3.8 0.3 382.09
ntarla 2006 3 4 63 13.6 42.3 23.4 -999.99 0 4.4 0.3 382.09
ntarla 2006 3 5 64 17.6 42.2 24 -999.99 0 4.1 0.3 382.09
ntarla 2006 3 6 65 17.3 42.3 24.1 -999.99 0 4.2 0.6 382.09
ntarla 2006 3 7 66 17.3 42.3 23.1 -999.99 0 4.6 0.6 382.09
ntarla 2006 3 8 67 24.6 36.3 23.1 -999.99 0 3.9 0.5 382.09
ntarla 2006 3 9 68 22.6 37.4 20.9 -999.99 0 3.6 0.3 382.09
ntarla 2006 3 10 69 23.1 38.8 14.7 -999.99 0 2.5 0.4 382.09
ntarla 2006 3 11 70 22.1 39.3 14.7 -999.99 0 3.2 0.7 382.09
ntarla 2006 3 12 71 17.6 39.8 21.6 -999.99 0 3.4 0.3 382.09
ntarla 2006 3 13 72 16.6 40.8 22.9 -999.99 0 2.9 0.3 382.09
ntarla 2006 3 14 73 15.4 41.4 23.8 -999.99 0 3.5 0.3 382.09
ntarla 2006 3 15 74 17.1 41.3 24.2 -999.99 0 3.6 0.3 382.09
ntarla 2006 3 16 75 16.1 41.4 24.2 -999.99 0 3.2 0.3 382.09
ntarla 2006 3 17 76 16.1 42.3 22.9 -999.99 0 3.6 0.3 382.09
ntarla 2006 3 18 77 17.1 42.4 24 -999.99 0 3 0.3 382.09
ntarla 2006 3 19 78 16.6 42.8 21.9 -999.99 0 2 0.3 382.09
ntarla 2006 3 20 79 21.1 42.3 17.8 -999.99 0 1.4 2.2 382.09
ntarla 2006 3 21 80 18.6 42.3 22.9 -999.99 0 1.1 2.4 382.09
ntarla 2006 3 22 81 21.6 43.8 24 -999.99 0 3.9 0.4 382.09
ntarla 2006 3 23 82 21.6 43.3 19.4 -999.99 0 1.9 4.5 382.09
ntarla 2006 3 24 83 20.6 43.3 22.6 -999.99 0 3.3 1.2 382.09
ntarla 2006 3 25 84 18.6 43 23.3 -999.99 0 3.1 0.5 382.09
ntarla 2006 3 26 85 16.6 43.3 25.2 -999.99 0 2.5 0.3 382.09
ntarla 2006 3 27 86 18.6 43.8 25.3 -999.99 0 2.3 3.1 382.09
ntarla 2006 3 28 87 22.7 41.8 20.9 -999.99 0 2.3 3.1 382.09
ntarla 2006 3 29 88 22.7 38.3 14.4 -999.99 0 1.3 3.8 382.09
ntarla 2006 3 30 89 22.4 42.3 17.5 -999.99 0 4 0.6 382.09
ntarla 2006 3 31 90 20.1 38.3 14 -999.99 0 3.4 0.4 382.09
ntarla 2006 4 1 91 17.9 41 21.6 -999.99 0 2.8 0.6 382.09
ntarla 2006 4 2 92 25.5 42.5 18.7 -999.99 0 3.2 0.5 382.09
ntarla 2006 4 3 93 23.3 43.5 21.2 -999.99 0 2.5 0.5 382.09
ntarla 2006 4 4 94 20.3 43.3 21.7 -999.99 0 2.5 0.8 382.09
ntarla 2006 4 5 95 19.3 42.5 22 -999.99 0 2.6 3.2 382.09
ntarla 2006 4 6 96 23.8 41.5 18.4 -999.99 0 2.8 4.1 382.09
ntarla 2006 4 7 97 24.8 42.5 22 -999.99 0 1.8 3.4 382.09
ntarla 2006 4 8 98 26.8 43 23.3 -999.99 0 2 5.4 382.09
ntarla 2006 4 9 99 24.8 43.9 23.6 -999.99 0 1.8 4 382.09
ntarla 2006 4 10 100 21.8 43.5 24.1 -999.99 0 2.2 2.6 382.09
ntarla 2006 4 11 101 21.3 43.5 25 -999.99 0 1.7 3.2 382.09
ntarla 2006 4 12 102 19.8 44.3 24.7 -999.99 0 3.2 0.6 382.09
ntarla 2006 4 13 103 20.3 43.6 24.7 -999.99 0 1.1 1.8 382.09
ntarla 2006 4 14 104 22.3 44 24.7 -999.99 0 2.5 3 382.09
ntarla 2006 4 15 105 27.3 43.1 23.4 -999.99 0 2.7 8.1 382.09
ntarla 2006 4 16 106 31.3 42.1 20.4 -999.99 4.5 2.7 6.2 382.09
ntarla 2006 4 17 107 26.8 43.5 22.5 -999.99 0 2.6 8.1 382.09
ntarla 2006 4 18 108 29.4 43 23.3 -999.99 0 2.3 9.4 382.09
ntarla 2006 4 19 109 30.3 38 13.6 -999.99 0 2.7 9.8 382.09
ntarla 2006 4 20 110 27.5 38 14.5 -999.99 0 3.1 9.1 382.09
ntarla 2006 4 21 111 30.5 41.8 20 -999.99 0 2.7 8.1 382.09
ntarla 2006 4 22 112 28.3 40.7 13.1 -999.99 0 3.2 7.5 382.09
ntarla 2006 4 23 113 28.3 41 15.4 -999.99 4.8 3 8.8 382.09
ntarla 2006 4 24 114 27.3 36 16.9 -999.99 0 2.7 3.9 382.09
ntarla 2006 4 25 115 28.3 38.3 16.5 -999.99 0 2.1 6.8 382.09
ntarla 2006 4 26 116 26.3 35.5 11.2 -999.99 0 0.9 5.9 382.09
ntarla 2006 4 27 117 26.3 38.5 15.1 -999.99 20.4 0.4 5.5 382.09
ntarla 2006 4 28 118 24.1 32.5 14.2 -999.99 0 0.8 2.8 382.09
ntarla 2006 4 29 119 26.8 40 16.2 -999.99 0 0.6 3.3 382.09
ntarla 2006 4 30 120 28.3 41.5 24 -999.99 0 2.1 5.1 382.09
ntarla 2006 5 1 121 30 40.6 21.1 -999.99 0 3.1 8 382.09
ntarla 2006 5 2 122 30 43.1 25.9 -999.99 0 3.2 6.8 382.09
ntarla 2006 5 3 123 31 42.6 22.8 -999.99 0 2.1 2.4 382.09
ntarla 2006 5 4 124 29.5 43.6 22.8 -999.99 0 1.2 2.7 382.09
ntarla 2006 5 5 125 25 43.8 25.1 -999.99 0 1.7 3.5 382.09
ntarla 2006 5 6 126 28.6 42.1 24.3 -999.99 0 1.5 4.5 382.09
ntarla 2006 5 7 127 29 43.6 25.8 -999.99 0 2.2 4.3 382.09
ntarla 2006 5 8 128 32.5 42.2 20 -999.99 6.2 2.3 11.1 382.09
ntarla 2006 5 9 129 26.5 35.1 9.3 -999.99 0 1.5 3 382.09
ntarla 2006 5 10 130 26.5 42.2 26.4 -999.99 0 1.1 3.2 382.09
ntarla 2006 5 11 131 24.5 42.1 24.1 -999.99 0 1 1.9 382.09
ntarla 2006 5 12 132 27.5 43.1 26.5 -999.99 0 0.9 2.7 382.09
ntarla 2006 5 13 133 30.5 41.1 25.5 -999.99 0 2.1 4.7 382.09
ntarla 2006 5 14 134 31 42.1 23.4 -999.99 0.7 2.9 8.5 382.09
ntarla 2006 5 15 135 26 42 25.7 -999.99 0 2.1 5.6 382.09
ntarla 2006 5 16 136 29.5 42.8 26.5 -999.99 0.7 3 9.4 382.09
ntarla 2006 5 17 137 27.5 40.1 25.9 -999.99 0 2.7 4 382.09
ntarla 2006 5 18 138 25.5 40.6 22.3 -999.99 21.3 3.1 3.9 382.09
ntarla 2006 5 19 139 19.5 35.1 15.2 -999.99 0 2.4 2.2 382.09
ntarla 2006 5 20 140 27.4 35.1 24.8 -999.99 0 3.6 6.9 382.09
ntarla 2006 5 21 141 24.5 33 9.7 -999.99 0 2.3 3 382.09
ntarla 2006 5 22 142 26 34.6 11.5 -999.99 1.1 3.1 6.7 382.09
ntarla 2006 5 23 143 26.5 37.6 23.3 -999.99 14.9 2 11.1 382.09
ntarla 2006 5 24 144 22.5 35.1 19.2 -999.99 0 2.1 5.5 382.09
ntarla 2006 5 25 145 27 38.1 20.1 -999.99 5.7 2.9 4.4 382.09
ntarla 2006 5 26 146 26 35.6 9.3 -999.99 0 0.9 3.4 382.09
ntarla 2006 5 27 147 26.5 38.6 20.8 -999.99 0 2.9 6.5 382.09
ntarla 2006 5 28 148 28.6 35.6 13.3 -999.99 0 2.7 7.6 382.09
ntarla 2006 5 29 149 27 37.8 20.9 -999.99 0 2.9 6.9 382.09
ntarla 2006 5 30 150 28 40.6 16.1 -999.99 0 2.8 7.1 382.09
ntarla 2006 5 31 151 27.5 40.1 20.7 -999.99 14.3 1.8 6.5 382.09
ntarla 2006 6 1 152 22.7 40.8 22.4 -999.99 10.7 0.7 8.2 382.09
ntarla 2006 6 2 153 22.2 36.4 17.2 -999.99 0 0.6 3.1 382.09
ntarla 2006 6 3 154 27.7 37.8 21.6 -999.99 0 1.2 2.9 382.09
ntarla 2006 6 4 155 29.2 40.3 19.6 -999.99 0 1.5 4.2 382.09
ntarla 2006 6 5 156 29.2 39.3 24 -999.99 15.6 3 6.6 382.09
ntarla 2006 6 6 157 21.7 36.8 25.5 -999.99 0 2.7 2.5 382.09
ntarla 2006 6 7 158 27.2 39 24.3 -999.99 3.9 1.5 4.7 382.09
ntarla 2006 6 8 159 22.7 35.3 21.9 -999.99 0 2.2 2.4 382.09
ntarla 2006 6 9 160 27.7 30.2 11.2 -999.99 13.6 2.5 4.9 382.09
ntarla 2006 6 10 161 24.7 35.4 22.8 -999.99 3.5 1.9 4.1 382.09
ntarla 2006 6 11 162 24.7 37.3 15.6 -999.99 0 2.3 5.5 382.09
ntarla 2006 6 12 163 25.2 34.8 16.7 -999.99 0 2.8 9.3 382.09
ntarla 2006 6 13 164 27.2 36.8 16.8 -999.99 28.2 1.8 6.9 382.09
ntarla 2006 6 14 165 23.2 36.1 15.5 -999.99 0 1.1 5 382.09
ntarla 2006 6 15 166 25.9 35.3 18.3 -999.99 0 2.1 4.9 382.09
ntarla 2006 6 16 167 26.7 37.3 24.1 -999.99 0 3.2 9.4 382.09
ntarla 2006 6 17 168 24.9 34.8 18.7 -999.99 0 2.1 5.4 382.09
ntarla 2006 6 18 169 26.7 36.3 18.6 -999.99 0 1.8 4.6 382.09
ntarla 2006 6 19 170 27 39.4 22.4 -999.99 0 2.4 6.8 382.09
ntarla 2006 6 20 171 28.7 36.8 24.5 -999.99 0 3.1 6.4 382.09
ntarla 2006 6 21 172 26.2 34.8 16.5 -999.99 10.7 1.7 8.4 382.09
ntarla 2006 6 22 173 23.2 34.8 15.5 -999.99 0 0.6 4.2 382.09
ntarla 2006 6 23 174 23.2 37 24.9 -999.99 18.5 1.3 3.5 382.09
ntarla 2006 6 24 175 22.7 33.8 20.6 -999.99 0 1.8 3.6 382.09
ntarla 2006 6 25 176 25.7 37.3 25.8 -999.99 0 2 6.2 382.09
ntarla 2006 6 26 177 25.2 27.8 9.4 -999.99 16.7 2.2 3.4 382.09
ntarla 2006 6 27 178 23.2 34.2 24.6 -999.99 0 1.5 2.7 382.09
ntarla 2006 6 28 179 25.7 35.6 25.1 -999.99 0 2.6 3.2 382.09
ntarla 2006 6 29 180 27.2 36.6 19.9 -999.99 9.7 2.7 7.1 382.09
ntarla 2006 6 30 181 21.7 34.3 21.1 -999.99 0 2.4 2.3 382.09
ntarla 2006 7 1 182 23.6 33.8 23.9 -999.99 0 2.7 2.8 382.09
ntarla 2006 7 2 183 26.1 35.2 26.3 -999.99 0 2.2 4.2 382.09
ntarla 2006 7 3 184 26.1 36.5 22.5 -999.99 37.9 1.5 5.5 382.09
ntarla 2006 7 4 185 22.1 33.2 13.7 -999.99 0 2.5 3.7 382.09
ntarla 2006 7 5 186 25.1 34.3 22.8 -999.99 3 3.2 6.2 382.09
ntarla 2006 7 6 187 24.1 33.3 20.7 -999.99 0 2.6 5.8 382.09
ntarla 2006 7 7 188 26.6 32.1 14.9 -999.99 46.2 1.5 5.5 382.09
ntarla 2006 7 8 189 24.2 34.7 23.5 -999.99 0 2.2 4 382.09
ntarla 2006 7 9 190 24.1 34.7 21.3 -999.99 0 1.8 7.8 382.09
ntarla 2006 7 10 191 26.2 35.8 23.8 -999.99 0 1.5 5.1 382.09
ntarla 2006 7 11 192 24.6 34.8 23 -999.99 3 0.9 4 382.09
ntarla 2006 7 12 193 25.6 33.9 24 -999.99 0 2 5.1 382.09
ntarla 2006 7 13 194 27.1 36.2 22.2 -999.99 1 2.1 6.3 382.09
ntarla 2006 7 14 195 24.8 34.7 14.4 -999.99 0 1.8 4.6 382.09
ntarla 2006 7 15 196 26.1 35.2 19.7 -999.99 1.6 1.8 6.3 382.09
ntarla 2006 7 16 197 22.6 34.3 22.4 -999.99 0 0.6 3.3 382.09
ntarla 2006 7 17 198 24.6 35.7 24.5 -999.99 0 2.3 4 382.09
ntarla 2006 7 18 199 26.8 35.2 21.7 -999.99 0.9 2.7 7.1 382.09
ntarla 2006 7 19 200 25.6 35.9 23.8 -999.99 18.5 2.3 4.8 382.09
ntarla 2006 7 20 201 23.1 33.2 16 -999.99 0 2 4.3 382.09
ntarla 2006 7 21 202 25.1 33.2 14.7 -999.99 0 1.8 8.4 382.09
ntarla 2006 7 22 203 25.2 35.2 20.1 -999.99 83.2 2.1 9.4 382.09
ntarla 2006 7 23 204 22.1 29.1 11.6 -999.99 0 0.8 2.9 382.09
ntarla 2006 7 24 205 23.6 35.2 27.2 -999.99 0 1.5 7 382.09
ntarla 2006 7 25 206 25.1 34.5 23.9 -999.99 11.1 1.5 7.8 382.09
ntarla 2006 7 26 207 23.6 32.4 15.8 -999.99 2.7 1.1 8.2 382.09
ntarla 2006 7 27 208 23.6 33.3 23.3 -999.99 0 1.3 7.9 382.09
ntarla 2006 7 28 209 25.6 35.1 22.6 -999.99 3.6 1.1 8.3 382.09
ntarla 2006 7 29 210 24.1 34.7 23.3 -999.99 0 0.9 6.7 382.09
ntarla 2006 7 30 211 25.1 32.5 20.5 -999.99 0 2 7.2 382.09
ntarla 2006 7 31 212 25.6 34.2 22.5 -999.99 24 1.5 7.3 382.09
ntarla 2006 8 1 213 21.3 29.7 17 -999.99 10.9 1.6 4.9 382.09
ntarla 2006 8 2 214 23.3 33.1 24.7 -999.99 0 1.7 7.3 382.09
ntarla 2006 8 3 215 24.3 32.6 23.9 -999.99 0 2.8 8 382.09
ntarla 2006 8 4 216 25.1 25.6 8.9 -999.99 40.5 2.4 5.7 382.09
ntarla 2006 8 5 217 25.8 30.7 17.9 -999.99 0 1.7 8.4 382.09
ntarla 2006 8 6 218 23.3 33.1 23.5 -999.99 0 1.2 7.3 382.09
ntarla 2006 8 7 219 23.3 28.3 11.1 -999.99 35 0.8 5.6 382.09
ntarla 2006 8 8 220 23.3 32.1 22.9 -999.99 0 1.9 7.1 382.09
ntarla 2006 8 9 221 24.3 28.6 13.6 -999.99 40.5 1.7 6.8 382.09
ntarla 2006 8 10 222 22.8 30.6 19 -999.99 2.7 1.2 4.3 382.09
ntarla 2006 8 11 223 23.3 32.6 19.3 -999.99 0 0.4 7.2 382.09
ntarla 2006 8 12 224 22.7 29.6 18 -999.99 0 0.6 4.6 382.09
ntarla 2006 8 13 225 25.3 32.7 19.8 -999.99 0 1.5 9 382.09
ntarla 2006 8 14 226 24.5 35 24.4 -999.99 19.7 0.8 10 382.09
ntarla 2006 8 15 227 21.3 33.1 23.9 -999.99 0 0.8 6 382.09
ntarla 2006 8 16 228 25.3 32.6 18.4 -999.99 0 1.6 7.4 382.09
ntarla 2006 8 17 229 23.7 33.1 23.3 -999.99 2.7 1.2 7.3 382.09
ntarla 2006 8 18 230 25.1 34.6 25.2 -999.99 82.1 1.6 9.3 382.09
ntarla 2006 8 19 231 21.7 31.7 16 -999.99 0 1 5.1 382.09
ntarla 2006 8 20 232 25.3 33.1 22.9 -999.99 0 1.4 5.8 382.09
ntarla 2006 8 21 233 25.3 33.1 24.4 -999.99 0 2.3 5.8 382.09
ntarla 2006 8 22 234 26.3 33.6 22.6 -999.99 21.9 3.3 8.8 382.09
ntarla 2006 8 23 235 22.8 25.6 8.8 -999.99 39.7 2.7 5 382.09
ntarla 2006 8 24 236 22.9 29.9 18.3 -999.99 1.6 2.1 7.2 382.09
ntarla 2006 8 25 237 24.3 31.6 24.4 -999.99 0.5 1.4 8.5 382.09
ntarla 2006 8 26 238 23.8 32.4 23 -999.99 0 1.4 6.9 382.09
ntarla 2006 8 27 239 24.8 30.6 19.4 -999.99 8.4 1 6.9 382.09
ntarla 2006 8 28 240 23.3 32.6 21.4 -999.99 32.5 0.3 7 382.09
ntarla 2006 8 29 241 21.8 32.6 20.7 -999.99 0 0.5 5 382.09
ntarla 2006 8 30 242 23.7 36.1 15.8 -999.99 38.3 1 7.1 382.09
ntarla 2006 8 31 243 23.3 32.1 20.6 -999.99 76.6 0.8 6.9 382.09
ntarla 2006 9 1 244 21.4 29.5 15.7 -999.99 1.3 1.5 6.3 382.09
ntarla 2006 9 2 245 24.4 30.5 12 -999.99 0 1.1 9.2 382.09
ntarla 2006 9 3 246 23.4 33 24.2 -999.99 2.1 1.2 6 382.09
ntarla 2006 9 4 247 22.4 29.5 21 -999.99 2.5 1.6 5.5 382.09
ntarla 2006 9 5 248 23.4 33 22.4 -999.99 0 1.7 7.1 382.09
ntarla 2006 9 6 249 23.4 31 21.3 -999.99 0 1 6.3 382.09
ntarla 2006 9 7 250 23.4 32.6 22.5 -999.99 0 1.9 5.7 382.09
ntarla 2006 9 8 251 24.4 33 21.7 -999.99 2.1 2.8 8.1 382.09
ntarla 2006 9 9 252 22.4 31 15.1 -999.99 46.3 2.3 6.7 382.09
ntarla 2006 9 10 253 22.4 25 8.7 -999.99 13.8 0.9 5.4 382.09
ntarla 2006 9 11 254 22.9 31.1 24.1 -999.99 0 2.1 5.7 382.09
ntarla 2006 9 12 255 23.9 32.6 24.2 -999.99 15 1.6 8.6 382.09
ntarla 2006 9 13 256 20.9 31 17.7 -999.99 14.6 1.1 4.7 382.09
ntarla 2006 9 14 257 22.9 31 21.3 -999.99 0 2.1 7.5 382.09
ntarla 2006 9 15 258 23.9 33.6 24.6 -999.99 0 0.8 9 382.09
ntarla 2006 9 16 259 21.9 33.6 23.2 -999.99 0 1.3 5.5 382.09
ntarla 2006 9 17 260 24.9 33.5 19.4 -999.99 41.3 1.4 8.7 382.09
ntarla 2006 9 18 261 20.4 33.2 23.2 -999.99 4 1.3 7 382.09
ntarla 2006 9 19 262 22.9 33 19 -999.99 0 0.5 6.4 382.09
ntarla 2006 9 20 263 23.9 33.5 17.8 -999.99 0 1.6 5.8 382.09
ntarla 2006 9 21 264 23.4 34.8 23.1 -999.99 1.3 1.7 6.5 382.09
ntarla 2006 9 22 265 23.4 33 20 -999.99 0 1.9 4.2 382.09
ntarla 2006 9 23 266 23.4 33 14.8 -999.99 34.2 1.4 7 382.09
ntarla 2006 9 24 267 21.4 31 21.3 -999.99 0 2.3 5.9 382.09
ntarla 2006 9 25 268 23.9 33 24 -999.99 0 1.7 4.9 382.09
ntarla 2006 9 26 269 24.6 34.5 23.5 -999.99 3.4 0.9 6.5 382.09
ntarla 2006 9 27 270 23.4 33.8 23.5 -999.99 0 2.2 3.9 382.09
ntarla 2006 9 28 271 24.9 32.5 15.9 -999.99 16.3 1.2 4.1 382.09
ntarla 2006 9 29 272 23.9 34.5 23.1 -999.99 0 2.3 4.6 382.09
ntarla 2006 9 30 273 25.4 34.8 23.5 -999.99 0 2.8 8 382.09
ntarla 2006 10 1 274 24.8 36.1 19.1 -999.99 0 1.9 6.1 382.09
ntarla 2006 10 2 275 22.3 35.1 20 -999.99 0 0.9 5.3 382.09
ntarla 2006 10 3 276 24.3 36.1 20.7 -999.99 0 1.9 10.9 382.09
ntarla 2006 10 4 277 24.3 32.6 15.6 -999.99 5.4 0.8 5.2 382.09
ntarla 2006 10 5 278 24.3 33.6 21.4 -999.99 0 0.9 2.9 382.09
ntarla 2006 10 6 279 22.4 35.5 20.7 -999.99 0 2 7.5 382.09
ntarla 2006 10 7 280 24.3 35.1 15.2 -999.99 2.5 1.4 4.3 382.09
ntarla 2006 10 8 281 24.4 35.1 21.5 -999.99 0 2.1 4.2 382.09
ntarla 2006 10 9 282 22.8 36.1 21.5 -999.99 9.8 2 5.8 382.09
ntarla 2006 10 10 283 21.3 36.6 22.6 -999.99 0 1.3 5.4 382.09
ntarla 2006 10 11 284 23.3 35.1 18.9 -999.99 0 1.9 4.1 382.09
ntarla 2006 10 12 285 23.8 36.6 22.8 -999.99 0 2 4.4 382.09
ntarla 2006 10 13 286 21.8 35.6 20.4 -999.99 0 1.3 5.7 382.09
ntarla 2006 10 14 287 22.8 36.1 21.1 -999.99 12.8 2.1 3 382.09
ntarla 2006 10 15 288 24.8 36.9 22.4 -999.99 0 1.5 3.3 382.09
ntarla 2006 10 16 289 24.8 37.1 21.6 -999.99 0 1.9 4.3 382.09
ntarla 2006 10 17 290 22.8 37.3 21.4 -999.99 0 1.5 7.2 382.09
ntarla 2006 10 18 291 23.3 37.3 19.4 -999.99 0.5 1.6 4.6 382.09
ntarla 2006 10 19 292 22.3 36.7 21.6 -999.99 0 1.8 4.7 382.09
ntarla 2006 10 20 293 22.8 38.1 21.2 -999.99 0 1 6.8 382.09
ntarla 2006 10 21 294 22.8 38.1 20.3 -999.99 0 1.2 4.7 382.09
ntarla 2006 10 22 295 25.8 37.7 22.3 -999.99 0 1.5 6.1 382.09
ntarla 2006 10 23 296 24.4 36.7 20.2 -999.99 0 1.4 4.8 382.09
ntarla 2006 10 24 297 23.8 35.9 18.7 -999.99 0 1 2.4 382.09
ntarla 2006 10 25 298 22.3 37.8 21.8 -999.99 0 1.5 2.2 382.09
ntarla 2006 10 26 299 18.8 38.1 22.3 -999.99 0 2.4 3.7 382.09
ntarla 2006 10 27 300 17.3 38.1 22.1 -999.99 1.8 2.4 3.9 382.09
ntarla 2006 10 28 301 17.2 38.1 22.4 -999.99 15.4 1.8 3.2 382.09
ntarla 2006 10 29 302 19 37.7 22.4 -999.99 0 0.7 2.6 382.09
ntarla 2006 10 30 303 19.8 38.6 21.5 -999.99 1.7 2.2 0.8 382.09
ntarla 2006 10 31 304 15.3 38.9 21.6 -999.99 0 0.9 1.4 382.09
ntarla 2006 11 1 305 19.5 36.9 21.7 -999.99 0 0.5 2.1 382.09
ntarla 2006 11 2 306 21.8 36.9 22.5 -999.99 0 0.4 2.7 382.09
ntarla 2006 11 3 307 21.5 37.9 22.2 -999.99 0 1.7 1.1 382.09
ntarla 2006 11 4 308 18 37.6 22.4 -999.99 0 1.6 1.3 382.09
ntarla 2006 11 5 309 17 37.9 22.5 -999.99 0 2 0.6 382.09
ntarla 2006 11 6 310 14.5 37.9 22.7 -999.99 0 3.3 0.4 382.09
ntarla 2006 11 7 311 15.5 37.9 22.2 -999.99 0 2.5 0.5 382.09
ntarla 2006 11 8 312 16 37.9 21.9 -999.99 0 1.7 2 382.09
ntarla 2006 11 9 313 16.5 38.9 20.6 -999.99 0 2 2.4 382.09
ntarla 2006 11 10 314 15.5 36.6 20.4 -999.99 0 3.2 0.6 382.09
ntarla 2006 11 11 315 17.6 36.4 20.8 -999.99 0 4.1 0.6 382.09
ntarla 2006 11 12 316 16.5 36.4 19.7 -999.99 0 4 0.7 382.09
ntarla 2006 11 13 317 15.5 34.9 20.5 -999.99 0 3.6 0.6 382.09
ntarla 2006 11 14 318 13.5 34.4 21.2 -999.99 0 2.2 0.6 382.09
ntarla 2006 11 15 319 15.2 36.6 20.6 -999.99 0 2.8 0.8 382.09
ntarla 2006 11 16 320 16.6 36.9 20 -999.99 0 3.3 0.7 382.09
ntarla 2006 11 17 321 15.6 36.9 20.1 -999.99 0 3.7 0.6 382.09
ntarla 2006 11 18 322 14.5 36.9 20.4 -999.99 0 3.2 0.4 382.09
ntarla 2006 11 19 323 16.2 36.4 20.4 -999.99 0 3 0.7 382.09
ntarla 2006 11 20 324 15 35.9 20.5 -999.99 0 3.6 0.4 382.09
ntarla 2006 11 21 325 12.5 35.9 20.4 -999.99 0 2.9 0.2 382.09
ntarla 2006 11 22 326 12.6 35.3 20.3 -999.99 0 2.8 0.2 382.09
ntarla 2006 11 23 327 12 35.9 20.8 -999.99 0 2.4 0.2 382.09
ntarla 2006 11 24 328 11 36.4 20.3 -999.99 0 2.6 0.3 382.09
ntarla 2006 11 25 329 12 36.9 19.1 -999.99 0 2.6 0.3 382.09
ntarla 2006 11 26 330 12 36.2 19.4 -999.99 0 2.8 0.2 382.09
ntarla 2006 11 27 331 12.5 35.4 16 -999.99 0 3.4 0.1 382.09
ntarla 2006 11 28 332 13.5 36.4 20 -999.99 0 3.5 0.3 382.09
ntarla 2006 11 29 333 11.4 35.9 20.5 -999.99 0 3.6 0.3 382.09
ntarla 2006 11 30 334 12 34.4 18 -999.99 0 3.2 0.2 382.09
ntarla 2006 12 1 335 10.4 33.7 20.1 -999.99 0 3.3 0.2 382.09
ntarla 2006 12 2 336 9.8 33.3 20.4 -999.99 0 2.9 0.2 382.09
ntarla 2006 12 3 337 11.3 33.4 17.8 -999.99 0 3.5 0.3 382.09
ntarla 2006 12 4 338 12.3 30.8 14.3 -999.99 0 3.9 0.2 382.09
ntarla 2006 12 5 339 12.4 30.9 12.1 -999.99 0 3.9 0.2 382.09
ntarla 2006 12 6 340 7.8 32.8 18.4 -999.99 0 3.2 0.2 382.09
ntarla 2006 12 7 341 10.3 32.5 18 -999.99 0 3.3 0.2 382.09
ntarla 2006 12 8 342 9.8 32.3 20.1 -999.99 0 3.5 0.2 382.09
ntarla 2006 12 9 343 8.3 32.8 19.3 -999.99 0 3 0.2 382.09
ntarla 2006 12 10 344 8.6 33.6 15 -999.99 0 1.9 0.1 382.09
ntarla 2006 12 11 345 11.8 35.3 19.9 -999.99 0 2.4 0.1 382.09
ntarla 2006 12 12 346 14.3 31.8 16.2 -999.99 0 3.4 0.1 382.09
ntarla 2006 12 13 347 12.3 32.3 19.5 -999.99 0 3.2 0.3 382.09
ntarla 2006 12 14 348 12.8 32.3 16.6 -999.99 0 2.8 0.3 382.09
ntarla 2006 12 15 349 13.3 35.8 18.3 -999.99 0 3.6 0.4 382.09
ntarla 2006 12 16 350 12.8 35.9 18.9 -999.99 0 4.1 0.4 382.09
ntarla 2006 12 17 351 13.3 34.3 20.1 -999.99 0 4.5 0.3 382.09
ntarla 2006 12 18 352 12.2 31.8 20.7 -999.99 0 3.5 0.3 382.09
ntarla 2006 12 19 353 10.1 32.8 20.8 -999.99 0 2.4 0.3 382.09
ntarla 2006 12 20 354 10.8 35.3 20 -999.99 0 2.6 0.2 382.09
ntarla 2006 12 21 355 11.8 36.8 20 -999.99 0 2.9 0.3 382.09
ntarla 2006 12 22 356 11.3 37.3 20.1 -999.99 0 3 0.2 382.09
ntarla 2006 12 23 357 10.8 36.5 20.5 -999.99 0 3.5 0.2 382.09
ntarla 2006 12 24 358 9.8 35.3 20.5 -999.99 0 3.8 0.2 382.09
ntarla 2006 12 25 359 8.8 35.3 20.7 -999.99 0 3.8 0.2 382.09
ntarla 2006 12 26 360 9.3 33.5 20.7 -999.99 0 3.8 0.2 382.09
ntarla 2006 12 27 361 5.8 31.3 21 -999.99 0 2.7 0.1 382.09
ntarla 2006 12 28 362 7.8 34.1 20.1 -999.99 0 2.7 0.2 382.09
ntarla 2006 12 29 363 9.3 34.3 20.1 -999.99 0 3.1 0.2 382.09
ntarla 2006 12 30 364 10.3 32.3 16.8 -999.99 0 3.2 0.2 382.09
ntarla 2006 12 31 365 10.8 29.3 14 -999.99 0 4.2 0.3 382.09
