ntarla 1994 1 2 2 14.8 35 16.8 -999.99 0 4.1 0.7 358.96
ntarla 1994 1 3 3 12.8 35.5 15.9 -999.99 0 2.7 0.6 358.96
ntarla 1994 1 4 4 12.4 35.5 14.7 -999.99 0 1.4 0.7 358.96
ntarla 1994 1 5 5 12.7 35.5 16.9 -999.99 0 1.2 0.7 358.96
ntarla 1994 1 6 6 11.8 36.6 14.3 -999.99 0 1.6 0.6 358.96
ntarla 1994 1 7 7 12.2 35.5 7.6 -999.99 0 2.6 0.6 358.96
ntarla 1994 1 8 8 12.4 33.8 7.6 -999.99 0 3.7 0.5 358.96
ntarla 1994 1 9 9 10.7 32 19.6 -999.99 0 3.9 0.4 358.96
ntarla 1994 1 10 10 8.7 32.5 17.3 -999.99 0 3 0.4 358.96
ntarla 1994 1 11 11 6.2 37.2 13.5 -999.99 0 3.3 0.4 358.96
ntarla 1994 1 12 12 5.7 37 15.7 -999.99 0 3.9 0.4 358.96
ntarla 1994 1 13 13 7.2 36.7 17 -999.99 0 4 0.3 358.96
ntarla 1994 1 14 14 7.2 36 18.3 -999.99 0 4.3 0.2 358.96
ntarla 1994 1 15 15 6.7 34.4 17.7 -999.99 0 3.8 0.2 358.96
ntarla 1994 1 16 16 5.7 34 18.3 -999.99 0 3 0.2 358.96
ntarla 1994 1 17 17 15.7 36 15.9 -999.99 0 1.5 0.7 358.96
ntarla 1994 1 18 18 13.2 32.5 13.6 -999.99 0 2.1 0.8 358.96
ntarla 1994 1 19 19 15.2 30 13.5 -999.99 0 2.7 0.9 358.96
ntarla 1994 1 20 20 16.9 30 10.2 -999.99 0.5 3.2 0.8 358.96
ntarla 1994 1 21 21 16.7 34.5 18.9 -999.99 0 2.4 1.2 358.96
ntarla 1994 1 22 22 15.6 36.5 16.7 -999.99 0 3.1 0.9 358.96
ntarla 1994 1 23 23 15.7 35.5 18.8 -999.99 0 4 0.8 358.96
ntarla 1994 1 24 24 15.7 35.5 18.2 -999.99 0 3.7 0.7 358.96
ntarla 1994 1 25 25 16.7 33 16.9 -999.99 0 3.9 0.8 358.96
ntarla 1994 1 26 26 13.7 34 19.1 -999.99 0 3.7 0.8 358.96
ntarla 1994 1 27 27 13.2 35 18.6 -999.99 0 3.8 0.8 358.96
ntarla 1994 1 28 28 14.2 37.1 20.2 -999.99 0 4.3 0.7 358.96
ntarla 1994 1 29 29 12.7 35.5 8 -999.99 0 4.6 0.6 358.96
ntarla 1994 1 30 30 16.1 33.5 8 -999.99 0 4.5 0.7 358.96
ntarla 1994 1 31 31 13.9 34.1 14.6 -999.99 0 4.3 0.4 358.96
ntarla 1994 2 1 32 13.9 37.4 15.8 -999.99 0 4 0.4 358.96
ntarla 1994 2 2 33 11.9 38.3 18.4 -999.99 0 3.3 0.4 358.96
ntarla 1994 2 3 34 11.9 35.7 18.9 -999.99 0 3.5 0.3 358.96
ntarla 1994 2 4 35 11.4 35.7 19.2 -999.99 0 3.1 0.3 358.96
ntarla 1994 2 5 36 10.9 36.7 21.1 -999.99 0 3.5 0.4 358.96
ntarla 1994 2 6 37 7.9 36.7 21.9 -999.99 0 4 0.4 358.96
ntarla 1994 2 7 38 11.9 36.7 19.7 -999.99 0 3.8 0.3 358.96
ntarla 1994 2 8 39 11.9 38.2 20.9 -999.99 0 3.8 0.3 358.96
ntarla 1994 2 9 40 13.2 39.5 18.1 -999.99 0 3.9 0.4 358.96
ntarla 1994 2 10 41 13.9 41.2 19.5 -999.99 0 3.2 0.4 358.96
ntarla 1994 2 11 42 15.1 41 21.5 -999.99 0 2.8 1 358.96
ntarla 1994 2 12 43 14.9 41.4 19.9 -999.99 0 2.3 1.8 358.96
ntarla 1994 2 13 44 14.9 41.2 18 -999.99 0 1.4 2.8 358.96
ntarla 1994 2 14 45 14.9 40.4 11.8 -999.99 0 2.4 2.5 358.96
ntarla 1994 2 15 46 25.9 40.7 16.5 -999.99 0 1.1 5.4 358.96
ntarla 1994 2 16 47 23.9 41.7 18.9 -999.99 0 1.7 3.8 358.96
ntarla 1994 2 17 48 20.9 40.4 16.7 -999.99 0 2.8 1.8 358.96
ntarla 1994 2 18 49 19.2 40.2 20.4 -999.99 0 4.1 1 358.96
ntarla 1994 2 19 50 18.9 39.9 17.5 -999.99 0 3.9 0.7 358.96
ntarla 1994 2 20 51 17.9 41.2 19.6 -999.99 0 4.3 0.6 358.96
ntarla 1994 2 21 52 16.4 41.2 17.5 -999.99 0 4.1 0.6 358.96
ntarla 1994 2 22 53 15.9 40.2 18.4 -999.99 0 4.1 0.3 358.96
ntarla 1994 2 23 54 15.4 40.2 18.5 -999.99 0 3.2 0.3 358.96
ntarla 1994 2 24 55 14.1 40.9 14.1 -999.99 0 2.8 0.4 358.96
ntarla 1994 2 25 56 18.4 41.7 15 -999.99 0 2.8 1.6 358.96
ntarla 1994 2 26 57 19.4 42.4 15.9 -999.99 0 3 0.5 358.96
ntarla 1994 2 27 58 16.7 42.7 20 -999.99 0 3 0.3 358.96
ntarla 1994 2 28 59 16.9 43.7 21.5 -999.99 0 1.8 0.8 358.96
ntarla 1994 3 1 60 17.1 43 22.5 -999.99 0 2.3 1.8 358.96
ntarla 1994 3 2 61 18.3 38.8 22.5 -999.99 0 2.3 0.8 358.96
ntarla 1994 3 3 62 20.1 38.3 18.5 -999.99 0 2.6 1 358.96
ntarla 1994 3 4 63 17.6 38.3 22.8 -999.99 0 3.6 0.8 358.96
ntarla 1994 3 5 64 16.1 37.9 22.8 -999.99 0 3.6 0.7 358.96
ntarla 1994 3 6 65 15.7 38.8 23 -999.99 0 3 0.6 358.96
ntarla 1994 3 7 66 18.9 42.8 22.8 -999.99 0 2.1 0.9 358.96
ntarla 1994 3 8 67 19.6 43.4 23.1 -999.99 0 2.4 0.6 358.96
ntarla 1994 3 9 68 24.5 37.5 10.1 -999.99 0 4.6 0.5 358.96
ntarla 1994 3 10 69 20.1 40.8 21.1 -999.99 0 4.5 1 358.96
ntarla 1994 3 11 70 26.6 42.8 15.1 -999.99 0 3.6 1.4 358.96
ntarla 1994 3 12 71 21.6 43.8 22.5 -999.99 0 3.6 2 358.96
ntarla 1994 3 13 72 23.1 43 22 -999.99 0 1.6 2.5 358.96
ntarla 1994 3 14 73 26.6 41.9 19.6 -999.99 0 2.2 3.9 358.96
ntarla 1994 3 15 74 25.1 38.8 22 -999.99 0 1.4 3.2 358.96
ntarla 1994 3 16 75 25.8 39.8 19 -999.99 0 3 1.8 358.96
ntarla 1994 3 17 76 22.3 39.8 14.5 -999.99 0 4.2 1.1 358.96
ntarla 1994 3 18 77 22.5 41.8 22.6 -999.99 0 4.5 1 358.96
ntarla 1994 3 19 78 21.6 41.9 23.9 -999.99 0 3.7 1.2 358.96
ntarla 1994 3 20 79 18.6 41.9 25 -999.99 0 3.4 1 358.96
ntarla 1994 3 21 80 20.2 41.2 24.5 -999.99 0 3.6 1.2 358.96
ntarla 1994 3 22 81 17.6 41.3 25.4 -999.99 0 2.2 1.2 358.96
ntarla 1994 3 23 82 19.1 43.8 23.1 -999.99 0 2.1 1.2 358.96
ntarla 1994 3 24 83 26.1 41.3 15.9 -999.99 0 1.8 2.7 358.96
ntarla 1994 3 25 84 26.1 45.3 21.3 -999.99 0 2.8 3 358.96
ntarla 1994 3 26 85 25.5 45.2 21 -999.99 0 2.3 4.4 358.96
ntarla 1994 3 27 86 24.6 44.3 21.8 -999.99 0 1.1 8 358.96
ntarla 1994 3 28 87 27.3 42.4 22.6 -999.99 0 1.5 2.5 358.96
ntarla 1994 3 29 88 26.2 45.3 22.6 -999.99 0 0.8 5.6 358.96
ntarla 1994 3 30 89 29.6 45.8 24.6 -999.99 0 2.6 6.1 358.96
ntarla 1994 3 31 90 27.1 45.2 24 -999.99 0 2 4.5 358.96
ntarla 1994 4 1 91 27.8 45 24.6 -999.99 0 1.6 7.3 358.96
ntarla 1994 4 2 92 26.8 41.5 21.5 -999.99 0 4 1.3 358.96
ntarla 1994 4 3 93 20.8 42 24.9 -999.99 0 3.6 0.7 358.96
ntarla 1994 4 4 94 20.5 39 15.8 -999.99 0 4.3 0.8 358.96
ntarla 1994 4 5 95 26.8 37.5 9.1 -999.99 0 3.7 0.8 358.96
ntarla 1994 4 6 96 19.5 40 20.1 -999.99 0 3.3 0.6 358.96
ntarla 1994 4 7 97 20.3 42 21.9 -999.99 0 3.4 0.5 358.96
ntarla 1994 4 8 98 24.7 43.5 21.2 -999.99 0 2.3 3.9 358.96
ntarla 1994 4 9 99 31.3 42.5 23.6 -999.99 0 2.6 5.6 358.96
ntarla 1994 4 10 100 29.7 43.6 16.5 -999.99 0 1.6 7.5 358.96
ntarla 1994 4 11 101 25.7 42 18 -999.99 0 1.3 1.7 358.96
ntarla 1994 4 12 102 23.8 43.6 24.4 -999.99 0 1.6 5.4 358.96
ntarla 1994 4 13 103 31.3 40.5 17.7 -999.99 0 2.3 7.2 358.96
ntarla 1994 4 14 104 29.8 44 22.4 -999.99 0 1.6 5.6 358.96
ntarla 1994 4 15 105 29.3 43 23 -999.99 0 2.9 8.1 358.96
ntarla 1994 4 16 106 31.3 45 21.9 -999.99 0 1.1 4.4 358.96
ntarla 1994 4 17 107 28.8 41 22.7 -999.99 0 2.3 7 358.96
ntarla 1994 4 18 108 27.8 45 25.8 -999.99 0 1.6 5.6 358.96
ntarla 1994 4 19 109 30.9 45.5 24.4 -999.99 0 2.9 6.5 358.96
ntarla 1994 4 20 110 31.9 43.7 22.7 -999.99 5.5 2.5 5.4 358.96
ntarla 1994 4 21 111 26.7 41.5 21.1 -999.99 0 0.7 4.1 358.96
ntarla 1994 4 22 112 26.5 44.7 26.1 -999.99 0 2 2.7 358.96
ntarla 1994 4 23 113 24.3 46 25.7 -999.99 0 2.9 1.8 358.96
ntarla 1994 4 24 114 27.8 45.5 21.1 -999.99 0 1.8 4.8 358.96
ntarla 1994 4 25 115 31.3 44.5 24.3 -999.99 0 2.8 11.3 358.96
ntarla 1994 4 26 116 30.3 44.9 22.5 -999.99 0 1.8 7.6 358.96
ntarla 1994 4 27 117 26.8 41 19.2 -999.99 0 2.2 4 358.96
ntarla 1994 4 28 118 25.8 44.9 23.8 -999.99 0 2.2 7.7 358.96
ntarla 1994 4 29 119 31.3 44.5 22.6 -999.99 0 1.7 4.3 358.96
ntarla 1994 4 30 120 26.8 42 22 -999.99 0 3.1 1.3 358.96
ntarla 1994 5 1 121 24 41.2 17.5 -999.99 0 2.5 1.1 358.96
ntarla 1994 5 2 122 21.6 41.6 23.1 -999.99 0 3.4 0.8 358.96
ntarla 1994 5 3 123 22.5 40.6 20.4 -999.99 0 2.3 1 358.96
ntarla 1994 5 4 124 19 42.1 25.2 -999.99 0 1.9 0.7 358.96
ntarla 1994 5 5 125 23.5 42.6 24.8 -999.99 0 2.1 5.9 358.96
ntarla 1994 5 6 126 28 39.3 15.1 -999.99 0 1.8 10.8 358.96
ntarla 1994 5 7 127 27 42.6 25 -999.99 59.9 1.5 11.2 358.96
ntarla 1994 5 8 128 21 36.1 20.1 -999.99 0 0.8 2.9 358.96
ntarla 1994 5 9 129 27 40.1 23 -999.99 0 1.2 3.9 358.96
ntarla 1994 5 10 130 27.5 40.8 15.7 -999.99 0 2 4.2 358.96
ntarla 1994 5 11 131 30 38.6 19.4 -999.99 0 3.4 5.8 358.96
ntarla 1994 5 12 132 30 39.7 16.2 -999.99 0 2.8 8.1 358.96
ntarla 1994 5 13 133 29.5 39.6 22.1 -999.99 0 2.3 6.5 358.96
ntarla 1994 5 14 134 28.5 41.1 25.7 -999.99 0 1.3 7.6 358.96
ntarla 1994 5 15 135 30 39.1 14 -999.99 0 1.4 5.4 358.96
ntarla 1994 5 16 136 30.5 42.9 24.7 -999.99 4.3 3 6.9 358.96
ntarla 1994 5 17 137 22 42.6 23.2 -999.99 5.6 2.4 6.1 358.96
ntarla 1994 5 18 138 24.5 32 14 -999.99 0 2.6 3.8 358.96
ntarla 1994 5 19 139 27.5 41.1 24.4 -999.99 5.5 2.8 9.5 358.96
ntarla 1994 5 20 140 22.5 39.1 19.1 -999.99 0 2.3 5.3 358.96
ntarla 1994 5 21 141 27 39.1 21.6 -999.99 0 2.8 5.7 358.96
ntarla 1994 5 22 142 28.5 42.6 23.3 -999.99 0 2.1 5.4 358.96
ntarla 1994 5 23 143 29.5 42.6 23.9 -999.99 0 2.4 8.3 358.96
ntarla 1994 5 24 144 28.5 42.6 21.7 -999.99 0 3.3 12.2 358.96
ntarla 1994 5 25 145 27 40 19.3 -999.99 0 3.4 5.6 358.96
ntarla 1994 5 26 146 28 39 22.8 -999.99 0 3 8 358.96
ntarla 1994 5 27 147 30.5 38.7 18.5 -999.99 28 2.6 9.6 358.96
ntarla 1994 5 28 148 24 36.6 23.9 -999.99 0 1.6 4.7 358.96
ntarla 1994 5 29 149 27 38.6 22.7 -999.99 4.1 1.6 6.5 358.96
ntarla 1994 5 30 150 26 26.6 15.5 -999.99 0 1.3 2.6 358.96
ntarla 1994 5 31 151 26 28.8 22.5 -999.99 0 1.2 3.5 358.96
ntarla 1994 6 1 152 27.2 39.8 24.1 -999.99 0 2.7 5.8 358.96
ntarla 1994 6 2 153 27 40.5 23.7 -999.99 0 3.1 8.5 358.96
ntarla 1994 6 3 154 24.7 41.8 22.2 -999.99 0 2.5 5.7 358.96
ntarla 1994 6 4 155 28.4 40.8 24.8 -999.99 0 2.5 8.3 358.96
ntarla 1994 6 5 156 25.2 35 17 -999.99 0 2.4 5.8 358.96
ntarla 1994 6 6 157 26.2 36.5 13.9 -999.99 0 1.9 3.6 358.96
ntarla 1994 6 7 158 26.7 39.8 18.3 -999.99 3.8 2.5 5.9 358.96
ntarla 1994 6 8 159 23.2 35.8 21.7 -999.99 0 2.2 5.1 358.96
ntarla 1994 6 9 160 27.7 39 21 -999.99 0 1.6 8.8 358.96
ntarla 1994 6 10 161 27.7 40.4 20.7 -999.99 17.9 1.7 5.4 358.96
ntarla 1994 6 11 162 23.2 36.4 23.5 -999.99 0 2.7 5.7 358.96
ntarla 1994 6 12 163 27.7 38 25.3 -999.99 0 2 7.9 358.96
ntarla 1994 6 13 164 27.2 38.8 25 -999.99 4.9 1.2 5.9 358.96
ntarla 1994 6 14 165 22.9 35.8 16.7 -999.99 1.9 2.4 3.3 358.96
ntarla 1994 6 15 166 24.7 36.5 23 -999.99 0 3.2 6.1 358.96
ntarla 1994 6 16 167 27.2 36.8 18.9 -999.99 0 2.8 6.1 358.96
ntarla 1994 6 17 168 25.7 39.5 20.9 -999.99 0 3.1 5.3 358.96
ntarla 1994 6 18 169 27.7 36.3 17.7 -999.99 8 2.9 4.9 358.96
ntarla 1994 6 19 170 23.7 35.3 23 -999.99 0 2.3 3.5 358.96
ntarla 1994 6 20 171 26.1 39.8 22.7 -999.99 0 1.6 4.6 358.96
ntarla 1994 6 21 172 28.4 40.1 22.3 -999.99 1.8 3.5 7.7 358.96
ntarla 1994 6 22 173 24.7 37.9 22.7 -999.99 0 3.1 7.8 358.96
ntarla 1994 6 23 174 27.2 38.3 21.5 -999.99 0 2.1 6.9 358.96
ntarla 1994 6 24 175 27.2 35.8 15.5 -999.99 2.1 1.3 10 358.96
ntarla 1994 6 25 176 24.7 37.8 23.3 -999.99 8 2 5.7 358.96
ntarla 1994 6 26 177 24.9 35.8 14.7 -999.99 0 1.3 2.9 358.96
ntarla 1994 6 27 178 24.8 37.8 14.3 -999.99 0 2.3 6 358.96
ntarla 1994 6 28 179 24.7 37.8 25.1 -999.99 0 1.7 9.8 358.96
ntarla 1994 6 29 180 25.2 38.8 16.2 -999.99 0 1.5 4.9 358.96
ntarla 1994 6 30 181 27.4 36.8 20.5 -999.99 23.6 2.9 9.1 358.96
ntarla 1994 7 1 182 22.3 33.7 25 -999.99 0 3.8 4.5 358.96
ntarla 1994 7 2 183 22.1 35.7 14.5 -999.99 14 3.3 5.4 358.96
ntarla 1994 7 3 184 19.6 33.7 13.3 -999.99 0 2.3 4.4 358.96
ntarla 1994 7 4 185 22.6 36.7 21.7 -999.99 0 1.9 5.3 358.96
ntarla 1994 7 5 186 25.6 37.7 13.7 -999.99 0 1.5 6.7 358.96
ntarla 1994 7 6 187 22.6 36.7 21 -999.99 0 2.8 8.2 358.96
ntarla 1994 7 7 188 25.6 37.7 23.8 -999.99 42.3 2.7 5.9 358.96
ntarla 1994 7 8 189 23.1 32.7 25.9 -999.99 0 2.4 6.9 358.96
ntarla 1994 7 9 190 26.1 34.7 17 -999.99 0.3 1.6 5.5 358.96
ntarla 1994 7 10 191 25.6 33.7 14.8 -999.99 27.5 1.6 6.1 358.96
ntarla 1994 7 11 192 24.1 36.1 25.5 -999.99 1.7 2.1 7.9 358.96
ntarla 1994 7 12 193 22.6 32.9 13.9 -999.99 0 1.9 5 358.96
ntarla 1994 7 13 194 25.1 35.7 22.7 -999.99 24 2.8 9.6 358.96
ntarla 1994 7 14 195 22.6 32.2 15 -999.99 0 2.9 4.7 358.96
ntarla 1994 7 15 196 25.1 35.2 22.6 -999.99 0 2.6 6 358.96
ntarla 1994 7 16 197 26.6 33.7 16.5 -999.99 51.5 2.1 6 358.96
ntarla 1994 7 17 198 22.6 33.2 23.6 -999.99 0 1.9 7.2 358.96
ntarla 1994 7 18 199 24.6 34.7 23.6 -999.99 0 2 6 358.96
ntarla 1994 7 19 200 26.2 36.2 22.6 -999.99 0 2.4 6.9 358.96
ntarla 1994 7 20 201 25.1 35.2 20.1 -999.99 0 2.4 6.8 358.96
ntarla 1994 7 21 202 25.6 34.2 20.7 -999.99 3.3 1.7 9.7 358.96
ntarla 1994 7 22 203 24.6 33.7 18.8 -999.99 13.4 2.5 7.5 358.96
ntarla 1994 7 23 204 23.6 31.7 14.3 -999.99 0 1.7 7.3 358.96
ntarla 1994 7 24 205 23.9 33.7 18.8 -999.99 0 1.2 8.1 358.96
ntarla 1994 7 25 206 23.6 34.9 21.6 -999.99 0 1.5 9 358.96
ntarla 1994 7 26 207 25.2 35.2 25.1 -999.99 30 2.3 7.4 358.96
ntarla 1994 7 27 208 21.6 31.7 16.5 -999.99 0 2.2 5.5 358.96
ntarla 1994 7 28 209 24.6 33.7 22.1 -999.99 0 1.9 5.9 358.96
ntarla 1994 7 29 210 24.7 35.3 22.9 -999.99 10.9 1.8 9.3 358.96
ntarla 1994 7 30 211 22.1 33.1 17.9 -999.99 0 1.1 6.6 358.96
ntarla 1994 7 31 212 25 33.7 19.6 -999.99 0 2.1 7.4 358.96
ntarla 1994 8 1 213 24.8 35.1 23.9 -999.99 0 3.1 8.8 358.96
ntarla 1994 8 2 214 25.3 32.1 15.5 -999.99 12.5 3.1 9.7 358.96
ntarla 1994 8 3 215 24.3 31.1 15.6 -999.99 0.7 2.2 8.7 358.96
ntarla 1994 8 4 216 24.3 34.1 22.9 -999.99 0 2.2 8.3 358.96
ntarla 1994 8 5 217 25.5 25.7 8.9 -999.99 94.1 2.3 7.1 358.96
ntarla 1994 8 6 218 22.8 28.2 11.3 -999.99 7.4 1.3 6.4 358.96
ntarla 1994 8 7 219 23.3 30.1 15.4 -999.99 0.5 2.7 7.9 358.96
ntarla 1994 8 8 220 23.8 32.1 17.2 -999.99 0 2.5 8.2 358.96
ntarla 1994 8 9 221 24.8 31.1 15.8 -999.99 19.9 1.9 9.1 358.96
ntarla 1994 8 10 222 23.3 31.6 17.2 -999.99 0 2.5 8.3 358.96
ntarla 1994 8 11 223 24.7 27.9 11.1 -999.99 13.5 1.3 7.5 358.96
ntarla 1994 8 12 224 24.5 31.7 15.8 -999.99 0 1.3 8.6 358.96
ntarla 1994 8 13 225 24.3 33.1 20 -999.99 14.8 1.8 8.7 358.96
ntarla 1994 8 14 226 23.8 32.1 16 -999.99 34.5 1.5 8.6 358.96
ntarla 1994 8 15 227 22.8 28.7 14.2 -999.99 20 0.8 7.3 358.96
ntarla 1994 8 16 228 22.8 33.1 23.3 -999.99 0 1.7 9 358.96
ntarla 1994 8 17 229 25.3 33.1 16.2 -999.99 3.3 1.2 9.8 358.96
ntarla 1994 8 18 230 23.8 33.6 24.3 -999.99 0 2.1 8.5 358.96
ntarla 1994 8 19 231 25.3 35.2 24.6 -999.99 0 2.7 11.1 358.96
ntarla 1994 8 20 232 26.3 34.6 21.1 -999.99 38.4 2.2 11.8 358.96
ntarla 1994 8 21 233 21.3 32.1 14.2 -999.99 1 1.2 6.5 358.96
ntarla 1994 8 22 234 23.9 34.1 16.9 -999.99 0 1.7 9.7 358.96
ntarla 1994 8 23 235 24.3 33.6 14.8 -999.99 0 1.3 8.8 358.96
ntarla 1994 8 24 236 23.8 30.1 12.6 -999.99 23.2 1.5 6.4 358.96
ntarla 1994 8 25 237 22.3 32.1 16.6 -999.99 8.4 1.6 7.8 358.96
ntarla 1994 8 26 238 23.1 30.6 15.2 -999.99 15.7 1.7 8.4 358.96
ntarla 1994 8 27 239 22.8 31.9 20.3 -999.99 6 1.5 7 358.96
ntarla 1994 8 28 240 22.3 29.1 13.5 -999.99 25.2 0.8 6 358.96
ntarla 1994 8 29 241 22.8 34.1 25.3 -999.99 0 2.2 8 358.96
ntarla 1994 8 30 242 24.9 30.7 14.9 -999.99 44.7 1.3 7.7 358.96
ntarla 1994 8 31 243 22.8 31.6 15.2 -999.99 3.3 1.2 6.4 358.96
ntarla 1994 9 1 244 23.2 32 20 -999.99 0 1.6 8.4 358.96
ntarla 1994 9 2 245 23.9 34.6 25 -999.99 0 1.5 9.4 358.96
ntarla 1994 9 3 246 25 35.5 23.6 -999.99 0 0.8 10.2 358.96
ntarla 1994 9 4 247 23.6 34.2 23 -999.99 0 2.2 9.7 358.96
ntarla 1994 9 5 248 24.4 34.6 23.6 -999.99 0 2.4 10.9 358.96
ntarla 1994 9 6 249 25.9 30.9 10.9 -999.99 34.5 1.6 8.5 358.96
ntarla 1994 9 7 250 24.6 32.2 16.8 -999.99 1.1 0.8 8 358.96
ntarla 1994 9 8 251 24.4 33 21.9 -999.99 12.6 0.7 8.7 358.96
ntarla 1994 9 9 252 22.9 31.9 15.3 -999.99 81.3 1.4 7.9 358.96
ntarla 1994 9 10 253 21.9 32.5 24 -999.99 0 0.9 8.3 358.96
ntarla 1994 9 11 254 24.4 31.7 20.4 -999.99 0 1.1 7.8 358.96
ntarla 1994 9 12 255 23.9 31.5 11.6 -999.99 60.8 1.2 8.9 358.96
ntarla 1994 9 13 256 22.9 32 19.5 -999.99 3.4 0.9 9.4 358.96
ntarla 1994 9 14 257 24.4 34.1 22.4 -999.99 12.3 1.2 9.5 358.96
ntarla 1994 9 15 258 22.9 33.6 23.7 -999.99 0 0.3 8.6 358.96
ntarla 1994 9 16 259 23.6 33.6 17.4 -999.99 0.6 0.2 7.4 358.96
ntarla 1994 9 17 260 23.9 34.5 20.3 -999.99 0 0.7 6.7 358.96
ntarla 1994 9 18 261 24.4 32.6 14.8 -999.99 32.3 1.4 8.7 358.96
ntarla 1994 9 19 262 22.9 31.6 19.5 -999.99 0 1.1 8 358.96
ntarla 1994 9 20 263 23.9 32 14.2 -999.99 21.8 1.4 8.8 358.96
ntarla 1994 9 21 264 23.4 31.3 17.6 -999.99 0 1.3 6.5 358.96
ntarla 1994 9 22 265 22.9 33.6 18.5 -999.99 26 1.2 7.4 358.96
ntarla 1994 9 23 266 23.4 33.6 19.5 -999.99 3.3 0.9 7.5 358.96
ntarla 1994 9 24 267 23.9 34.5 20 -999.99 8.6 2.4 9.5 358.96
ntarla 1994 9 25 268 22.9 34.4 20.8 -999.99 9.9 2 7.9 358.96
ntarla 1994 9 26 269 22.4 35 22.8 -999.99 0 1 7.2 358.96
ntarla 1994 9 27 270 23.4 35.5 21.7 -999.99 0 1.5 9.4 358.96
ntarla 1994 9 28 271 23.9 35 18.8 -999.99 0.8 1.7 10.1 358.96
ntarla 1994 9 29 272 24.4 34.5 22.1 -999.99 12.9 1.2 10.2 358.96
ntarla 1994 9 30 273 22.7 32 13.6 -999.99 0.4 1.4 6.5 358.96
ntarla 1994 10 1 274 23.8 35.1 21.8 -999.99 0.6 1.6 9.2 358.96
ntarla 1994 10 2 275 24.3 30.7 9.3 -999.99 0.8 1.2 6.3 358.96
ntarla 1994 10 3 276 22.8 35.6 22.6 -999.99 15.2 1.2 8.3 358.96
ntarla 1994 10 4 277 22.3 33.6 22 -999.99 0 1 6.8 358.96
ntarla 1994 10 5 278 24.8 33.2 14.6 -999.99 0 1.9 8.6 358.96
ntarla 1994 10 6 279 24 34.1 22.1 -999.99 0 2.1 7.7 358.96
ntarla 1994 10 7 280 24.3 34.1 19.5 -999.99 22.8 1.2 8.5 358.96
ntarla 1994 10 8 281 25.3 34.6 18.1 -999.99 8.9 1.2 10.2 358.96
ntarla 1994 10 9 282 24.3 30.6 13.2 -999.99 2.3 0.7 7.1 358.96
ntarla 1994 10 10 283 24.4 34.6 20 -999.99 0 1.4 9.1 358.96
ntarla 1994 10 11 284 23.3 33.6 19 -999.99 0 1.5 5.7 358.96
ntarla 1994 10 12 285 22.9 34.5 21.5 -999.99 0 0.9 4.4 358.96
ntarla 1994 10 13 286 24.3 35.5 19.8 -999.99 0 1.5 6.9 358.96
ntarla 1994 10 14 287 22.9 35.4 17 -999.99 0 1.5 7.5 358.96
ntarla 1994 10 15 288 26.3 35.4 15.6 -999.99 0 1.6 7.8 358.96
ntarla 1994 10 16 289 23.2 34.3 21.1 -999.99 0 2 5.9 358.96
ntarla 1994 10 17 290 23.8 34.1 14.7 -999.99 0 0.9 8.2 358.96
ntarla 1994 10 18 291 23.8 32.3 12.9 -999.99 46.7 1.1 7.1 358.96
ntarla 1994 10 19 292 22.8 29.1 9.8 -999.99 9.8 2 5.5 358.96
ntarla 1994 10 20 293 20.8 33.1 21.2 -999.99 0 2.1 5.6 358.96
ntarla 1994 10 21 294 23.8 35.6 21.9 -999.99 4.7 2.1 6.7 358.96
ntarla 1994 10 22 295 24.3 35.1 19.2 -999.99 0 0.8 8.8 358.96
ntarla 1994 10 23 296 24.8 35.6 20.9 -999.99 0 0.5 8.6 358.96
ntarla 1994 10 24 297 23.4 36.8 21.6 -999.99 0 0.8 5.6 358.96
ntarla 1994 10 25 298 22.8 36.8 21.7 -999.99 0 1.1 5.8 358.96
ntarla 1994 10 26 299 22.8 36.8 21.8 -999.99 0 1.3 3.9 358.96
ntarla 1994 10 27 300 23.8 36.6 20 -999.99 0 2 5.6 358.96
ntarla 1994 10 28 301 23.8 38.1 21.6 -999.99 0 1.4 5.6 358.96
ntarla 1994 10 29 302 23 34.7 14.9 -999.99 6.1 1.6 7.1 358.96
ntarla 1994 10 30 303 22.8 34.6 20.7 -999.99 13 0.4 6.5 358.96
ntarla 1994 10 31 304 22.8 34.6 19.1 -999.99 0 1.5 4.3 358.96
ntarla 1994 11 1 305 24 36 18.9 -999.99 0 1.2 8 358.96
ntarla 1994 11 2 306 25.2 36.4 17.7 -999.99 0 1.3 4.7 358.96
ntarla 1994 11 3 307 25 35.2 17 -999.99 0.8 1.7 6.5 358.96
ntarla 1994 11 4 308 23.5 36.1 19 -999.99 0 0.5 6.1 358.96
ntarla 1994 11 5 309 23.5 34.4 14.6 -999.99 0 1.1 5.6 358.96
ntarla 1994 11 6 310 22.5 37.4 20.6 -999.99 0 0.6 5.8 358.96
ntarla 1994 11 7 311 20.4 37.9 20.5 -999.99 0 0.7 3 358.96
ntarla 1994 11 8 312 19 37.8 20.8 -999.99 0 2.4 4.2 358.96
ntarla 1994 11 9 313 19 37.4 20.6 -999.99 0 2.7 2.9 358.96
ntarla 1994 11 10 314 19.2 37.9 20.5 -999.99 0 1.7 2.3 358.96
ntarla 1994 11 11 315 18.2 37.9 20.6 -999.99 0 1.1 1.8 358.96
ntarla 1994 11 12 316 18 37.9 20.7 -999.99 0 2.3 1.7 358.96
ntarla 1994 11 13 317 16 37.4 20.7 -999.99 0 1.4 1.3 358.96
ntarla 1994 11 14 318 16 37.8 20.6 -999.99 0 1.1 1.9 358.96
ntarla 1994 11 15 319 17.1 38.1 20.6 -999.99 0 2.3 1 358.96
ntarla 1994 11 16 320 16 35.6 19.4 -999.99 0 3 0.8 358.96
ntarla 1994 11 17 321 16 34.6 20.5 -999.99 0 1.9 0.8 358.96
ntarla 1994 11 18 322 15.5 36.7 19.9 -999.99 0 0.8 1.2 358.96
ntarla 1994 11 19 323 19.5 36.9 19.2 -999.99 0 2.1 2.5 358.96
ntarla 1994 11 20 324 15 36.8 20.7 -999.99 0 3.1 0.8 358.96
ntarla 1994 11 21 325 14 37 20.7 -999.99 0 3 0.7 358.96
ntarla 1994 11 22 326 14.5 37.1 20.5 -999.99 0 2.9 0.6 358.96
ntarla 1994 11 23 327 14.5 37.9 20.5 -999.99 0 2.8 0.6 358.96
ntarla 1994 11 24 328 12 36.9 20.4 -999.99 0 2.8 0.7 358.96
ntarla 1994 11 25 329 16 36 20.3 -999.99 0 2.9 0.9 358.96
ntarla 1994 11 26 330 15.5 36.1 20.4 -999.99 0 2.1 0.8 358.96
ntarla 1994 11 27 331 14.5 35.7 18.3 -999.99 0 2.1 0.6 358.96
ntarla 1994 11 28 332 16 35.4 19.5 -999.99 0 2 0.7 358.96
ntarla 1994 11 29 333 15.6 36.4 19.9 -999.99 0 2.2 0.7 358.96
ntarla 1994 11 30 334 15.5 36.4 20.4 -999.99 0 2.2 0.7 358.96
ntarla 1994 12 1 335 14.8 36.8 19.2 -999.99 0 2.4 0.7 358.96
ntarla 1994 12 2 336 15.8 36 18 -999.99 0 3 0.6 358.96
ntarla 1994 12 3 337 15.3 35 19.4 -999.99 0 3.6 0.5 358.96
ntarla 1994 12 4 338 13.8 34.8 19.4 -999.99 0 4.1 0.6 358.96
ntarla 1994 12 5 339 12.8 31.8 13.4 -999.99 0 4.2 0.5 358.96
ntarla 1994 12 6 340 12.3 31.7 19.1 -999.99 0 4 0.5 358.96
ntarla 1994 12 7 341 11.3 31.3 19.1 -999.99 0 4 0.5 358.96
ntarla 1994 12 8 342 11.3 32.3 19 -999.99 0 4.3 0.4 358.96
ntarla 1994 12 9 343 12.8 32.7 19 -999.99 0 4.3 0.6 358.96
ntarla 1994 12 10 344 12.8 33.3 20.3 -999.99 0 3.7 0.6 358.96
ntarla 1994 12 11 345 12.3 32.8 18.1 -999.99 0 3 0.5 358.96
ntarla 1994 12 12 346 14.3 34.7 19.4 -999.99 0 3 0.5 358.96
ntarla 1994 12 13 347 13.8 35 17.7 -999.99 0 3.5 0.7 358.96
ntarla 1994 12 14 348 12.8 35.3 19.6 -999.99 0 4.1 0.7 358.96
ntarla 1994 12 15 349 11.8 34.8 19.6 -999.99 0 3.9 0.5 358.96
ntarla 1994 12 16 350 10.8 34.3 19.2 -999.99 0 3.9 0.4 358.96
ntarla 1994 12 17 351 9.8 34.3 19.6 -999.99 0 3.9 0.4 358.96
ntarla 1994 12 18 352 9.8 33 19.1 -999.99 0 3.6 0.4 358.96
ntarla 1994 12 19 353 8.8 34.3 19.6 -999.99 0 3.9 0.3 358.96
ntarla 1994 12 20 354 9.8 34.3 19.5 -999.99 0 3.1 0.5 358.96
ntarla 1994 12 21 355 15.8 33.5 14.2 -999.99 0 3.4 0.7 358.96
ntarla 1994 12 22 356 14.8 34.3 17.1 -999.99 0 3.2 0.6 358.96
ntarla 1994 12 23 357 12.8 35.1 17.5 -999.99 0 3.6 0.6 358.96
ntarla 1994 12 24 358 17.3 36.8 18.3 -999.99 0 2.9 0.7 358.96
ntarla 1994 12 25 359 13.8 37.3 19.6 -999.99 0 3.4 0.5 358.96
ntarla 1994 12 26 360 13.3 38.3 19.6 -999.99 0 4.4 0.5 358.96
ntarla 1994 12 27 361 12.3 36.3 20 -999.99 0 4.4 0.4 358.96
ntarla 1994 12 28 362 11.8 35.3 20.6 -999.99 0 4.1 0.4 358.96
ntarla 1994 12 29 363 11.8 33.8 19.8 -999.99 0 4.1 0.4 358.96
ntarla 1994 12 30 364 10.9 34.3 19.7 -999.99 0 3.6 0.3 358.96
ntarla 1994 12 31 365 11.3 35.3 19.4 -999.99 0 3.2 0.4 358.96
