ntarla 2007 1 2 2 11.2 27.7 7.5 -999.99 0 3.9 0.2 384.02
ntarla 2007 1 3 3 11.2 26.7 10.2 -999.99 0 4.2 0.2 384.02
ntarla 2007 1 4 4 12.2 29.5 19.7 -999.99 0 4.2 0.3 384.02
ntarla 2007 1 5 5 8 29.9 19.8 -999.99 0 3.9 0.1 384.02
ntarla 2007 1 6 6 9.7 30 18.1 -999.99 0 3.9 0.2 384.02
ntarla 2007 1 7 7 11.7 31.5 17.6 -999.99 0 3.4 0.3 384.02
ntarla 2007 1 8 8 14.2 33.5 18.2 -999.99 0 3.7 0.2 384.02
ntarla 2007 1 9 9 12.7 36.5 19.6 -999.99 0 3.7 0.3 384.02
ntarla 2007 1 10 10 12.7 36.5 20.3 -999.99 0 4.4 0.3 384.02
ntarla 2007 1 11 11 11.2 35.5 21.3 -999.99 0 4.7 0.4 384.02
ntarla 2007 1 12 12 11.7 33.3 15.9 -999.99 0 4.7 0.2 384.02
ntarla 2007 1 13 13 10.7 31.7 20 -999.99 0 4.3 0.2 384.02
ntarla 2007 1 14 14 9.2 31 19.5 -999.99 0 4.3 0.2 384.02
ntarla 2007 1 15 15 8.3 31.5 20.4 -999.99 0 3.8 0.2 384.02
ntarla 2007 1 16 16 8.8 33 21.2 -999.99 0 3.4 0.3 384.02
ntarla 2007 1 17 17 10.2 31.5 17.2 -999.99 0 3.5 0.2 384.02
ntarla 2007 1 18 18 12.2 31 16.7 -999.99 0 4.3 0.3 384.02
ntarla 2007 1 19 19 12.2 32 17 -999.99 0 4.4 0.2 384.02
ntarla 2007 1 20 20 11.2 33.3 19.9 -999.99 0 4 0.2 384.02
ntarla 2007 1 21 21 9.2 34.3 20.2 -999.99 0 3.4 0.2 384.02
ntarla 2007 1 22 22 10.2 35 21.5 -999.99 0 2.9 0.1 384.02
ntarla 2007 1 23 23 11.7 36 21.3 -999.99 0 3.2 0.1 384.02
ntarla 2007 1 24 24 12.7 37.5 21.3 -999.99 0 3.2 0.3 384.02
ntarla 2007 1 25 25 12.7 38.7 21.6 -999.99 0 2.9 0.4 384.02
ntarla 2007 1 26 26 14.7 40 19.9 -999.99 0 2 0.3 384.02
ntarla 2007 1 27 27 13.2 40.6 21.9 -999.99 0 3.3 0.2 384.02
ntarla 2007 1 28 28 15.1 40.7 21.8 -999.99 0 3.5 0.6 384.02
ntarla 2007 1 29 29 13.3 40 22 -999.99 0 2.6 0.3 384.02
ntarla 2007 1 30 30 10.9 40 22.5 -999.99 0 3.3 0.2 384.02
ntarla 2007 1 31 31 11.7 39.3 20 -999.99 0 3.5 0.5 384.02
ntarla 2007 2 1 32 15.4 39.7 18.6 -999.99 0 2.3 2.7 384.02
ntarla 2007 2 2 33 19.4 40.5 15.6 -999.99 0 2.7 1.3 384.02
ntarla 2007 2 3 34 16.1 41.3 21.8 -999.99 0 3.8 0.4 384.02
ntarla 2007 2 4 35 13.9 40.3 22.3 -999.99 0 3.5 0.2 384.02
ntarla 2007 2 5 36 13.1 40.3 22.8 -999.99 0 3.2 0.6 384.02
ntarla 2007 2 6 37 14.1 40.9 21.3 -999.99 0 1.5 0.5 384.02
ntarla 2007 2 7 38 15.9 39.7 21.7 -999.99 0 3.2 0.4 384.02
ntarla 2007 2 8 39 16.4 35.7 18.7 -999.99 0 3.7 0.6 384.02
ntarla 2007 2 9 40 13.9 37.3 22.4 -999.99 0 3.5 0.3 384.02
ntarla 2007 2 10 41 13.4 37.7 23.2 -999.99 0 4 0.3 384.02
ntarla 2007 2 11 42 12.4 38.2 22.1 -999.99 0 4 0.2 384.02
ntarla 2007 2 12 43 12.1 37.5 22.6 -999.99 0 4.2 0.3 384.02
ntarla 2007 2 13 44 13.4 37.9 22 -999.99 0 4.1 0.3 384.02
ntarla 2007 2 14 45 12.4 36.9 22.9 -999.99 0 4.9 0.2 384.02
ntarla 2007 2 15 46 11.4 36.7 23.4 -999.99 0 3.9 0.1 384.02
ntarla 2007 2 16 47 9.9 37.2 22.7 -999.99 0 3 0.1 384.02
ntarla 2007 2 17 48 11.9 38.2 21 -999.99 0 2.5 0.2 384.02
ntarla 2007 2 18 49 13.4 39.2 22.4 -999.99 0 2.4 0.2 384.02
ntarla 2007 2 19 50 14.9 39.2 17.5 -999.99 0 2.2 0.2 384.02
ntarla 2007 2 20 51 16.9 35.7 11.2 -999.99 0 2.8 0.2 384.02
ntarla 2007 2 21 52 16.4 37.2 23.3 -999.99 0 3.9 0.2 384.02
ntarla 2007 2 22 53 16.5 35.2 22.3 -999.99 0 4.2 0.3 384.02
ntarla 2007 2 23 54 12.9 33.9 22.5 -999.99 0 4.3 0.4 384.02
ntarla 2007 2 24 55 11.4 35.2 23.2 -999.99 0 3.1 0.2 384.02
ntarla 2007 2 25 56 10.4 36.2 24 -999.99 0 3.3 0.2 384.02
ntarla 2007 2 26 57 10.9 38.2 23.6 -999.99 0 3.4 0.2 384.02
ntarla 2007 2 27 58 13.4 38.7 23.1 -999.99 0 4.4 0.2 384.02
ntarla 2007 2 28 59 12.9 38.7 23.9 -999.99 0 4.5 0.2 384.02
ntarla 2007 3 1 60 13.6 39.3 23.5 -999.99 0 4.3 0.2 384.02
ntarla 2007 3 2 61 16.1 39.3 22.9 -999.99 0 4.6 0.5 384.02
ntarla 2007 3 3 62 16.1 38.3 19.5 -999.99 0 4 0.5 384.02
ntarla 2007 3 4 63 18.1 40 21.4 -999.99 0 4.3 0.3 384.02
ntarla 2007 3 5 64 15.6 40.3 22 -999.99 0 3.9 0.4 384.02
ntarla 2007 3 6 65 14.1 39 18.5 -999.99 0 4.3 0.7 384.02
ntarla 2007 3 7 66 12.7 40 25.1 -999.99 0 4.4 0.2 384.02
ntarla 2007 3 8 67 12.1 38.4 20.4 -999.99 0 3.6 0.2 384.02
ntarla 2007 3 9 68 12.1 39.8 25.5 -999.99 0 3.9 0.2 384.02
ntarla 2007 3 10 69 15.6 37.3 21.7 -999.99 0 4.3 0.2 384.02
ntarla 2007 3 11 70 16.7 37.6 20.9 -999.99 0 3.3 0.4 384.02
ntarla 2007 3 12 71 15.1 37.2 21.9 -999.99 0 3.5 0.3 384.02
ntarla 2007 3 13 72 16.6 38 20.9 -999.99 0 3.3 0.4 384.02
ntarla 2007 3 14 73 16.6 40.8 22.6 -999.99 0 2.5 0.3 384.02
ntarla 2007 3 15 74 18.6 41.4 22.6 -999.99 0 1.3 2.2 384.02
ntarla 2007 3 16 75 21.6 42.3 19.8 -999.99 0 2.3 2.2 384.02
ntarla 2007 3 17 76 23.6 42.3 19.2 -999.99 0 1 3.4 384.02
ntarla 2007 3 18 77 21.7 43.3 19.4 -999.99 0 2 4.3 384.02
ntarla 2007 3 19 78 23.9 41.8 19.7 -999.99 0 1.8 2.7 384.02
ntarla 2007 3 20 79 26.1 44.3 22 -999.99 0 3.3 9.3 384.02
ntarla 2007 3 21 80 28.1 43 20.5 -999.99 0 2.8 8.5 384.02
ntarla 2007 3 22 81 31.1 41.4 18.7 -999.99 0 1.3 5.2 384.02
ntarla 2007 3 23 82 25.3 41.8 18.1 -999.99 0 4.3 1.5 384.02
ntarla 2007 3 24 83 22.6 43.3 22.6 -999.99 0 4.4 0.9 384.02
ntarla 2007 3 25 84 21.5 43.3 22.5 -999.99 0 4.4 1.1 384.02
ntarla 2007 3 26 85 19.3 44.3 24.5 -999.99 0 3.8 0.8 384.02
ntarla 2007 3 27 86 25.1 42.4 22.2 -999.99 0 1.7 4.2 384.02
ntarla 2007 3 28 87 27.1 40.8 20.2 -999.99 0 0.7 3.6 384.02
ntarla 2007 3 29 88 26.6 41.6 18.4 -999.99 0 3.4 1.3 384.02
ntarla 2007 3 30 89 24.6 42 24.6 -999.99 0 2.9 1.2 384.02
ntarla 2007 3 31 90 23.1 43.8 22 -999.99 0 2.4 0.9 384.02
ntarla 2007 4 1 91 29.8 42.5 20.2 -999.99 0 1.1 2.3 384.02
ntarla 2007 4 2 92 26.8 42 20.2 -999.99 0 1.9 2.1 384.02
ntarla 2007 4 3 93 27.3 43 15.8 -999.99 0 1.8 1.5 384.02
ntarla 2007 4 4 94 32.8 44 9.1 -999.99 0 3 2.1 384.02
ntarla 2007 4 5 95 33.8 43.5 13 -999.99 0 2 6.4 384.02
ntarla 2007 4 6 96 27.8 41.5 17.5 -999.99 0 1.6 3.3 384.02
ntarla 2007 4 7 97 22.9 40.7 24.5 -999.99 0 3.5 0.4 384.02
ntarla 2007 4 8 98 23.3 39.5 13.3 -999.99 0 0.9 1.7 384.02
ntarla 2007 4 9 99 23.3 42.5 18.3 -999.99 0 1.1 1.8 384.02
ntarla 2007 4 10 100 21.5 44 25 -999.99 0 1.2 0.6 384.02
ntarla 2007 4 11 101 25.3 44.5 25 -999.99 0 0.9 2.5 384.02
ntarla 2007 4 12 102 25.8 43 23.1 -999.99 0 1.3 4.8 384.02
ntarla 2007 4 13 103 29.8 41.5 9.2 -999.99 0 1.3 3.7 384.02
ntarla 2007 4 14 104 31.1 42.5 17.9 -999.99 0 1.4 5.5 384.02
ntarla 2007 4 15 105 30.8 42.1 18.6 -999.99 0 1 3.7 384.02
ntarla 2007 4 16 106 30.3 40.5 13.4 -999.99 0.6 1.8 3.9 384.02
ntarla 2007 4 17 107 30.1 42.7 24.1 -999.99 0 2.8 7.7 384.02
ntarla 2007 4 18 108 29.8 41.1 15.6 -999.99 0 3.4 7.8 384.02
ntarla 2007 4 19 109 25.8 40.5 18.2 -999.99 1.6 1.6 3.9 384.02
ntarla 2007 4 20 110 31.3 42.3 24.2 -999.99 2.6 2.5 14.6 384.02
ntarla 2007 4 21 111 25.9 38.5 14.2 -999.99 0 1.9 3.9 384.02
ntarla 2007 4 22 112 25.3 39 17 -999.99 0 2.3 6.6 384.02
ntarla 2007 4 23 113 25.3 36.1 11.2 -999.99 0 2.7 3.7 384.02
ntarla 2007 4 24 114 27.3 40.5 25.4 -999.99 0 2.4 7.3 384.02
ntarla 2007 4 25 115 28.8 40.5 25.4 -999.99 0 2.5 6.8 384.02
ntarla 2007 4 26 116 28.9 41.7 26.5 -999.99 0 3.5 5.3 384.02
ntarla 2007 4 27 117 29.3 39.5 25.9 -999.99 0 3 4.8 384.02
ntarla 2007 4 28 118 29.8 40.5 24.6 -999.99 10.2 1 4.9 384.02
ntarla 2007 4 29 119 28.8 41.2 19.1 -999.99 23.5 2.2 6.2 384.02
ntarla 2007 4 30 120 29.8 32.5 12.3 -999.99 0 2 5.7 384.02
ntarla 2007 5 1 121 27.2 32.6 15.6 -999.99 0 1.4 8 384.02
ntarla 2007 5 2 122 28 36.1 11.9 -999.99 0 3 5.1 384.02
ntarla 2007 5 3 123 26.5 39.1 21.4 -999.99 0 1.4 5.4 384.02
ntarla 2007 5 4 124 30 42.1 26 -999.99 0 2.3 12.9 384.02
ntarla 2007 5 5 125 30 42.8 26.2 -999.99 0 1.2 5.3 384.02
ntarla 2007 5 6 126 27.5 42.6 25.4 -999.99 35.1 1.5 6.6 384.02
ntarla 2007 5 7 127 29.2 41.2 22.8 -999.99 0 2.3 7.6 384.02
ntarla 2007 5 8 128 23 37.6 19.6 -999.99 0 1.8 4.2 384.02
ntarla 2007 5 9 129 27 38.1 9.3 -999.99 0 2.5 1.5 384.02
ntarla 2007 5 10 130 25.2 41.1 22.9 -999.99 0 2.1 1.2 384.02
ntarla 2007 5 11 131 25 40.8 21.5 -999.99 0 1.3 1.8 384.02
ntarla 2007 5 12 132 30 40.8 9.3 -999.99 0 2.8 4.5 384.02
ntarla 2007 5 13 133 30.5 41.2 22.2 -999.99 0 2.9 6.9 384.02
ntarla 2007 5 14 134 28 39.1 18 -999.99 0 3.4 9.5 384.02
ntarla 2007 5 15 135 26.5 40.4 25.4 -999.99 0 2.2 4.6 384.02
ntarla 2007 5 16 136 28.6 41.1 24.6 -999.99 0 3.2 8.1 384.02
ntarla 2007 5 17 137 28 40.6 21.9 -999.99 0 1.8 6.3 384.02
ntarla 2007 5 18 138 28.5 42.1 24.9 -999.99 0 1.6 8.9 384.02
ntarla 2007 5 19 139 28.5 42.1 21.7 -999.99 0 1.7 14.5 384.02
ntarla 2007 5 20 140 29 42.6 25.1 -999.99 0 2.3 13.4 384.02
ntarla 2007 5 21 141 29.5 44.1 26.2 -999.99 0 2.6 6.9 384.02
ntarla 2007 5 22 142 28.5 41.1 22.2 -999.99 0.6 1.9 6.2 384.02
ntarla 2007 5 23 143 30.5 42.2 21.6 -999.99 32.3 3.6 15 384.02
ntarla 2007 5 24 144 27.5 42.1 25.5 -999.99 1.3 2.9 12 384.02
ntarla 2007 5 25 145 24 38 23.1 -999.99 12.8 2.7 7.1 384.02
ntarla 2007 5 26 146 27.5 39 18.1 -999.99 0 2.2 10.8 384.02
ntarla 2007 5 27 147 25 40.1 25.7 -999.99 0 2.6 7 384.02
ntarla 2007 5 28 148 26.5 38.1 15.3 -999.99 0 3.3 9.9 384.02
ntarla 2007 5 29 149 28.5 39.4 24.4 -999.99 0 2.9 7.4 384.02
ntarla 2007 5 30 150 28.2 40.6 20.2 -999.99 0 2.7 10.4 384.02
ntarla 2007 5 31 151 26.5 40.6 23.9 -999.99 0 2.6 7.8 384.02
ntarla 2007 6 1 152 28.7 41 24.1 -999.99 0 3.2 11.5 384.02
ntarla 2007 6 2 153 30.7 43.3 22.6 -999.99 0 3.3 15.4 384.02
ntarla 2007 6 3 154 27.7 41.4 26 -999.99 0 3.9 12.8 384.02
ntarla 2007 6 4 155 28.2 39.3 25.8 -999.99 1.9 3.9 8.7 384.02
ntarla 2007 6 5 156 29.9 41.3 23.3 -999.99 0 3 15.1 384.02
ntarla 2007 6 6 157 25.7 40.4 22.7 -999.99 0 1.9 4.8 384.02
ntarla 2007 6 7 158 27.9 38.8 19.7 -999.99 0 2.4 9.8 384.02
ntarla 2007 6 8 159 29.2 39.8 22.8 -999.99 0 2.3 13 384.02
ntarla 2007 6 9 160 28.7 41.3 23.1 -999.99 0 2.3 11.5 384.02
ntarla 2007 6 10 161 30.9 43.6 24 -999.99 0 2.9 19.2 384.02
ntarla 2007 6 11 162 31.3 35 10.5 -999.99 0 3.2 11.7 384.02
ntarla 2007 6 12 163 23.2 40 25.4 -999.99 2.4 3.6 5.7 384.02
ntarla 2007 6 13 164 26.7 40.3 22.9 -999.99 0 2.2 10.9 384.02
ntarla 2007 6 14 165 24.2 33.3 9.4 -999.99 0 2.1 6.9 384.02
ntarla 2007 6 15 166 26.5 42.3 24.2 -999.99 2.9 2.9 11.8 384.02
ntarla 2007 6 16 167 29.7 41.3 22.7 -999.99 0 3.6 15.1 384.02
ntarla 2007 6 17 168 21.7 36.9 20.5 -999.99 0 3 6.6 384.02
ntarla 2007 6 18 169 26.7 38.3 26.3 -999.99 0.4 2.1 8.9 384.02
ntarla 2007 6 19 170 27.2 40 20.2 -999.99 0 1.8 10 384.02
ntarla 2007 6 20 171 26.2 40.8 22.4 -999.99 0.5 3.4 9.9 384.02
ntarla 2007 6 21 172 30.7 38.3 19.7 -999.99 0 3.9 14.1 384.02
ntarla 2007 6 22 173 23.9 34.6 18.9 -999.99 10.7 2.7 7.9 384.02
ntarla 2007 6 23 174 25.7 36.8 25.7 -999.99 0 2.8 9 384.02
ntarla 2007 6 24 175 21.2 33.3 13.8 -999.99 5.7 2.8 5.3 384.02
ntarla 2007 6 25 176 25.7 36.6 19.4 -999.99 0 3.2 9.1 384.02
ntarla 2007 6 26 177 25.7 38.3 26.5 -999.99 11.7 2.7 9.8 384.02
ntarla 2007 6 27 178 28.2 31.8 9.7 -999.99 0 2.4 9.3 384.02
ntarla 2007 6 28 179 25.7 36.8 19.2 -999.99 0 2.9 11.3 384.02
ntarla 2007 6 29 180 25.7 37.8 24 -999.99 29.2 3.2 9.8 384.02
ntarla 2007 6 30 181 29.2 35.8 13.1 -999.99 8.3 3.4 14.1 384.02
ntarla 2007 7 1 182 23.6 33 19.4 -999.99 0.7 2.3 8.5 384.02
ntarla 2007 7 2 183 22.1 33.7 25.9 -999.99 0 1.5 6.9 384.02
ntarla 2007 7 3 184 25.8 34.3 19.7 -999.99 0 2.7 9.4 384.02
ntarla 2007 7 4 185 25.8 35.7 22.6 -999.99 0 2.1 9.5 384.02
ntarla 2007 7 5 186 23.6 36.2 25.3 -999.99 0 2.3 6.3 384.02
ntarla 2007 7 6 187 27.1 37 18.3 -999.99 29.6 3.1 11.8 384.02
ntarla 2007 7 7 188 27.6 36.5 24.1 -999.99 0 2.8 12.6 384.02
ntarla 2007 7 8 189 22.1 34.2 19.2 -999.99 29.6 2.3 6.9 384.02
ntarla 2007 7 9 190 25.9 34.9 23.4 -999.99 8.3 2.3 9.1 384.02
ntarla 2007 7 10 191 21.6 29.1 13.6 -999.99 0 2.1 5.4 384.02
ntarla 2007 7 11 192 25.1 34.2 24.6 -999.99 0 1.9 8.2 384.02
ntarla 2007 7 12 193 27 34.2 17.3 -999.99 0 1.6 9.8 384.02
ntarla 2007 7 13 194 26.6 32.9 16.3 -999.99 16.6 2.9 10 384.02
ntarla 2007 7 14 195 26.6 34.7 23.9 -999.99 0.6 3.9 10.2 384.02
ntarla 2007 7 15 196 21.2 29.2 9.8 -999.99 0 2.3 4.6 384.02
ntarla 2007 7 16 197 24.6 33.7 26.6 -999.99 0 2.2 7 384.02
ntarla 2007 7 17 198 25.1 34.3 18.9 -999.99 0 1.4 8.8 384.02
ntarla 2007 7 18 199 27.1 31.2 15.9 -999.99 0 1.8 10.1 384.02
ntarla 2007 7 19 200 24.6 32.9 24.4 -999.99 0 2.1 8.5 384.02
ntarla 2007 7 20 201 25.6 36.2 24.2 -999.99 25 2.5 11.2 384.02
ntarla 2007 7 21 202 26.6 29.2 13.5 -999.99 5.5 2.9 7.5 384.02
ntarla 2007 7 22 203 23.6 34.7 25 -999.99 1.1 1.6 8.9 384.02
ntarla 2007 7 23 204 24.1 31.3 15.9 -999.99 10.2 0.7 7.5 384.02
ntarla 2007 7 24 205 25 32.5 23.7 -999.99 60.1 2.1 8.4 384.02
ntarla 2007 7 25 206 24.6 34.2 27.2 -999.99 2.5 2 9 384.02
ntarla 2007 7 26 207 22.1 28.7 11.6 -999.99 0 1.6 6.7 384.02
ntarla 2007 7 27 208 23.6 31.2 22.5 -999.99 0.9 2.4 6.4 384.02
ntarla 2007 7 28 209 24.6 30.7 15 -999.99 3.7 2.6 6.7 384.02
ntarla 2007 7 29 210 24.6 31.2 19 -999.99 0 1 8.4 384.02
ntarla 2007 7 30 211 22.6 31.7 23 -999.99 1.4 1.5 6.4 384.02
ntarla 2007 7 31 212 24.8 36.7 18.5 -999.99 0 2.7 12.7 384.02
ntarla 2007 8 1 213 22.3 25.1 9 -999.99 155.5 2.5 6.2 384.02
ntarla 2007 8 2 214 21.6 31.1 22.9 -999.99 0 1.7 7.2 384.02
ntarla 2007 8 3 215 24.5 30.1 9.5 -999.99 36.2 1 8.6 384.02
ntarla 2007 8 4 216 23.5 32.1 24.3 -999.99 0 2.2 8.2 384.02
ntarla 2007 8 5 217 26.8 27.1 8.9 -999.99 56.6 3.3 8.7 384.02
ntarla 2007 8 6 218 21.3 29.6 13.4 -999.99 0.3 2.7 6.7 384.02
ntarla 2007 8 7 219 22.3 31.3 19.7 -999.99 2.2 1.5 8 384.02
ntarla 2007 8 8 220 23.8 32.6 24.5 -999.99 4.4 0.8 8.6 384.02
ntarla 2007 8 9 221 24.7 32.6 15.4 -999.99 69.4 1.3 11.3 384.02
ntarla 2007 8 10 222 21.3 31.6 20.5 -999.99 0 1.2 7.4 384.02
ntarla 2007 8 11 223 25.3 29.1 12.5 -999.99 0.8 1.8 8.6 384.02
ntarla 2007 8 12 224 22.5 30.9 16.9 -999.99 0 1.4 6.7 384.02
ntarla 2007 8 13 225 23.3 33.1 16.9 -999.99 0 1.2 9.7 384.02
ntarla 2007 8 14 226 22.9 33.6 18.7 -999.99 22.2 1 10 384.02
ntarla 2007 8 15 227 21.9 30.9 22.1 -999.99 0 1.9 6.4 384.02
ntarla 2007 8 16 228 21.8 32.1 25.9 -999.99 0 2.7 7.5 384.02
ntarla 2007 8 17 229 24.5 33.4 20.6 -999.99 6.6 2.2 10.1 384.02
ntarla 2007 8 18 230 22.8 33.1 22.1 -999.99 0 0.9 8.3 384.02
ntarla 2007 8 19 231 23.8 33.1 25.6 -999.99 0 1.6 9.3 384.02
ntarla 2007 8 20 232 24.8 34.1 22.1 -999.99 25.2 1.3 11.3 384.02
ntarla 2007 8 21 233 21.8 30.6 13.4 -999.99 0 0.9 8.1 384.02
ntarla 2007 8 22 234 25.8 31.7 18.8 -999.99 16.4 1.4 11.5 384.02
ntarla 2007 8 23 235 24.5 32.6 18.8 -999.99 0 1.3 10.5 384.02
ntarla 2007 8 24 236 24.8 27.3 10.7 -999.99 15.3 1.3 8.3 384.02
ntarla 2007 8 25 237 22.9 31.1 17.4 -999.99 3.6 1.8 8.6 384.02
ntarla 2007 8 26 238 23.6 31.1 20.1 -999.99 0 2.5 9 384.02
ntarla 2007 8 27 239 24.3 27.9 8.8 -999.99 40.5 2.2 7.4 384.02
ntarla 2007 8 28 240 22.8 26.6 9.4 -999.99 31.9 2 7.2 384.02
ntarla 2007 8 29 241 22.3 30.6 21 -999.99 0 2 8.5 384.02
ntarla 2007 8 30 242 23.8 30.1 14.5 -999.99 0.9 1.7 9.7 384.02
ntarla 2007 8 31 243 24.8 31.1 19 -999.99 2.1 1.3 9.9 384.02
ntarla 2007 9 1 244 24.9 28.5 8.8 -999.99 0 1.6 8.7 384.02
ntarla 2007 9 2 245 23 30.5 20.9 -999.99 0 1.7 8.4 384.02
ntarla 2007 9 3 246 24.4 31.8 20.3 -999.99 0 1.9 9.7 384.02
ntarla 2007 9 4 247 24.9 32.5 20.4 -999.99 0 1.8 11.4 384.02
ntarla 2007 9 5 248 22.4 30 16.4 -999.99 0 1.7 6.9 384.02
ntarla 2007 9 6 249 22.4 30.5 19.3 -999.99 0 1.4 8 384.02
ntarla 2007 9 7 250 23 30 17.1 -999.99 0 2.5 8.1 384.02
ntarla 2007 9 8 251 23.9 31.2 22.3 -999.99 0 1.6 9.2 384.02
ntarla 2007 9 9 252 23 33 19.6 -999.99 0 0.8 9.4 384.02
ntarla 2007 9 10 253 22.9 31.6 19.7 -999.99 0 1.4 7.6 384.02
ntarla 2007 9 11 254 23.4 31.2 24 -999.99 0 1.9 9.1 384.02
ntarla 2007 9 12 255 23.4 38.5 25 -999.99 0 0.5 12.2 384.02
ntarla 2007 9 13 256 23.4 34.5 17.1 -999.99 0 1.3 10.9 384.02
ntarla 2007 9 14 257 21.9 34.5 22.4 -999.99 0 1.6 9 384.02
ntarla 2007 9 15 258 20.9 33.5 22.4 -999.99 0 1.4 8.3 384.02
ntarla 2007 9 16 259 20.4 33.5 23.1 -999.99 0 1 7.4 384.02
ntarla 2007 9 17 260 23.9 33.5 24 -999.99 0 2 9.1 384.02
ntarla 2007 9 18 261 24.4 34.2 20.9 -999.99 0 1.4 10.2 384.02
ntarla 2007 9 19 262 22 29.5 17.2 -999.99 0 1 7.1 384.02
ntarla 2007 9 20 263 23.9 33.5 22.9 -999.99 0 0.8 9.8 384.02
ntarla 2007 9 21 264 22.9 34.5 21.6 -999.99 0 1.1 8.4 384.02
ntarla 2007 9 22 265 24.9 34.5 22.2 -999.99 0 1.3 10.5 384.02
ntarla 2007 9 23 266 25 35 20.3 -999.99 0 1.3 11.9 384.02
ntarla 2007 9 24 267 23.9 34.5 22.3 -999.99 0 1.5 10 384.02
ntarla 2007 9 25 268 24.9 34.5 20.3 -999.99 0 1.3 10.9 384.02
ntarla 2007 9 26 269 22.9 34 22.1 -999.99 0 1 8.8 384.02
ntarla 2007 9 27 270 23 33.6 20.1 -999.99 0 0.8 8.7 384.02
ntarla 2007 9 28 271 25.9 34.5 20.5 -999.99 0 1.5 11 384.02
ntarla 2007 9 29 272 22.9 36 23.8 -999.99 0 1.3 11.3 384.02
ntarla 2007 9 30 273 22 35.2 23.7 -999.99 0 1.4 8.1 384.02
ntarla 2007 10 1 274 22.8 36.9 24.1 -999.99 0 1 10.6 384.02
ntarla 2007 10 2 275 23.8 36.6 23.6 -999.99 0 1.6 12.2 384.02
ntarla 2007 10 3 276 23.4 35.6 21.8 -999.99 0 2 8.1 384.02
ntarla 2007 10 4 277 23 35.1 19.2 -999.99 0 0.8 7.7 384.02
ntarla 2007 10 5 278 24.3 35.1 23.1 -999.99 0 1.4 10.1 384.02
ntarla 2007 10 6 279 23.8 36.6 23.9 -999.99 0 1.6 10.7 384.02
ntarla 2007 10 7 280 23.3 36.1 22.8 -999.99 0 1.7 9.3 384.02
ntarla 2007 10 8 281 22.3 37.1 22.2 -999.99 0 1.4 9.1 384.02
ntarla 2007 10 9 282 25 36.1 21.1 -999.99 0 1.5 11.3 384.02
ntarla 2007 10 10 283 21.3 34.1 17 -999.99 0 1.1 9.1 384.02
ntarla 2007 10 11 284 23.3 34.6 23.2 -999.99 0 1 6.5 384.02
ntarla 2007 10 12 285 25.4 35.7 23 -999.99 0 1.2 8.3 384.02
ntarla 2007 10 13 286 24 37.1 8.1 -999.99 0 1.4 9.6 384.02
ntarla 2007 10 14 287 23.8 35.6 11.9 -999.99 0 2.4 10.2 384.02
ntarla 2007 10 15 288 23.2 37.9 22.4 -999.99 0 1.2 11 384.02
ntarla 2007 10 16 289 23.3 37.6 21.6 -999.99 0 1.3 11.7 384.02
ntarla 2007 10 17 290 25.3 37.1 19.7 -999.99 0 1.4 13.1 384.02
ntarla 2007 10 18 291 24.8 37.1 17.3 -999.99 0 2.1 12.2 384.02
ntarla 2007 10 19 292 25.8 34.6 15.8 -999.99 0 2.1 11 384.02
ntarla 2007 10 20 293 24 35.9 17.9 -999.99 0 2 11.9 384.02
ntarla 2007 10 21 294 23.9 34.1 14.4 -999.99 0 1.1 9.3 384.02
ntarla 2007 10 22 295 23.8 36.1 21 -999.99 0 0.4 9.7 384.02
ntarla 2007 10 23 296 23 34.7 18.9 -999.99 0 1.6 7.4 384.02
ntarla 2007 10 24 297 23.3 36.9 21.3 -999.99 0 1.3 10.2 384.02
ntarla 2007 10 25 298 19.8 37.9 21.4 -999.99 0 1.3 5.5 384.02
ntarla 2007 10 26 299 18.3 36.7 20.7 -999.99 0 1 4.4 384.02
ntarla 2007 10 27 300 21.3 34.9 17.7 -999.99 0 2.1 7.5 384.02
ntarla 2007 10 28 301 25.2 34.6 11.3 -999.99 0 1.6 9 384.02
ntarla 2007 10 29 302 24.3 34.1 8.8 -999.99 0 1.6 9 384.02
ntarla 2007 10 30 303 23.3 37.1 21.9 -999.99 0 1.2 10.9 384.02
ntarla 2007 10 31 304 26.3 36.1 16.7 -999.99 0 1.3 11.8 384.02
ntarla 2007 11 1 305 24 36.9 21.8 -999.99 0 0.4 11 384.02
ntarla 2007 11 2 306 23.5 37.9 18.3 -999.99 0 0.5 9.4 384.02
ntarla 2007 11 3 307 19 38.6 19.5 -999.99 0 0.7 5.8 384.02
ntarla 2007 11 4 308 21 38.2 21.6 -999.99 0 1 6.7 384.02
ntarla 2007 11 5 309 18.6 37.4 20.8 -999.99 0 1.1 4.9 384.02
ntarla 2007 11 6 310 16 36.9 20.9 -999.99 0 3.1 2.6 384.02
ntarla 2007 11 7 311 16.5 35 18.9 -999.99 0 1.8 2.4 384.02
ntarla 2007 11 8 312 16.5 37 21 -999.99 0 0.7 2.5 384.02
ntarla 2007 11 9 313 15.5 36.4 20.8 -999.99 0 1.1 2.2 384.02
ntarla 2007 11 10 314 17 37.4 19.7 -999.99 0 1.1 3.6 384.02
ntarla 2007 11 11 315 20.5 37 19.7 -999.99 0 1.9 5.4 384.02
ntarla 2007 11 12 316 23.5 37 17.2 -999.99 0 2.7 3.5 384.02
ntarla 2007 11 13 317 18 37 21.3 -999.99 0 3.4 2.3 384.02
ntarla 2007 11 14 318 16.5 37.4 21.5 -999.99 0 2 2 384.02
ntarla 2007 11 15 319 16 37.2 21.6 -999.99 0 0.4 1.7 384.02
ntarla 2007 11 16 320 18 37.4 18.9 -999.99 0 1.6 3.1 384.02
ntarla 2007 11 17 321 17.5 38.9 18.3 -999.99 0 1 4.4 384.02
ntarla 2007 11 18 322 20.6 38 15.5 -999.99 0 1.4 3.5 384.02
ntarla 2007 11 19 323 17.5 39.4 20.6 -999.99 0 3.8 1.8 384.02
ntarla 2007 11 20 324 16 38.9 21.1 -999.99 0 3.4 1.3 384.02
ntarla 2007 11 21 325 14 38.4 21.3 -999.99 0 3.2 1.4 384.02
ntarla 2007 11 22 326 14.2 37.9 17.7 -999.99 0 1.9 2.2 384.02
ntarla 2007 11 23 327 16 38.6 17.8 -999.99 0 1.3 5.7 384.02
ntarla 2007 11 24 328 19 37.9 14.9 -999.99 0 1.9 6.7 384.02
ntarla 2007 11 25 329 20.6 37.4 15.6 -999.99 0 2.2 7.9 384.02
ntarla 2007 11 26 330 18 36.9 18.8 -999.99 0 1.4 6.3 384.02
ntarla 2007 11 27 331 16.5 34.4 14.3 -999.99 0 0.8 3.7 384.02
ntarla 2007 11 28 332 16.5 33.2 19.7 -999.99 0 2 1.9 384.02
ntarla 2007 11 29 333 16.5 34.4 17.3 -999.99 0 2 1.5 384.02
ntarla 2007 11 30 334 17.5 36.2 17.9 -999.99 0 1.4 1.6 384.02
ntarla 2007 12 1 335 24.8 36.3 12.4 -999.99 0 2.7 2.5 384.02
ntarla 2007 12 2 336 22.3 35.3 17.5 -999.99 0 3.7 2.7 384.02
ntarla 2007 12 3 337 24.3 36.3 16.8 -999.99 0 3.5 3.4 384.02
ntarla 2007 12 4 338 24.3 32.8 19.4 -999.99 0 3.4 2.1 384.02
ntarla 2007 12 5 339 24.3 33.8 20.3 -999.99 0 3.3 1.9 384.02
ntarla 2007 12 6 340 22.4 35.7 20 -999.99 0 3 1.6 384.02
ntarla 2007 12 7 341 24.3 35.3 20.5 -999.99 0 2.9 1.6 384.02
ntarla 2007 12 8 342 24.4 35.3 20.7 -999.99 0 3 2.3 384.02
ntarla 2007 12 9 343 22.8 36.3 20.6 -999.99 0 1.5 1.7 384.02
ntarla 2007 12 10 344 21.3 36.8 18.6 -999.99 0 1.7 3.4 384.02
ntarla 2007 12 11 345 23.3 35.3 20.3 -999.99 0 4.2 1.7 384.02
ntarla 2007 12 12 346 23.8 36.8 21 -999.99 0 4.2 1.2 384.02
ntarla 2007 12 13 347 21.8 35.8 20.8 -999.99 0 3 0.6 384.02
ntarla 2007 12 14 348 22.8 36.3 20.8 -999.99 0 2.5 1 384.02
ntarla 2007 12 15 349 24.8 37.1 20.9 -999.99 0 2.4 1.3 384.02
ntarla 2007 12 16 350 24.8 37.3 20.5 -999.99 0 3.5 1.3 384.02
ntarla 2007 12 17 351 22.8 37.5 20.5 -999.99 0 3.4 1.2 384.02
ntarla 2007 12 18 352 23.3 37.5 20.1 -999.99 0 3.5 1 384.02
ntarla 2007 12 19 353 22.3 36.9 20.5 -999.99 0 3.5 1.2 384.02
ntarla 2007 12 20 354 22.8 38.3 20.5 -999.99 0 2.9 3 384.02
ntarla 2007 12 21 355 22.8 38.3 20.5 -999.99 0 2.6 2.3 384.02
ntarla 2007 12 22 356 25.8 37.9 19.7 -999.99 0 3.5 1.4 384.02
ntarla 2007 12 23 357 24.4 36.9 18.4 -999.99 0 2.8 1.6 384.02
ntarla 2007 12 24 358 23.8 36.1 19.3 -999.99 0 2.1 1.3 384.02
ntarla 2007 12 25 359 22.3 38 20 -999.99 0 3 1 384.02
ntarla 2007 12 26 360 18.8 38.3 20.6 -999.99 0 3.5 0.7 384.02
ntarla 2007 12 27 361 17.3 38.3 20.6 -999.99 0 3.1 0.6 384.02
ntarla 2007 12 28 362 17.2 38.3 20.6 -999.99 0 2.6 0.7 384.02
ntarla 2007 12 29 363 19 37.9 20.5 -999.99 0 3.3 0.8 384.02
ntarla 2007 12 30 364 19.8 38.8 19 -999.99 0 3.6 1.4 384.02
ntarla 2007 12 31 365 15.3 39.1 17 -999.99 0 3.3 1.1 384.02
