ntarla 1996 1 2 2 15.1 36.9 21.2 -999.99 0 3.5 0.4 362.74
ntarla 1996 1 3 3 16.5 37 21.7 -999.99 0 3.6 0.6 362.74
ntarla 1996 1 4 4 16.3 37 21 -999.99 0 3.3 0.7 362.74
ntarla 1996 1 5 5 16.5 37.5 21.4 -999.99 0 2.6 0.6 362.74
ntarla 1996 1 6 6 16.5 37.7 21 -999.99 0 2.9 0.7 362.74
ntarla 1996 1 7 7 16.7 36.9 21.2 -999.99 0 3.5 0.6 362.74
ntarla 1996 1 8 8 16.7 35.5 20 -999.99 0 3.7 0.3 362.74
ntarla 1996 1 9 9 15.1 35.9 21.4 -999.99 0 3.7 0.4 362.74
ntarla 1996 1 10 10 14.5 35.9 22.2 -999.99 0 3.4 0.3 362.74
ntarla 1996 1 11 11 16.7 35 22.1 -999.99 0 3.4 0.5 362.74
ntarla 1996 1 12 12 16.6 34.5 21.2 -999.99 0 3.2 0.7 362.74
ntarla 1996 1 13 13 14.5 34.3 22.1 -999.99 0 3.1 0.4 362.74
ntarla 1996 1 14 14 15.5 35.5 22.1 -999.99 0 3 0.6 362.74
ntarla 1996 1 15 15 15.1 35.5 20.1 -999.99 0 2.2 0.5 362.74
ntarla 1996 1 16 16 19.6 35 17.1 -999.99 0 1.7 2.4 362.74
ntarla 1996 1 17 17 22.9 34.3 18.2 -999.99 0 1.1 5.4 362.74
ntarla 1996 1 18 18 23.9 31.9 14.4 -999.99 0 2.7 2.2 362.74
ntarla 1996 1 19 19 23.1 33.5 17.8 -999.99 0 3.4 1.3 362.74
ntarla 1996 1 20 20 24.3 33.5 18.6 -999.99 0 3 1.6 362.74
ntarla 1996 1 21 21 20.9 35.7 21.8 -999.99 0 3.3 1.3 362.74
ntarla 1996 1 22 22 20.5 36.7 21.3 -999.99 0 3.3 1.3 362.74
ntarla 1996 1 23 23 20.5 37.3 22.1 -999.99 0 3.5 1.2 362.74
ntarla 1996 1 24 24 21.2 37.5 21.9 -999.99 0 3 1.5 362.74
ntarla 1996 1 25 25 22.2 38.7 22.1 -999.99 0 3.3 1.6 362.74
ntarla 1996 1 26 26 21.6 36.9 22.3 -999.99 0 3.3 1.5 362.74
ntarla 1996 1 27 27 21.5 37.9 22.1 -999.99 0 3.1 1.6 362.74
ntarla 1996 1 28 28 21.7 39.7 21.6 -999.99 0 3.3 1.2 362.74
ntarla 1996 1 29 29 22.2 39.5 22.5 -999.99 0 4.2 1.5 362.74
ntarla 1996 1 30 30 21.5 39.3 22.8 -999.99 0 4.2 1.2 362.74
ntarla 1996 1 31 31 20 38.2 23.4 -999.99 0 4.8 1.3 362.74
ntarla 1996 2 1 32 17.5 39.7 22.9 -999.99 0 4.4 1.5 362.74
ntarla 1996 2 2 33 17.5 39.3 22.8 -999.99 0 3.8 1.2 362.74
ntarla 1996 2 3 34 17.3 37.7 22.7 -999.99 0 2.6 0.7 362.74
ntarla 1996 2 4 35 14.4 41.7 22.8 -999.99 0 2.5 0.6 362.74
ntarla 1996 2 5 36 11.9 42.2 22.3 -999.99 0 1.8 2.6 362.74
ntarla 1996 2 6 37 16.8 41.7 22.6 -999.99 0 4.3 0.9 362.74
ntarla 1996 2 7 38 15.9 39.7 22.4 -999.99 0 3.1 0.7 362.74
ntarla 1996 2 8 39 14.3 40.2 22.7 -999.99 0 2.8 0.5 362.74
ntarla 1996 2 9 40 14.4 39.7 23.1 -999.99 0 2.8 0.4 362.74
ntarla 1996 2 10 41 14.9 41.7 23 -999.99 0 2.3 0.5 362.74
ntarla 1996 2 11 42 16.4 42.2 22.5 -999.99 0 1 0.9 362.74
ntarla 1996 2 12 43 17.4 40.5 22.2 -999.99 0 2.8 0.4 362.74
ntarla 1996 2 13 44 18.9 39.7 20.7 -999.99 0 3.9 0.4 362.74
ntarla 1996 2 14 45 19.1 38.7 19.8 -999.99 0 2.4 0.9 362.74
ntarla 1996 2 15 46 21.9 38.7 15 -999.99 0 1.5 0.7 362.74
ntarla 1996 2 16 47 24.4 40.5 21.3 -999.99 0 2.6 1.7 362.74
ntarla 1996 2 17 48 18.4 41.7 22 -999.99 0 4.1 0.3 362.74
ntarla 1996 2 18 49 19.3 42 22.5 -999.99 0 4.4 0.4 362.74
ntarla 1996 2 19 50 17.1 39.9 20.5 -999.99 0 5 0.4 362.74
ntarla 1996 2 20 51 15.9 39.8 21.4 -999.99 0 4.2 0.4 362.74
ntarla 1996 2 21 52 15.9 40.7 23.2 -999.99 0 4 0.4 362.74
ntarla 1996 2 22 53 11.4 40.7 21.7 -999.99 0 3.8 0.4 362.74
ntarla 1996 2 23 54 15.4 41.7 23.6 -999.99 0 4.6 0.5 362.74
ntarla 1996 2 24 55 16.9 42.7 24.1 -999.99 0 3.3 0.8 362.74
ntarla 1996 2 25 56 17.9 43.7 24 -999.99 0 2.6 1.6 362.74
ntarla 1996 2 26 57 22 43.7 23.4 -999.99 0 1.5 4 362.74
ntarla 1996 2 27 58 20.9 39.9 23.7 -999.99 0 4.3 1.3 362.74
ntarla 1996 2 28 59 17.4 39.3 24.1 -999.99 0 3.4 0.8 362.74
ntarla 1996 2 29 60 18.9 38.5 22.9 -999.99 0 4 0.8 362.74
ntarla 1996 3 1 61 18.6 39.8 17.7 -999.99 0 3.5 0.7 362.74
ntarla 1996 3 2 62 17.1 41.9 23.9 -999.99 0 3.4 0.5 362.74
ntarla 1996 3 3 63 19.1 42.9 21.4 -999.99 0 1.7 0.5 362.74
ntarla 1996 3 4 64 21 43.6 19.7 -999.99 0 1.2 3.8 362.74
ntarla 1996 3 5 65 23.6 43.8 21.5 -999.99 0 1.9 3.5 362.74
ntarla 1996 3 6 66 29.1 38 12.1 -999.99 0 1.9 4.8 362.74
ntarla 1996 3 7 67 24.6 40.8 9.4 -999.99 0 1.4 2.9 362.74
ntarla 1996 3 8 68 29.1 42 8.8 -999.99 0 1.2 2.4 362.74
ntarla 1996 3 9 69 30.1 39.6 11.4 -999.99 0 2 3.1 362.74
ntarla 1996 3 10 70 27.1 39.2 22.3 -999.99 0 4.9 3 362.74
ntarla 1996 3 11 71 24.1 41.8 19.5 -999.99 0 1.6 2.7 362.74
ntarla 1996 3 12 72 27.1 39.2 18.5 -999.99 0 2 3.4 362.74
ntarla 1996 3 13 73 24.3 37.9 21.2 -999.99 0 3.8 2 362.74
ntarla 1996 3 14 74 23.6 39.8 21.3 -999.99 0 3.2 1.5 362.74
ntarla 1996 3 15 75 22.6 38.7 20.9 -999.99 0 3.6 1.1 362.74
ntarla 1996 3 16 76 19.1 41.8 20.7 -999.99 0 2.6 1.3 362.74
ntarla 1996 3 17 77 20.1 42.8 22 -999.99 0 2.9 1.2 362.74
ntarla 1996 3 18 78 19.1 43.4 21.7 -999.99 0 3.4 0.9 362.74
ntarla 1996 3 19 79 18.6 43.8 22.4 -999.99 0 2.8 0.9 362.74
ntarla 1996 3 20 80 19.1 43.2 22.2 -999.99 0 2.6 0.9 362.74
ntarla 1996 3 21 81 18.1 44 22.1 -999.99 0 3.2 0.7 362.74
ntarla 1996 3 22 82 17.1 44.4 18.1 -999.99 0 4.4 0.5 362.74
ntarla 1996 3 23 83 21.1 43.8 20.2 -999.99 0 2.5 1.7 362.74
ntarla 1996 3 24 84 21.6 45 21.4 -999.99 0 1.8 2.6 362.74
ntarla 1996 3 25 85 31.1 43.2 20.7 -999.99 0 3.2 9.4 362.74
ntarla 1996 3 26 86 28.1 43.8 21.6 -999.99 0 1.7 5.3 362.74
ntarla 1996 3 27 87 24.1 43.6 21.3 -999.99 0 1.6 3.7 362.74
ntarla 1996 3 28 88 24 43.9 19.2 -999.99 0 3.1 0.7 362.74
ntarla 1996 3 29 89 24.6 44.8 18.1 -999.99 0 3.7 1.1 362.74
ntarla 1996 3 30 90 21.1 45 20.6 -999.99 0 3.2 0.5 362.74
ntarla 1996 3 31 91 17.1 44.6 21.7 -999.99 0 2.8 1.1 362.74
ntarla 1996 4 1 92 19.3 43.5 22 -999.99 0 0.5 2.1 362.74
ntarla 1996 4 2 93 20.9 45.5 21.5 -999.99 0 1.7 2.5 362.74
ntarla 1996 4 3 94 22.8 41.7 18 -999.99 0 1.7 1.9 362.74
ntarla 1996 4 4 95 26.3 44.5 20.9 -999.99 0 1.2 4.1 362.74
ntarla 1996 4 5 96 28.3 38.5 16.3 -999.99 0 1.1 7.2 362.74
ntarla 1996 4 6 97 27.8 44.9 18.8 -999.99 0 1.6 3 362.74
ntarla 1996 4 7 98 25.3 42.3 12.7 -999.99 0 1.9 1 362.74
ntarla 1996 4 8 99 21.3 45.3 22.2 -999.99 0 1.7 0.7 362.74
ntarla 1996 4 9 100 20.8 43.5 21.6 -999.99 0 1 2.9 362.74
ntarla 1996 4 10 101 20.8 41.5 21.6 -999.99 0 3.7 0.9 362.74
ntarla 1996 4 11 102 18.8 41.3 21.9 -999.99 0 3.4 0.6 362.74
ntarla 1996 4 12 103 18.8 43.5 20.8 -999.99 0 1.3 0.5 362.74
ntarla 1996 4 13 104 25.8 40.3 20.5 -999.99 0 3 4.3 362.74
ntarla 1996 4 14 105 32.3 39.7 13.4 -999.99 1.1 3.3 12.7 362.74
ntarla 1996 4 15 106 28.8 38.3 22.1 -999.99 1.1 2.5 10.2 362.74
ntarla 1996 4 16 107 27.3 41.7 21.3 -999.99 0 0.5 6.7 362.74
ntarla 1996 4 17 108 24.3 43.5 21 -999.99 0 2.5 8.3 362.74
ntarla 1996 4 18 109 26.8 42.5 17.9 -999.99 0 3.1 6.6 362.74
ntarla 1996 4 19 110 28.3 42.6 20.4 -999.99 1.7 3 8.4 362.74
ntarla 1996 4 20 111 30.3 42.1 20 -999.99 0 2.5 5.5 362.74
ntarla 1996 4 21 112 30.8 42.5 18 -999.99 1.6 2 9.5 362.74
ntarla 1996 4 22 113 24.8 36.5 11.4 -999.99 0 2.4 7 362.74
ntarla 1996 4 23 114 27.8 41.7 21.1 -999.99 0 2.1 9.7 362.74
ntarla 1996 4 24 115 28.8 40.7 15.1 -999.99 22.3 1.6 6.1 362.74
ntarla 1996 4 25 116 28.7 41.5 21.4 -999.99 0 1 4.6 362.74
ntarla 1996 4 26 117 27.8 43.5 20.9 -999.99 0 2.5 10.4 362.74
ntarla 1996 4 27 118 29.3 43.5 20.6 -999.99 0 1.8 7.3 362.74
ntarla 1996 4 28 119 29.8 38.5 12.8 -999.99 0 1.9 5.2 362.74
ntarla 1996 4 29 120 28.3 43.5 23.2 -999.99 0 1.5 7.2 362.74
ntarla 1996 4 30 121 23.5 44.5 21.2 -999.99 0 0.5 2 362.74
ntarla 1996 5 1 122 26.5 45.2 24.4 -999.99 0 1.4 3.1 362.74
ntarla 1996 5 2 123 22 45.6 24.3 -999.99 0 2.6 1 362.74
ntarla 1996 5 3 124 22 44.4 24.9 -999.99 0 2.2 0.9 362.74
ntarla 1996 5 4 125 22 44.6 25.4 -999.99 0 2.3 0.9 362.74
ntarla 1996 5 5 126 21 44.8 24.3 -999.99 0 3.4 0.7 362.74
ntarla 1996 5 6 127 25 45.2 17.3 -999.99 0 2.2 1.1 362.74
ntarla 1996 5 7 128 25.5 44.6 23.5 -999.99 0 3.1 8.1 362.74
ntarla 1996 5 8 129 31.5 40.6 16.5 -999.99 0 2.8 12.5 362.74
ntarla 1996 5 9 130 29 40.6 18.9 -999.99 0 3.1 11.2 362.74
ntarla 1996 5 10 131 30 44.6 20 -999.99 0 2.8 15.5 362.74
ntarla 1996 5 11 132 28 41.6 22.1 -999.99 0 2 7 362.74
ntarla 1996 5 12 133 28.2 44.6 22.7 -999.99 1.6 2.6 7.3 362.74
ntarla 1996 5 13 134 26 44.4 20.5 -999.99 0 1.6 9.7 362.74
ntarla 1996 5 14 135 27 42.6 20.1 -999.99 0 3.1 8.1 362.74
ntarla 1996 5 15 136 28 43.2 23.5 -999.99 0 2.6 10.7 362.74
ntarla 1996 5 16 137 30 43.6 20.5 -999.99 0 2.9 14.3 362.74
ntarla 1996 5 17 138 30.5 45 19.9 -999.99 0 2.2 12.4 362.74
ntarla 1996 5 18 139 32 44.6 21.7 -999.99 4 3.2 11.9 362.74
ntarla 1996 5 19 140 27 42.8 23.9 -999.99 0.4 2.1 8.8 362.74
ntarla 1996 5 20 141 27.5 38.8 21.6 -999.99 0 3.2 4.4 362.74
ntarla 1996 5 21 142 29 41.8 25.8 -999.99 0 4.1 8.4 362.74
ntarla 1996 5 22 143 30 43.6 25.8 -999.99 0 2.8 11.2 362.74
ntarla 1996 5 23 144 29 43.4 21.9 -999.99 7.8 3 7.5 362.74
ntarla 1996 5 24 145 24.5 40 17.7 -999.99 13.8 2.4 6.1 362.74
ntarla 1996 5 25 146 23.5 39 24.3 -999.99 4 2.8 4.5 362.74
ntarla 1996 5 26 147 25 34.8 15.7 -999.99 10.6 1.4 3.7 362.74
ntarla 1996 5 27 148 26 35.6 16.4 -999.99 8.5 1.1 6.9 362.74
ntarla 1996 5 28 149 25.5 33.6 12.4 -999.99 2.6 1.9 5.9 362.74
ntarla 1996 5 29 150 25 35.6 16.9 -999.99 0 2.6 5.4 362.74
ntarla 1996 5 30 151 26 36.8 20.9 -999.99 0 3.4 6.8 362.74
ntarla 1996 5 31 152 26.2 40.6 21.9 -999.99 0 2.4 5 362.74
ntarla 1996 6 1 153 27.7 39.8 20.6 -999.99 0 3.3 4.7 362.74
ntarla 1996 6 2 154 28.2 38.8 25.1 -999.99 0 3.3 9 362.74
ntarla 1996 6 3 155 28.2 40.2 17.9 -999.99 0 2.2 11.6 362.74
ntarla 1996 6 4 156 27.9 40.8 25.3 -999.99 0 3 11.7 362.74
ntarla 1996 6 5 157 28.2 39.2 15.4 -999.99 1 2.9 11.4 362.74
ntarla 1996 6 6 158 26.2 38.2 27.1 -999.99 0 3 7.3 362.74
ntarla 1996 6 7 159 26.2 39 23.7 -999.99 23.8 2.7 7.4 362.74
ntarla 1996 6 8 160 23.2 35.8 21.1 -999.99 0 2.3 6.4 362.74
ntarla 1996 6 9 161 25.7 40 24.5 -999.99 0 2 5.8 362.74
ntarla 1996 6 10 162 26.2 35.9 9.4 -999.99 0 2.9 7.3 362.74
ntarla 1996 6 11 163 27.2 37.8 26.2 -999.99 0 2.5 9.5 362.74
ntarla 1996 6 12 164 26.3 36.8 21.3 -999.99 0 0.9 8 362.74
ntarla 1996 6 13 165 26 39.2 25.1 -999.99 1 1.8 8.3 362.74
ntarla 1996 6 14 166 27 39.8 24.2 -999.99 1.9 1.8 7.7 362.74
ntarla 1996 6 15 167 26.3 38.9 22.3 -999.99 0 1.8 10.1 362.74
ntarla 1996 6 16 168 27.7 41.8 23.9 -999.99 0 2.4 10.9 362.74
ntarla 1996 6 17 169 28.7 40.8 22.9 -999.99 0 1.8 10.6 362.74
ntarla 1996 6 18 170 28.2 40.9 20.8 -999.99 9.9 1.5 11.7 362.74
ntarla 1996 6 19 171 23.7 39.8 24.8 -999.99 0 1.9 5 362.74
ntarla 1996 6 20 172 25.8 42.4 25.5 -999.99 0 2.4 7.8 362.74
ntarla 1996 6 21 173 28.7 42.9 21.8 -999.99 0 2.7 14.8 362.74
ntarla 1996 6 22 174 27.2 35.8 14.7 -999.99 0 2.7 6 362.74
ntarla 1996 6 23 175 26.7 41.8 22 -999.99 9 2 11.1 362.74
ntarla 1996 6 24 176 22.7 38 24 -999.99 0 2.2 6.8 362.74
ntarla 1996 6 25 177 28.2 40.2 20.3 -999.99 36.3 2.3 13.9 362.74
ntarla 1996 6 26 178 23.2 36.8 23.6 -999.99 0 2.1 5.5 362.74
ntarla 1996 6 27 179 27.2 37 16.8 -999.99 0 2.7 8.7 362.74
ntarla 1996 6 28 180 26.1 36.8 26.1 -999.99 0 2.7 6.4 362.74
ntarla 1996 6 29 181 26.7 38 25.8 -999.99 4.6 2.3 8.7 362.74
ntarla 1996 6 30 182 23.7 37.8 15.3 -999.99 0 2.6 10.3 362.74
ntarla 1996 7 1 183 24.1 35.9 20.8 -999.99 25.9 2.2 5.6 362.74
ntarla 1996 7 2 184 21.7 33.1 17.7 -999.99 0 1.2 5.2 362.74
ntarla 1996 7 3 185 25.1 33.3 18.8 -999.99 0.2 2 6.7 362.74
ntarla 1996 7 4 186 24.1 36.9 18.5 -999.99 0 2.5 8.2 362.74
ntarla 1996 7 5 187 27.6 37.9 21.2 -999.99 2.3 2.7 9.4 362.74
ntarla 1996 7 6 188 18.6 30.9 10.3 -999.99 0 1.8 4.5 362.74
ntarla 1996 7 7 189 23.7 36.7 25.3 -999.99 9.2 1.9 8.2 362.74
ntarla 1996 7 8 190 24.1 35.5 21 -999.99 0 2.1 4.7 362.74
ntarla 1996 7 9 191 25.1 38.7 25.6 -999.99 0 1.2 5.7 362.74
ntarla 1996 7 10 192 24.6 31.9 9.6 -999.99 0 3.1 6.7 362.74
ntarla 1996 7 11 193 24.6 36.7 23.1 -999.99 0 2.9 6.3 362.74
ntarla 1996 7 12 194 26.1 36.7 19.1 -999.99 0 1.8 10 362.74
ntarla 1996 7 13 195 26 32.3 21.1 -999.99 16.6 1.7 5 362.74
ntarla 1996 7 14 196 24.2 35.8 23.6 -999.99 0 2.3 7.4 362.74
ntarla 1996 7 15 197 23.7 35.7 18.6 -999.99 0 2.3 8.2 362.74
ntarla 1996 7 16 198 25.1 37.1 26.3 -999.99 0 2.1 6.7 362.74
ntarla 1996 7 17 199 25.6 38.7 22.9 -999.99 0.4 1.7 8.6 362.74
ntarla 1996 7 18 200 25.1 36.8 24.8 -999.99 0 2.3 5.6 362.74
ntarla 1996 7 19 201 27.1 38.7 21 -999.99 0 2.7 11.6 362.74
ntarla 1996 7 20 202 25.6 37.9 21.1 -999.99 15.7 2.9 10 362.74
ntarla 1996 7 21 203 21.1 35.7 20.1 -999.99 0 2.3 6.6 362.74
ntarla 1996 7 22 204 24.8 36.7 21.9 -999.99 0 2.3 8 362.74
ntarla 1996 7 23 205 26.3 36.7 18.5 -999.99 0 1.6 11.1 362.74
ntarla 1996 7 24 206 25.6 37.7 21.9 -999.99 3.1 1.2 6.5 362.74
ntarla 1996 7 25 207 23.6 34.9 24.8 -999.99 0 1.8 4.3 362.74
ntarla 1996 7 26 208 26.1 34.8 15.5 -999.99 37 2.4 8.3 362.74
ntarla 1996 7 27 209 22.1 32.9 16.3 -999.99 1.7 1.4 6.3 362.74
ntarla 1996 7 28 210 24.6 34.7 16.9 -999.99 0 1.3 8 362.74
ntarla 1996 7 29 211 26.1 33.8 18.2 -999.99 2.8 1.6 11.2 362.74
ntarla 1996 7 30 212 24.1 33.9 21.1 -999.99 0 1.7 6.6 362.74
ntarla 1996 7 31 213 24.6 34.7 20.7 -999.99 0 1.9 8 362.74
ntarla 1996 8 1 214 24.3 32.7 11.3 -999.99 1.6 2.2 7.9 362.74
ntarla 1996 8 2 215 23.3 34.5 23.5 -999.99 0 1.9 7.4 362.74
ntarla 1996 8 3 216 25.3 33.2 13.4 -999.99 39.5 1.4 8.2 362.74
ntarla 1996 8 4 217 22.4 30.3 13.1 -999.99 2.7 1.3 6 362.74
ntarla 1996 8 5 218 23.8 32.1 16 -999.99 0 2.6 6.2 362.74
ntarla 1996 8 6 219 24.1 35.1 22.2 -999.99 2.4 2 7.2 362.74
ntarla 1996 8 7 220 21.5 30.3 11.7 -999.99 0.2 2.4 5.1 362.74
ntarla 1996 8 8 221 24.4 34.1 21.1 -999.99 0 2.4 6.8 362.74
ntarla 1996 8 9 222 25.5 35.5 24 -999.99 0 2.9 8.4 362.74
ntarla 1996 8 10 223 25.8 33.9 17.1 -999.99 24.1 2 9.6 362.74
ntarla 1996 8 11 224 21.9 31.1 14.6 -999.99 0 2 4.4 362.74
ntarla 1996 8 12 225 24.3 34.9 23.9 -999.99 1.6 1.9 5.5 362.74
ntarla 1996 8 13 226 23.3 31.7 14.2 -999.99 0 1.7 5.9 362.74
ntarla 1996 8 14 227 24.3 33.7 13.4 -999.99 65.7 0.8 10.3 362.74
ntarla 1996 8 15 228 22.3 32.5 19.7 -999.99 0 1.7 8.6 362.74
ntarla 1996 8 16 229 25.3 34.2 20.4 -999.99 28.5 1.9 11.3 362.74
ntarla 1996 8 17 230 20.3 26.2 20.4 -999.99 43.8 2.1 6 362.74
ntarla 1996 8 18 231 23.8 33.1 11.9 -999.99 0.9 2 7.6 362.74
ntarla 1996 8 19 232 24.4 32.1 13.6 -999.99 0.5 1.4 7.9 362.74
ntarla 1996 8 20 233 25.3 33.9 21.4 -999.99 0 2.3 11.6 362.74
ntarla 1996 8 21 234 25.4 33.1 11.6 -999.99 38.5 1.2 10.8 362.74
ntarla 1996 8 22 235 21.8 33.1 22 -999.99 2 2.4 7.7 362.74
ntarla 1996 8 23 236 22.8 32.3 16.5 -999.99 0.2 1.6 7.7 362.74
ntarla 1996 8 24 237 23.8 35.1 21.2 -999.99 16.4 1.6 7.6 362.74
ntarla 1996 8 25 238 22.3 34.2 15.9 -999.99 6.1 2.1 7.6 362.74
ntarla 1996 8 26 239 22.3 33.1 18.9 -999.99 0 2.5 7.8 362.74
ntarla 1996 8 27 240 24.3 34.1 17.5 -999.99 0 1.2 7.5 362.74
ntarla 1996 8 28 241 24.8 34.6 17.1 -999.99 0 0.5 8.9 362.74
ntarla 1996 8 29 242 23.8 35.1 21.8 -999.99 0 2.2 8.5 362.74
ntarla 1996 8 30 243 24.8 31.8 12.6 -999.99 17.5 1.2 8.5 362.74
ntarla 1996 8 31 244 23.3 33.1 16.9 -999.99 2.7 0.9 8 362.74
ntarla 1996 9 1 245 22.9 29.7 12.9 -999.99 26.3 1.4 5.5 362.74
ntarla 1996 9 2 246 24.4 33 12.3 -999.99 0 1.6 8.5 362.74
ntarla 1996 9 3 247 25.4 34.1 19.3 -999.99 33.8 0.8 8.5 362.74
ntarla 1996 9 4 248 22.9 34.2 20.4 -999.99 0.4 0.8 5.1 362.74
ntarla 1996 9 5 249 22.6 33.1 20.8 -999.99 31.3 0.4 6.1 362.74
ntarla 1996 9 6 250 21.4 26.5 20.8 -999.99 6.6 2.1 4.6 362.74
ntarla 1996 9 7 251 22.4 33 20.2 -999.99 0 1.2 8.2 362.74
ntarla 1996 9 8 252 24.4 34.4 19.7 -999.99 40 2.5 9.1 362.74
ntarla 1996 9 9 253 21.3 24.5 9.4 -999.99 25.4 3.2 5 362.74
ntarla 1996 9 10 254 21.4 33.3 21.5 -999.99 125.1 2.5 7.2 362.74
ntarla 1996 9 11 255 21.8 32.8 20.1 -999.99 0 1.8 7.2 362.74
ntarla 1996 9 12 256 24.4 33.5 13.2 -999.99 4.1 0.7 7.7 362.74
ntarla 1996 9 13 257 24.9 33.5 21.8 -999.99 0 1.5 9 362.74
ntarla 1996 9 14 258 23.9 34.5 21.3 -999.99 32.5 1.5 7 362.74
ntarla 1996 9 15 259 21.7 33 18.7 -999.99 0 1.3 7 362.74
ntarla 1996 9 16 260 25.4 34 17.3 -999.99 1.6 1 8.3 362.74
ntarla 1996 9 17 261 22.9 35 21.4 -999.99 0 0.8 8.3 362.74
ntarla 1996 9 18 262 24.4 34.5 21.2 -999.99 0 2 7.2 362.74
ntarla 1996 9 19 263 25.6 34.6 19.2 -999.99 3.9 1.6 10.7 362.74
ntarla 1996 9 20 264 23.4 33.5 16 -999.99 0 1 5.3 362.74
ntarla 1996 9 21 265 25.4 35.5 21.2 -999.99 18.8 1.3 8.7 362.74
ntarla 1996 9 22 266 21.9 33.5 15.9 -999.99 0 2.2 7.5 362.74
ntarla 1996 9 23 267 24.4 33.5 17.4 -999.99 0 2.2 8.5 362.74
ntarla 1996 9 24 268 24.9 35.7 18.6 -999.99 26.3 2 8 362.74
ntarla 1996 9 25 269 22.9 34.5 20.4 -999.99 1.3 1.6 7.5 362.74
ntarla 1996 9 26 270 23.9 33.5 15.9 -999.99 0 1.1 8.1 362.74
ntarla 1996 9 27 271 25.4 35 19.4 -999.99 0 1.6 8.9 362.74
ntarla 1996 9 28 272 23.9 36 21.5 -999.99 1.5 1.4 8.5 362.74
ntarla 1996 9 29 273 23.4 32 18.7 -999.99 20 0.8 7.6 362.74
ntarla 1996 9 30 274 21.2 32 11.6 -999.99 0 1.7 5.2 362.74
ntarla 1996 10 1 275 25.3 35.1 18.5 -999.99 4.4 1.6 9.8 362.74
ntarla 1996 10 2 276 23.3 33.4 12.6 -999.99 0 0.8 4.5 362.74
ntarla 1996 10 3 277 23.8 35.5 22.8 -999.99 0 2 4 362.74
ntarla 1996 10 4 278 25.3 35.6 22.3 -999.99 0 2.2 6.1 362.74
ntarla 1996 10 5 279 24.8 36.6 22.7 -999.99 0 2.5 7.4 362.74
ntarla 1996 10 6 280 22.8 36.4 22.8 -999.99 0 2.4 8.8 362.74
ntarla 1996 10 7 281 24.3 36.2 23.2 -999.99 9.4 2.1 7.2 362.74
ntarla 1996 10 8 282 21.8 35.1 19.7 -999.99 0 0.9 5.4 362.74
ntarla 1996 10 9 283 22.3 35.6 21.7 -999.99 0 1.8 5 362.74
ntarla 1996 10 10 284 24.3 36.2 22.9 -999.99 0 2.1 4.4 362.74
ntarla 1996 10 11 285 24.3 36.1 21 -999.99 0 2.2 5.6 362.74
ntarla 1996 10 12 286 23.8 36.5 21.4 -999.99 0 2 7.6 362.74
ntarla 1996 10 13 287 24.8 35.3 21.2 -999.99 0 1.7 6.7 362.74
ntarla 1996 10 14 288 24.3 32.6 19.7 -999.99 1.4 2.6 7.3 362.74
ntarla 1996 10 15 289 22.8 36.3 19.4 -999.99 0 1.5 6.5 362.74
ntarla 1996 10 16 290 24.3 37.2 19.9 -999.99 0 1.2 6.3 362.74
ntarla 1996 10 17 291 25.3 36.6 20 -999.99 0 1.9 8.9 362.74
ntarla 1996 10 18 292 22.3 36.8 21.4 -999.99 0 1.5 4.1 362.74
ntarla 1996 10 19 293 23.3 37.6 21.5 -999.99 0 0.9 7.7 362.74
ntarla 1996 10 20 294 21.8 36.6 18.4 -999.99 0 0.5 5 362.74
ntarla 1996 10 21 295 25.3 37.2 20.1 -999.99 0 1.7 6.9 362.74
ntarla 1996 10 22 296 22.8 37.3 20.2 -999.99 0 0.9 5 362.74
ntarla 1996 10 23 297 22.2 37.7 21.6 -999.99 0 1.7 3.5 362.74
ntarla 1996 10 24 298 22.3 38.1 22.2 -999.99 0 2 3.2 362.74
ntarla 1996 10 25 299 21.8 38.3 19.3 -999.99 0 1 4 362.74
ntarla 1996 10 26 300 20.8 39.6 22.7 -999.99 0 1.1 2.5 362.74
ntarla 1996 10 27 301 18.3 39.6 20.4 -999.99 0 1.1 2.4 362.74
ntarla 1996 10 28 302 18.8 37.8 18.7 -999.99 0 1.7 3 362.74
ntarla 1996 10 29 303 24.3 37.6 18.5 -999.99 4.3 1.4 6.6 362.74
ntarla 1996 10 30 304 23.3 37.2 21.5 -999.99 0 2.7 2.7 362.74
ntarla 1996 10 31 305 18.3 36.1 20 -999.99 0 3 0.9 362.74
ntarla 1996 11 1 306 21 35.9 17.8 -999.99 0 2.7 1 362.74
ntarla 1996 11 2 307 18.5 37 20.9 -999.99 0 3.4 1.1 362.74
ntarla 1996 11 3 308 14.5 37.4 22.8 -999.99 0 3.1 0.4 362.74
ntarla 1996 11 4 309 15.5 37.4 21.2 -999.99 0 2.5 0.4 362.74
ntarla 1996 11 5 310 20.5 36.6 19.6 -999.99 0 2.6 1.6 362.74
ntarla 1996 11 6 311 18 37.5 20.7 -999.99 0 2.9 1 362.74
ntarla 1996 11 7 312 18 37 21.1 -999.99 0 3.2 1 362.74
ntarla 1996 11 8 313 16.5 36.8 20.2 -999.99 0 3 0.9 362.74
ntarla 1996 11 9 314 16 37.7 20.7 -999.99 0 3 0.7 362.74
ntarla 1996 11 10 315 13 37 22.3 -999.99 0 2.8 0.5 362.74
ntarla 1996 11 11 316 15.5 36.4 19.6 -999.99 0 2.1 0.6 362.74
ntarla 1996 11 12 317 15.5 36.9 20.4 -999.99 0 1.8 0.9 362.74
ntarla 1996 11 13 318 16.5 37.6 20.5 -999.99 0 1 1.5 362.74
ntarla 1996 11 14 319 18.1 39.6 21 -999.99 0 1.5 1.3 362.74
ntarla 1996 11 15 320 18.5 39.4 20.8 -999.99 0 2.6 1 362.74
ntarla 1996 11 16 321 15.5 38.9 22 -999.99 0 3.2 0.6 362.74
ntarla 1996 11 17 322 14 38.1 20.4 -999.99 0 2.5 0.8 362.74
ntarla 1996 11 18 323 16 37.9 20.2 -999.99 0 2.4 2 362.74
ntarla 1996 11 19 324 15.5 38.1 20.5 -999.99 0 2.8 0.8 362.74
ntarla 1996 11 20 325 13.5 37.9 21.1 -999.99 0 3.2 0.4 362.74
ntarla 1996 11 21 326 13 38.9 21.5 -999.99 0 3.3 0.6 362.74
ntarla 1996 11 22 327 12 38.5 21.2 -999.99 0 3.4 0.3 362.74
ntarla 1996 11 23 328 12 39.9 22.1 -999.99 0 3.6 0.3 362.74
ntarla 1996 11 24 329 13.1 39.4 21.5 -999.99 0 3.3 0.6 362.74
ntarla 1996 11 25 330 14 39.5 21.6 -999.99 0 3.4 0.6 362.74
ntarla 1996 11 26 331 13 38.9 21.3 -999.99 0 2.7 0.7 362.74
ntarla 1996 11 27 332 13.6 38.4 21.2 -999.99 0 2.8 0.8 362.74
ntarla 1996 11 28 333 14 38.4 20.9 -999.99 0 2.5 1.2 362.74
ntarla 1996 11 29 334 14 37.9 21.3 -999.99 0 3 0.6 362.74
ntarla 1996 11 30 335 13.5 37.9 20.9 -999.99 0 2.7 0.6 362.74
ntarla 1996 12 1 336 15.8 37.8 20.1 -999.99 0 2.4 0.8 362.74
ntarla 1996 12 2 337 19.3 35.8 16.1 -999.99 0 2.3 1 362.74
ntarla 1996 12 3 338 18.4 36.9 17.3 -999.99 0 2.6 0.7 362.74
ntarla 1996 12 4 339 15.3 34.9 14.1 -999.99 0 2.3 0.5 362.74
ntarla 1996 12 5 340 14.3 37.4 21.1 -999.99 0 2.6 1.3 362.74
ntarla 1996 12 6 341 15.8 37 20.1 -999.99 0 1.3 3.7 362.74
ntarla 1996 12 7 342 19.8 36.3 18 -999.99 0 3.7 0.9 362.74
ntarla 1996 12 8 343 14.8 35.3 21 -999.99 0 3.3 0.4 362.74
ntarla 1996 12 9 344 13.3 35.3 20.9 -999.99 0 3.7 0.8 362.74
ntarla 1996 12 10 345 12.8 35.3 20.6 -999.99 0 3.2 0.6 362.74
ntarla 1996 12 11 346 12.8 32.7 20.8 -999.99 0 3.4 0.5 362.74
ntarla 1996 12 12 347 13.3 38.1 20.2 -999.99 0 3.4 0.7 362.74
ntarla 1996 12 13 348 13.8 39.7 21.2 -999.99 0 3.8 0.7 362.74
ntarla 1996 12 14 349 13.4 39.8 21.2 -999.99 0 3.4 0.7 362.74
ntarla 1996 12 15 350 14 39.7 21.3 -999.99 0 3.1 0.7 362.74
ntarla 1996 12 16 351 12.8 38.8 21.3 -999.99 0 2.6 0.6 362.74
ntarla 1996 12 17 352 12.8 39.3 21.2 -999.99 0 3.3 0.7 362.74
ntarla 1996 12 18 353 11.8 37.8 21.6 -999.99 0 3.5 0.3 362.74
ntarla 1996 12 19 354 12.8 36.3 19.2 -999.99 0 3.3 0.3 362.74
ntarla 1996 12 20 355 14.3 37.9 21.3 -999.99 0 2.6 0.4 362.74
ntarla 1996 12 21 356 13.8 38.3 21.6 -999.99 0 1.7 0.4 362.74
ntarla 1996 12 22 357 11.8 38.4 21.2 -999.99 0 1.8 0.5 362.74
ntarla 1996 12 23 358 12.3 37.8 14.7 -999.99 0 2.9 0.5 362.74
ntarla 1996 12 24 359 14.3 38.4 20.8 -999.99 0 3.1 0.2 362.74
ntarla 1996 12 25 360 11.3 35.8 14.9 -999.99 0 3.1 0.4 362.74
ntarla 1996 12 26 361 14.3 37.3 19.5 -999.99 0 3.4 0.5 362.74
ntarla 1996 12 27 362 11.8 38.3 21.4 -999.99 0 3 0.4 362.74
ntarla 1996 12 28 363 15.8 38 19.3 -999.99 0 3.1 0.4 362.74
ntarla 1996 12 29 364 11.3 38.8 21.3 -999.99 0 2.4 0.4 362.74
ntarla 1996 12 30 365 12.3 38.3 20.9 -999.99 0 3.3 0.5 362.74
ntarla 1996 12 31 366 17.8 37.3 17.9 -999.99 0 2.9 0.5 362.74
