ntarla 1995 1 2 2 10.7 35.5 20.1 -999.99 0 3.1 0.6 360.97
ntarla 1995 1 3 3 9.7 36 20.5 -999.99 0 3.6 0.4 360.97
ntarla 1995 1 4 4 9.7 36.5 20.3 -999.99 0 3.4 0.3 360.97
ntarla 1995 1 5 5 10.7 36 20.5 -999.99 0 3.5 0.2 360.97
ntarla 1995 1 6 6 10.2 31.9 20.6 -999.99 0 4.2 0.3 360.97
ntarla 1995 1 7 7 7.7 31.1 20.8 -999.99 0 3.2 0.2 360.97
ntarla 1995 1 8 8 8.2 32 18.5 -999.99 0 3.2 0.1 360.97
ntarla 1995 1 9 9 9.2 32.6 20.7 -999.99 0 4.2 0.2 360.97
ntarla 1995 1 10 10 8.6 29.5 20.3 -999.99 0 4.3 0.3 360.97
ntarla 1995 1 11 11 7.7 29.1 20.5 -999.99 0 4.1 0.2 360.97
ntarla 1995 1 12 12 6.2 31.5 21 -999.99 0 3.1 0.2 360.97
ntarla 1995 1 13 13 7.2 33.1 20.9 -999.99 0 3.1 0.2 360.97
ntarla 1995 1 14 14 7.7 35 20.8 -999.99 0 3.5 0.2 360.97
ntarla 1995 1 15 15 7.7 35.5 21.1 -999.99 0 3.8 0.2 360.97
ntarla 1995 1 16 16 10.2 34 20.7 -999.99 0 3.7 0.3 360.97
ntarla 1995 1 17 17 9.7 33.5 21 -999.99 0 3.7 0.2 360.97
ntarla 1995 1 18 18 9.2 34.5 21.1 -999.99 0 4.3 0.2 360.97
ntarla 1995 1 19 19 8.2 34 20.2 -999.99 0 4.2 0.1 360.97
ntarla 1995 1 20 20 9.7 34 20.5 -999.99 0 4.3 0.2 360.97
ntarla 1995 1 21 21 9.7 34 20.9 -999.99 0 4.3 0.3 360.97
ntarla 1995 1 22 22 10.7 35 19.6 -999.99 0 4.1 0.4 360.97
ntarla 1995 1 23 23 11.2 36 20.9 -999.99 0 4.4 0.5 360.97
ntarla 1995 1 24 24 10.3 35.5 19.6 -999.99 0 4 0.4 360.97
ntarla 1995 1 25 25 10.2 34 18.8 -999.99 0 4.3 0.4 360.97
ntarla 1995 1 26 26 9.2 34 18.6 -999.99 0 3.5 0.3 360.97
ntarla 1995 1 27 27 10.2 34.5 19.6 -999.99 0 2.7 0.3 360.97
ntarla 1995 1 28 28 11.7 34.1 15.7 -999.99 0 3.1 0.4 360.97
ntarla 1995 1 29 29 14.7 34.5 16.6 -999.99 0 3.6 0.4 360.97
ntarla 1995 1 30 30 16.7 32.5 11.1 -999.99 0 3.8 0.3 360.97
ntarla 1995 1 31 31 13.9 35.5 17.8 -999.99 0 3.9 0.3 360.97
ntarla 1995 2 1 32 11.4 36.2 15.7 -999.99 0 3.6 0.3 360.97
ntarla 1995 2 2 33 15.9 34.7 13.4 -999.99 0 3.8 0.3 360.97
ntarla 1995 2 3 34 14.9 35.7 12 -999.99 0 3.6 0.3 360.97
ntarla 1995 2 4 35 17.9 33.4 9.3 -999.99 0 4 0.5 360.97
ntarla 1995 2 5 36 15.4 35.7 16 -999.99 0 3.6 0.3 360.97
ntarla 1995 2 6 37 12.6 35.7 16.6 -999.99 0 4 0.3 360.97
ntarla 1995 2 7 38 11.9 37.2 15.3 -999.99 0 3.5 0.4 360.97
ntarla 1995 2 8 39 14.4 34.7 20.9 -999.99 0 3.1 0.3 360.97
ntarla 1995 2 9 40 13.4 38.4 21.1 -999.99 0 2.6 0.3 360.97
ntarla 1995 2 10 41 13.9 37.7 21.3 -999.99 0 3.5 0.4 360.97
ntarla 1995 2 11 42 12.9 32 14.9 -999.99 0 3.8 0.5 360.97
ntarla 1995 2 12 43 12.9 32.7 13.5 -999.99 0 3.9 0.4 360.97
ntarla 1995 2 13 44 10.9 35 19.3 -999.99 0 3.8 0.4 360.97
ntarla 1995 2 14 45 11.9 35.7 19.5 -999.99 0 3.7 0.4 360.97
ntarla 1995 2 15 46 13.4 36.9 15.9 -999.99 0 4 0.3 360.97
ntarla 1995 2 16 47 12.9 38 17.4 -999.99 0 3.9 0.4 360.97
ntarla 1995 2 17 48 13.9 39.2 15.6 -999.99 0 3.6 0.3 360.97
ntarla 1995 2 18 49 14.4 39.7 17.5 -999.99 0 3.4 0.4 360.97
ntarla 1995 2 19 50 14.4 40.2 18.3 -999.99 0 3.5 0.5 360.97
ntarla 1995 2 20 51 13.4 39.9 19.3 -999.99 0 4 0.3 360.97
ntarla 1995 2 21 52 12.9 40.7 20.6 -999.99 0 4.7 0.3 360.97
ntarla 1995 2 22 53 12.4 39.2 22.2 -999.99 0 5 0.3 360.97
ntarla 1995 2 23 54 12.4 40.5 22.6 -999.99 0 4.2 0.3 360.97
ntarla 1995 2 24 55 13.4 40.3 22.7 -999.99 0 3.9 0.4 360.97
ntarla 1995 2 25 56 13.7 39.7 21.8 -999.99 0 3.4 0.5 360.97
ntarla 1995 2 26 57 12.9 39.7 22 -999.99 0 2.8 0.4 360.97
ntarla 1995 2 27 58 14.9 41.7 21.2 -999.99 0 1.9 0.5 360.97
ntarla 1995 2 28 59 19.7 37.7 8.6 -999.99 0 0.8 1 360.97
ntarla 1995 3 1 60 25.6 33.3 15.6 -999.99 0 1.7 3.5 360.97
ntarla 1995 3 2 61 22.1 39.6 20.1 -999.99 0 4.1 1.1 360.97
ntarla 1995 3 3 62 18.9 38.5 21.1 -999.99 0 4.7 0.6 360.97
ntarla 1995 3 4 63 19.6 35.8 23.5 -999.99 0 4.4 0.6 360.97
ntarla 1995 3 5 64 18.8 40.8 23.9 -999.99 0 4.4 1.1 360.97
ntarla 1995 3 6 65 17.6 41 22.9 -999.99 0 4.2 0.7 360.97
ntarla 1995 3 7 66 16.6 42.1 23.5 -999.99 0 3.5 0.6 360.97
ntarla 1995 3 8 67 17.4 42.3 23.3 -999.99 0 3.6 0.6 360.97
ntarla 1995 3 9 68 17.3 42.8 22.9 -999.99 0 2.9 0.5 360.97
ntarla 1995 3 10 69 22.4 43.3 19 -999.99 0 1.8 0.6 360.97
ntarla 1995 3 11 70 21.1 43.8 21.3 -999.99 0 1.1 0.8 360.97
ntarla 1995 3 12 71 21 41.9 21 -999.99 0 1 2.5 360.97
ntarla 1995 3 13 72 23.1 42.5 18.6 -999.99 0 1.2 2.4 360.97
ntarla 1995 3 14 73 27.1 42.3 20.2 -999.99 0 2.2 1.9 360.97
ntarla 1995 3 15 74 26.1 42.3 22 -999.99 0 3 2.1 360.97
ntarla 1995 3 16 75 26.1 43.8 19.6 -999.99 0 1.4 3.1 360.97
ntarla 1995 3 17 76 26.6 40.8 21.3 -999.99 0 3.6 2.7 360.97
ntarla 1995 3 18 77 23.1 42 21.4 -999.99 0 3.4 2 360.97
ntarla 1995 3 19 78 24.5 43.3 21.6 -999.99 0 1.2 3.8 360.97
ntarla 1995 3 20 79 22.6 44.4 21.1 -999.99 0 3.5 1.7 360.97
ntarla 1995 3 21 80 24.4 44.8 22.9 -999.99 0 2.9 1.4 360.97
ntarla 1995 3 22 81 26.1 42.8 16.6 -999.99 0 2.3 4.5 360.97
ntarla 1995 3 23 82 27.1 39.3 17.8 -999.99 9.7 1.3 4.2 360.97
ntarla 1995 3 24 83 24.6 41 23.6 -999.99 0 1.8 2.6 360.97
ntarla 1995 3 25 84 27.2 42.4 22.2 -999.99 0 1.3 7.2 360.97
ntarla 1995 3 26 85 27.1 40.8 17.4 -999.99 0 1.9 8.6 360.97
ntarla 1995 3 27 86 27.6 38 15.9 -999.99 0 1.4 7.5 360.97
ntarla 1995 3 28 87 24.5 36.8 20.9 -999.99 0 0.8 2.6 360.97
ntarla 1995 3 29 88 21.1 44.4 24 -999.99 0 2.8 1.1 360.97
ntarla 1995 3 30 89 24.1 43.8 20.3 -999.99 11.6 1.6 2.8 360.97
ntarla 1995 3 31 90 24.1 42.4 19.7 -999.99 0 2.9 3.7 360.97
ntarla 1995 4 1 91 29 39.1 9.5 -999.99 0 1.8 2.6 360.97
ntarla 1995 4 2 92 27.3 43 20.6 -999.99 0 2.1 2.3 360.97
ntarla 1995 4 3 93 29 42.6 16.4 -999.99 0 1.7 1.5 360.97
ntarla 1995 4 4 94 30.3 42.7 20.1 -999.99 0 4.6 6.7 360.97
ntarla 1995 4 5 95 28.8 40.7 17.8 -999.99 0 1.6 4.4 360.97
ntarla 1995 4 6 96 28.7 42.6 20.6 -999.99 0 1.7 4 360.97
ntarla 1995 4 7 97 27.8 42.6 20.5 -999.99 0 1.8 3.2 360.97
ntarla 1995 4 8 98 28.9 41.5 19.4 -999.99 0 0.9 5.2 360.97
ntarla 1995 4 9 99 28.6 41.5 13 -999.99 0 2.3 9.7 360.97
ntarla 1995 4 10 100 27.8 43 20.8 -999.99 2.2 0.6 6.8 360.97
ntarla 1995 4 11 101 26.3 35.7 20.5 -999.99 1.1 1.4 3.1 360.97
ntarla 1995 4 12 102 26.8 42.7 20.7 -999.99 0 3 1.9 360.97
ntarla 1995 4 13 103 24.8 44.7 21 -999.99 0 4 1.7 360.97
ntarla 1995 4 14 104 24.2 43 21.7 -999.99 0 2.5 3.4 360.97
ntarla 1995 4 15 105 30.1 42.5 22.1 -999.99 0 3.5 10.5 360.97
ntarla 1995 4 16 106 24.3 38.7 20.4 -999.99 5.1 2.2 5.7 360.97
ntarla 1995 4 17 107 27.8 35.2 17 -999.99 0 3.4 5.5 360.97
ntarla 1995 4 18 108 27.8 34.7 10.3 -999.99 0 1.2 3.4 360.97
ntarla 1995 4 19 109 27.3 43.2 22.4 -999.99 0 0.9 4.7 360.97
ntarla 1995 4 20 110 29.3 41.5 16.3 -999.99 0 1.6 3.3 360.97
ntarla 1995 4 21 111 29.3 41 21.6 -999.99 0 1.2 2.9 360.97
ntarla 1995 4 22 112 30.3 41.5 19.6 -999.99 0 1.7 6.6 360.97
ntarla 1995 4 23 113 28.1 41.2 16.9 -999.99 0 1.2 4.4 360.97
ntarla 1995 4 24 114 29.8 40.2 19.1 -999.99 0 2 9.1 360.97
ntarla 1995 4 25 115 30.3 41.6 21.4 -999.99 0 1.7 13.9 360.97
ntarla 1995 4 26 116 29.3 40.5 17.9 -999.99 2.1 0.8 11 360.97
ntarla 1995 4 27 117 27.3 32.5 11.9 -999.99 0 0.9 5.6 360.97
ntarla 1995 4 28 118 26.8 42 20.8 -999.99 0 2.4 6.4 360.97
ntarla 1995 4 29 119 28.9 44.5 24.1 -999.99 0 3.5 3.1 360.97
ntarla 1995 4 30 120 22.8 44.5 24 -999.99 0 2 4.9 360.97
ntarla 1995 5 1 121 27.5 44.2 23.8 -999.99 0 2.7 6.6 360.97
ntarla 1995 5 2 122 29 42.2 22.4 -999.99 2.7 3.4 4.9 360.97
ntarla 1995 5 3 123 28.5 40 17.8 -999.99 0 3 7.4 360.97
ntarla 1995 5 4 124 26.7 44.1 22.2 -999.99 0 1.6 4.5 360.97
ntarla 1995 5 5 125 27.6 38.6 13 -999.99 0 1.6 4.1 360.97
ntarla 1995 5 6 126 25.2 43.6 24.4 -999.99 0 1.1 2.9 360.97
ntarla 1995 5 7 127 26 42.1 23.1 -999.99 0 2.5 4.4 360.97
ntarla 1995 5 8 128 28.5 44.1 23.7 -999.99 0 1.7 6.6 360.97
ntarla 1995 5 9 129 27 43.1 21.1 -999.99 0 2.9 4.3 360.97
ntarla 1995 5 10 130 30 38.1 12.1 -999.99 5.3 3.4 5.1 360.97
ntarla 1995 5 11 131 25 28.6 10.8 -999.99 1.3 2.6 2.2 360.97
ntarla 1995 5 12 132 25.5 39.6 25.4 -999.99 0 1.6 4.6 360.97
ntarla 1995 5 13 133 27.5 39.2 13.7 -999.99 0 1.5 4 360.97
ntarla 1995 5 14 134 27.8 37.6 15.7 -999.99 0 2.9 4.4 360.97
ntarla 1995 5 15 135 26.5 43.2 25.1 -999.99 0 3.2 4.2 360.97
ntarla 1995 5 16 136 28.5 40.6 17.8 -999.99 0 1.4 4.1 360.97
ntarla 1995 5 17 137 28 42.1 17.2 -999.99 3.4 2.6 4 360.97
ntarla 1995 5 18 138 25.4 40.6 23.9 -999.99 39.3 1.9 6.4 360.97
ntarla 1995 5 19 139 22 38.1 17.7 -999.99 0 1.9 2.6 360.97
ntarla 1995 5 20 140 27.5 41.6 21.3 -999.99 3.4 2.2 4.1 360.97
ntarla 1995 5 21 141 26 41.6 22.5 -999.99 44.1 2 3.5 360.97
ntarla 1995 5 22 142 23 38.6 23.1 -999.99 0 1.5 2.5 360.97
ntarla 1995 5 23 143 28 38.3 21.1 -999.99 0 2.6 7.7 360.97
ntarla 1995 5 24 144 28.5 38.6 24.4 -999.99 21.4 2.9 11.9 360.97
ntarla 1995 5 25 145 29 33.6 16.3 -999.99 0 2.6 10.2 360.97
ntarla 1995 5 26 146 30 39.6 24.9 -999.99 0 1 6.2 360.97
ntarla 1995 5 27 147 27.5 35.6 22.3 -999.99 0 2.4 4.6 360.97
ntarla 1995 5 28 148 26 38.1 23.5 -999.99 0 2.3 7.2 360.97
ntarla 1995 5 29 149 26 37.6 25.7 -999.99 0 2.4 4.4 360.97
ntarla 1995 5 30 150 28 38.6 16 -999.99 0 3.2 7.6 360.97
ntarla 1995 5 31 151 27.5 39.1 17.9 -999.99 13.3 1.8 5.2 360.97
ntarla 1995 6 1 152 26.5 39.3 13 -999.99 0 2.7 5.7 360.97
ntarla 1995 6 2 153 26.7 39.8 19.9 -999.99 0 1.1 4.2 360.97
ntarla 1995 6 3 154 27.7 40.8 24 -999.99 0 2.2 6.6 360.97
ntarla 1995 6 4 155 26.7 36.8 20 -999.99 0 3.2 9.1 360.97
ntarla 1995 6 5 156 25.7 41.8 26.2 -999.99 14.2 2.7 5.2 360.97
ntarla 1995 6 6 157 23.2 36.8 23.8 -999.99 0 2 6.7 360.97
ntarla 1995 6 7 158 26.7 37.8 23.7 -999.99 5.8 1.9 6.8 360.97
ntarla 1995 6 8 159 24.2 36.4 20 -999.99 0 1.6 3.5 360.97
ntarla 1995 6 9 160 24.7 37.4 26.6 -999.99 0 2.4 5 360.97
ntarla 1995 6 10 161 26.7 39.3 21.3 -999.99 0 2.7 4.8 360.97
ntarla 1995 6 11 162 26.7 41.3 23.1 -999.99 0 1.7 4.4 360.97
ntarla 1995 6 12 163 29.2 39.3 22.7 -999.99 0 2.6 8.2 360.97
ntarla 1995 6 13 164 27.2 39.4 18.3 -999.99 6 2 12.3 360.97
ntarla 1995 6 14 165 29.2 37.3 23.2 -999.99 3.9 2.6 7.6 360.97
ntarla 1995 6 15 166 22.7 35.8 16.5 -999.99 0.6 2.8 5.6 360.97
ntarla 1995 6 16 167 24.2 38.8 22.1 -999.99 0 2.1 6.2 360.97
ntarla 1995 6 17 168 27.7 36.8 18.7 -999.99 0 2.8 4.2 360.97
ntarla 1995 6 18 169 22.2 38.3 23.6 -999.99 0 2 3.4 360.97
ntarla 1995 6 19 170 27.2 41.8 23.7 -999.99 0 2.2 4.6 360.97
ntarla 1995 6 20 171 29.7 39.8 21.8 -999.99 0 3.7 9.8 360.97
ntarla 1995 6 21 172 25.2 37.8 23.4 -999.99 0 3.6 4.6 360.97
ntarla 1995 6 22 173 26.7 38.8 23.7 -999.99 20.2 1.8 5.8 360.97
ntarla 1995 6 23 174 23.3 34.3 16.8 -999.99 0 1.5 3.2 360.97
ntarla 1995 6 24 175 24.7 36.8 23.3 -999.99 0 2.6 7.4 360.97
ntarla 1995 6 25 176 26.7 36.8 26.5 -999.99 0 3 8.3 360.97
ntarla 1995 6 26 177 24.5 35.8 20 -999.99 0 3 7.6 360.97
ntarla 1995 6 27 178 24.2 35.8 22.7 -999.99 0 2.6 6.5 360.97
ntarla 1995 6 28 179 25.2 39.3 21.4 -999.99 0 2.5 8 360.97
ntarla 1995 6 29 180 28.2 41.8 22.4 -999.99 0 2.7 10.6 360.97
ntarla 1995 6 30 181 28.7 39.3 22.7 -999.99 0 3.1 12.3 360.97
ntarla 1995 7 1 182 24.6 35.2 18.3 -999.99 0 1.5 4.4 360.97
ntarla 1995 7 2 183 24.6 36.2 18.5 -999.99 0 1.5 5.5 360.97
ntarla 1995 7 3 184 25.6 38.2 22.2 -999.99 0 3.4 9.4 360.97
ntarla 1995 7 4 185 29.6 40.2 19.5 -999.99 0 1.4 6 360.97
ntarla 1995 7 5 186 24.6 35.7 18.6 -999.99 0 3.2 6.5 360.97
ntarla 1995 7 6 187 23.6 38.7 24 -999.99 4.2 2.5 4.1 360.97
ntarla 1995 7 7 188 25.6 39.2 17.3 -999.99 0 3 8 360.97
ntarla 1995 7 8 189 27.6 37.7 21.5 -999.99 0 3.2 12.9 360.97
ntarla 1995 7 9 190 24.6 37.7 22.7 -999.99 0 2.2 9.3 360.97
ntarla 1995 7 10 191 24.1 29.7 9.3 -999.99 0 1.9 5.2 360.97
ntarla 1995 7 11 192 24.6 36.7 24.7 -999.99 0 1.6 6.3 360.97
ntarla 1995 7 12 193 25.6 38.2 18.2 -999.99 0 1.9 7.7 360.97
ntarla 1995 7 13 194 26.6 38.7 19.1 -999.99 0 2.3 8.2 360.97
ntarla 1995 7 14 195 26.1 39.7 20.9 -999.99 0 2.2 8.6 360.97
ntarla 1995 7 15 196 25.6 39.7 24.2 -999.99 0 2.6 8.6 360.97
ntarla 1995 7 16 197 27.1 39.2 19.4 -999.99 0 3.1 11.7 360.97
ntarla 1995 7 17 198 27.6 37.7 19.8 -999.99 12.9 3.3 11.1 360.97
ntarla 1995 7 18 199 22.6 34.7 23.9 -999.99 23.6 2.2 4.7 360.97
ntarla 1995 7 19 200 21.6 33.7 18.4 -999.99 0 1.9 5.6 360.97
ntarla 1995 7 20 201 25.1 36.7 21.3 -999.99 15.8 1.6 11.4 360.97
ntarla 1995 7 21 202 24.1 32.2 14.3 -999.99 0 2.5 6.1 360.97
ntarla 1995 7 22 203 26.6 36.2 22.9 -999.99 15.3 1.7 9.2 360.97
ntarla 1995 7 23 204 21.6 35.7 23.7 -999.99 7 1.8 6.9 360.97
ntarla 1995 7 24 205 24.1 35.7 24.8 -999.99 0 1.9 7.6 360.97
ntarla 1995 7 25 206 25.6 36.7 23.7 -999.99 0 1.9 7.5 360.97
ntarla 1995 7 26 207 27.1 35.2 17 -999.99 0 2 10.3 360.97
ntarla 1995 7 27 208 24.1 34.2 16.8 -999.99 3.7 2 4.3 360.97
ntarla 1995 7 28 209 24.6 35.2 21.4 -999.99 0 1.6 6.8 360.97
ntarla 1995 7 29 210 26.1 36.2 19 -999.99 39.5 1.1 9 360.97
ntarla 1995 7 30 211 21.6 34.2 21.4 -999.99 0 1.1 4.1 360.97
ntarla 1995 7 31 212 23.1 34.7 20.3 -999.99 8.4 1.7 6 360.97
ntarla 1995 8 1 213 24.8 34.6 21.8 -999.99 6.4 2.6 4.4 360.97
ntarla 1995 8 2 214 22.9 29.6 10.4 -999.99 0 2 6.2 360.97
ntarla 1995 8 3 215 25.3 31.6 15.5 -999.99 70.9 2.1 9 360.97
ntarla 1995 8 4 216 24.8 31.1 15 -999.99 12 1.5 8.9 360.97
ntarla 1995 8 5 217 22.3 33.1 16.4 -999.99 10.7 1.6 8.4 360.97
ntarla 1995 8 6 218 24.3 31.1 17.2 -999.99 0 1 4.6 360.97
ntarla 1995 8 7 219 24.3 36.1 24.3 -999.99 0 1.2 8.1 360.97
ntarla 1995 8 8 220 26.8 35.1 20.4 -999.99 15.3 2.8 12.4 360.97
ntarla 1995 8 9 221 21.3 31.5 15.8 -999.99 0 2.1 6 360.97
ntarla 1995 8 10 222 24.3 34.6 23.4 -999.99 0 1.8 9.1 360.97
ntarla 1995 8 11 223 24.3 34.6 18.1 -999.99 8.3 0.3 8.2 360.97
ntarla 1995 8 12 224 23.8 33.6 20.6 -999.99 3.1 1.1 6.2 360.97
ntarla 1995 8 13 225 24.8 35.1 24.7 -999.99 0 2.1 10.4 360.97
ntarla 1995 8 14 226 25.3 35.1 20.4 -999.99 14.1 1.8 12.4 360.97
ntarla 1995 8 15 227 23.8 33.1 17.7 -999.99 0.9 1.9 7.1 360.97
ntarla 1995 8 16 228 22.8 32.6 15.2 -999.99 83.2 1.7 7.5 360.97
ntarla 1995 8 17 229 23.8 33.1 20.3 -999.99 25.8 1.5 7.4 360.97
ntarla 1995 8 18 230 22.3 34.6 23.6 -999.99 0 1.8 7.7 360.97
ntarla 1995 8 19 231 24.8 32.1 11 -999.99 6 1.4 7.7 360.97
ntarla 1995 8 20 232 23.3 34.1 24.1 -999.99 0 0.8 8.1 360.97
ntarla 1995 8 21 233 23.3 35.1 18.3 -999.99 10.1 0.6 8.1 360.97
ntarla 1995 8 22 234 23.8 33.6 20.8 -999.99 0 1.6 7.1 360.97
ntarla 1995 8 23 235 24.8 34.6 21.7 -999.99 12.7 1.7 9.4 360.97
ntarla 1995 8 24 236 23.8 31.6 17.4 -999.99 0 0.9 7.7 360.97
ntarla 1995 8 25 237 23.8 34.1 20.1 -999.99 0 0.5 8.2 360.97
ntarla 1995 8 26 238 25.3 34.6 18.9 -999.99 0 1.1 10.9 360.97
ntarla 1995 8 27 239 25.3 34.1 19.8 -999.99 4.4 1.8 8.6 360.97
ntarla 1995 8 28 240 23.8 32.1 24.9 -999.99 3 1.4 8.2 360.97
ntarla 1995 8 29 241 23.3 35.1 15.1 -999.99 0 1.9 8.1 360.97
ntarla 1995 8 30 242 25.8 34.1 10.3 -999.99 28.1 1.7 9.5 360.97
ntarla 1995 8 31 243 21.8 31.1 14.4 -999.99 0 1.4 5.3 360.97
ntarla 1995 9 1 244 22.9 34.5 21.3 -999.99 0 1.5 8.7 360.97
ntarla 1995 9 2 245 23.9 35 24.2 -999.99 0 1.4 8.7 360.97
ntarla 1995 9 3 246 25.9 35.5 21.2 -999.99 69.7 1.5 10.2 360.97
ntarla 1995 9 4 247 22.4 33.5 23.9 -999.99 0 2 6.9 360.97
ntarla 1995 9 5 248 24.4 36 23.9 -999.99 0 1.6 9.3 360.97
ntarla 1995 9 6 249 25.9 35.6 21.7 -999.99 0 1.9 10 360.97
ntarla 1995 9 7 250 25.9 29 9.8 -999.99 19.8 1.9 6.5 360.97
ntarla 1995 9 8 251 22.4 34 22.8 -999.99 28.8 2.1 5 360.97
ntarla 1995 9 9 252 22.4 32.5 14 -999.99 0 1.2 4.8 360.97
ntarla 1995 9 10 253 24.4 35 22.6 -999.99 2.8 1.1 7.8 360.97
ntarla 1995 9 11 254 23.4 34.5 15.5 -999.99 0 1.3 7 360.97
ntarla 1995 9 12 255 25.4 36 21.3 -999.99 32.5 1 5.8 360.97
ntarla 1995 9 13 256 22.9 32.5 15.4 -999.99 0 2.6 5.6 360.97
ntarla 1995 9 14 257 23.4 35 23.9 -999.99 12.4 1.4 6.1 360.97
ntarla 1995 9 15 258 23.4 32.5 19 -999.99 0 1.5 3.6 360.97
ntarla 1995 9 16 259 23.4 35 21.9 -999.99 0 1.3 5.2 360.97
ntarla 1995 9 17 260 25.9 33 14.8 -999.99 0 1.7 11.2 360.97
ntarla 1995 9 18 261 23.4 33 18.6 -999.99 0 1.8 9.2 360.97
ntarla 1995 9 19 262 24.4 34 18.6 -999.99 0 0.9 8.6 360.97
ntarla 1995 9 20 263 24.4 35 19.2 -999.99 0 1.1 9.3 360.97
ntarla 1995 9 21 264 23.9 35.5 22.8 -999.99 0 1.5 9.9 360.97
ntarla 1995 9 22 265 25.4 32 11.5 -999.99 31.3 1.5 7.7 360.97
ntarla 1995 9 23 266 21.4 34.5 22.7 -999.99 0.6 2.1 6.6 360.97
ntarla 1995 9 24 267 23.9 33 15.7 -999.99 0 1.1 7.4 360.97
ntarla 1995 9 25 268 24.9 33 15.6 -999.99 0 1.8 9.7 360.97
ntarla 1995 9 26 269 23.9 35 21.7 -999.99 0 1.9 9.6 360.97
ntarla 1995 9 27 270 23.9 36 22.7 -999.99 0 0.5 10.2 360.97
ntarla 1995 9 28 271 24.9 35 21.5 -999.99 0 2.2 8.3 360.97
ntarla 1995 9 29 272 25.9 36.5 20.1 -999.99 0 2 7.3 360.97
ntarla 1995 9 30 273 23.4 36 17.5 -999.99 0 1.8 5.8 360.97
ntarla 1995 10 1 274 24.3 36.6 22.1 -999.99 0 1.6 9.4 360.97
ntarla 1995 10 2 275 24.8 36.7 19.2 -999.99 0.9 1.5 9.2 360.97
ntarla 1995 10 3 276 25.8 34.1 16.1 -999.99 0 1.5 9.4 360.97
ntarla 1995 10 4 277 24.8 36.1 19.3 -999.99 0 1.4 7.1 360.97
ntarla 1995 10 5 278 24.3 35.6 16.6 -999.99 7 1.8 8.6 360.97
ntarla 1995 10 6 279 21.3 35.6 21.8 -999.99 0 1.4 6.6 360.97
ntarla 1995 10 7 280 24.3 37.1 20.7 -999.99 0 0.4 5.7 360.97
ntarla 1995 10 8 281 23.3 36.6 21.1 -999.99 2.9 1.2 8.3 360.97
ntarla 1995 10 9 282 24.3 34.6 11 -999.99 0 1.8 8.7 360.97
ntarla 1995 10 10 283 23.8 36.1 19.8 -999.99 0 1.3 7.8 360.97
ntarla 1995 10 11 284 24.3 33.6 15.6 -999.99 0 0.9 6.2 360.97
ntarla 1995 10 12 285 23.3 37.1 18.2 -999.99 0 1.5 8 360.97
ntarla 1995 10 13 286 24.3 37.8 21.4 -999.99 15.4 1.2 9.9 360.97
ntarla 1995 10 14 287 22 34.6 21.4 -999.99 0 1.1 5.3 360.97
ntarla 1995 10 15 288 24 38.1 15 -999.99 0 0.9 4.9 360.97
ntarla 1995 10 16 289 23.3 38.1 18.8 -999.99 0 1.8 9 360.97
ntarla 1995 10 17 290 22.9 37.1 21.4 -999.99 25.5 1.9 4.8 360.97
ntarla 1995 10 18 291 20.5 36.4 17.1 -999.99 0 1 5 360.97
ntarla 1995 10 19 292 24.8 35.6 11.7 -999.99 0 0.8 7.8 360.97
ntarla 1995 10 20 293 20.8 36 20.9 -999.99 0 1.2 6.5 360.97
ntarla 1995 10 21 294 22.3 36.3 21.5 -999.99 0 1.7 3.8 360.97
ntarla 1995 10 22 295 21.9 37.6 21.1 -999.99 0 0.9 4.4 360.97
ntarla 1995 10 23 296 24.3 36.6 20.2 -999.99 0 1.1 2.6 360.97
ntarla 1995 10 24 297 20.5 38.1 14.4 -999.99 0 2.5 1.5 360.97
ntarla 1995 10 25 298 21.3 37.9 19.2 -999.99 0 0.8 1.7 360.97
ntarla 1995 10 26 299 18.6 38.6 21 -999.99 0 1.5 2.4 360.97
ntarla 1995 10 27 300 21.6 37.3 16.7 -999.99 0 1.8 6.4 360.97
ntarla 1995 10 28 301 22.3 39.1 18.1 -999.99 0 0.5 6.3 360.97
ntarla 1995 10 29 302 22.8 38.6 19.2 -999.99 0 1.9 2 360.97
ntarla 1995 10 30 303 18.6 37.6 14.4 -999.99 0 2.9 0.8 360.97
ntarla 1995 10 31 304 17.8 38.2 14.1 -999.99 0 0.8 2.1 360.97
ntarla 1995 11 1 305 20 39.4 20.6 -999.99 0 2.7 1.1 360.97
ntarla 1995 11 2 306 18.5 39.6 21.2 -999.99 0 2.6 1.3 360.97
ntarla 1995 11 3 307 17.9 38.5 19.9 -999.99 0 2 0.8 360.97
ntarla 1995 11 4 308 16 38.4 21.1 -999.99 0 1.8 0.7 360.97
ntarla 1995 11 5 309 17.5 38.5 20.5 -999.99 0 1.7 3 360.97
ntarla 1995 11 6 310 20.3 33.5 20.3 -999.99 0 0.3 3.2 360.97
ntarla 1995 11 7 311 21.9 39.3 20.7 -999.99 0 2.9 1.6 360.97
ntarla 1995 11 8 312 19.6 39.4 14.8 -999.99 0 2.7 0.9 360.97
ntarla 1995 11 9 313 18 37.9 17.5 -999.99 0 1.8 1 360.97
ntarla 1995 11 10 314 18.1 39.4 19.4 -999.99 0 2.4 0.6 360.97
ntarla 1995 11 11 315 18.6 36.4 19.4 -999.99 0 1.9 2.1 360.97
ntarla 1995 11 12 316 19 39.4 15.5 -999.99 0 2.6 1.2 360.97
ntarla 1995 11 13 317 17.5 39 18.7 -999.99 0 3.1 0.9 360.97
ntarla 1995 11 14 318 14.5 38.9 17.4 -999.99 0 3.3 0.7 360.97
ntarla 1995 11 15 319 13.9 38.5 18.9 -999.99 0 3 1.1 360.97
ntarla 1995 11 16 320 14.6 38.5 17.1 -999.99 0 2.9 1.1 360.97
ntarla 1995 11 17 321 14.7 38.5 13.2 -999.99 0 3.3 0.5 360.97
ntarla 1995 11 18 322 13.7 38.5 16.7 -999.99 0 4.1 0.5 360.97
ntarla 1995 11 19 323 13.3 37.9 16.7 -999.99 0 3.5 0.5 360.97
ntarla 1995 11 20 324 12.3 37.4 16.1 -999.99 0 3.7 0.3 360.97
ntarla 1995 11 21 325 11.5 37 15.5 -999.99 0 3.8 0.4 360.97
ntarla 1995 11 22 326 11.9 37.4 16.5 -999.99 0 3.6 0.5 360.97
ntarla 1995 11 23 327 13 36.9 17.8 -999.99 0 3.4 0.6 360.97
ntarla 1995 11 24 328 15 37 19.1 -999.99 0 2.8 0.6 360.97
ntarla 1995 11 25 329 15.5 37.4 18.9 -999.99 0 2.8 0.8 360.97
ntarla 1995 11 26 330 16.5 37 8.8 -999.99 0 2.5 1 360.97
ntarla 1995 11 27 331 17.1 38 12.7 -999.99 0 2.4 1 360.97
ntarla 1995 11 28 332 17.5 38.5 15.7 -999.99 0 2 1.3 360.97
ntarla 1995 11 29 333 18.2 39.5 12 -999.99 0 1.5 1.4 360.97
ntarla 1995 11 30 334 17 40.1 16.8 -999.99 0 3.3 1 360.97
ntarla 1995 12 1 335 16.3 38.8 20.7 -999.99 0 3.2 0.7 360.97
ntarla 1995 12 2 336 16.2 33.3 16.4 -999.99 0 4.3 1 360.97
ntarla 1995 12 3 337 17.8 36.7 16.2 -999.99 0 4 1.1 360.97
ntarla 1995 12 4 338 15.3 34.8 20.9 -999.99 0 3.6 1 360.97
ntarla 1995 12 5 339 13.9 35.7 20.8 -999.99 0 3.1 0.8 360.97
ntarla 1995 12 6 340 14.8 36.5 20.3 -999.99 0 3 0.7 360.97
ntarla 1995 12 7 341 15.8 35.8 16.7 -999.99 0 3.2 0.7 360.97
ntarla 1995 12 8 342 18 34.3 16.1 -999.99 0 3.6 0.8 360.97
ntarla 1995 12 9 343 17.3 36.3 20.2 -999.99 0 3.5 1 360.97
ntarla 1995 12 10 344 16.3 32.9 20.7 -999.99 0 4.2 0.7 360.97
ntarla 1995 12 11 345 17 35.3 20.3 -999.99 0 3.7 0.9 360.97
ntarla 1995 12 12 346 16.3 36.8 19.1 -999.99 0 3.8 1 360.97
ntarla 1995 12 13 347 18.2 36.9 19.4 -999.99 0 3.2 0.9 360.97
ntarla 1995 12 14 348 17.3 35.8 18.2 -999.99 0 2.3 0.9 360.97
ntarla 1995 12 15 349 18.3 34.5 15.8 -999.99 0 0.4 3.4 360.97
ntarla 1995 12 16 350 22.8 34.3 15.5 -999.99 0 4.4 1.7 360.97
ntarla 1995 12 17 351 17.3 35.8 20.1 -999.99 0 4.8 1.3 360.97
ntarla 1995 12 18 352 17.3 38.3 21.1 -999.99 0 4.2 1.2 360.97
ntarla 1995 12 19 353 16.3 37.3 19.6 -999.99 0 3.8 1.1 360.97
ntarla 1995 12 20 354 15.8 36.3 20.7 -999.99 0 4.2 1.1 360.97
ntarla 1995 12 21 355 15.2 35.8 20.7 -999.99 0 3.4 1 360.97
ntarla 1995 12 22 356 13.8 34.4 20.1 -999.99 0 3.2 0.8 360.97
ntarla 1995 12 23 357 11.3 32.8 20.8 -999.99 0 2.7 0.5 360.97
ntarla 1995 12 24 358 13.3 37.3 20.8 -999.99 0 2.1 2 360.97
ntarla 1995 12 25 359 18.8 36.3 18.7 -999.99 0 3.6 1.8 360.97
ntarla 1995 12 26 360 15.8 34.8 19.2 -999.99 0 4.4 0.6 360.97
ntarla 1995 12 27 361 10.8 34.3 20.7 -999.99 0 4 0.3 360.97
ntarla 1995 12 28 362 11.3 34.8 21.4 -999.99 0 3.4 0.3 360.97
ntarla 1995 12 29 363 10.3 35.8 21.4 -999.99 0 3.5 0.2 360.97
ntarla 1995 12 30 364 9.8 33.9 19.8 -999.99 0 3.7 0.2 360.97
ntarla 1995 12 31 365 8.3 37.3 21 -999.99 0 3.2 0.2 360.97
