ntarla 1997 1 2 2 16.2 38.5 20.4 -999.99 0 4.3 0.7 363.88
ntarla 1997 1 3 3 16.2 40 20.1 -999.99 0 4.4 0.8 363.88
ntarla 1997 1 4 4 15.7 39.5 21.1 -999.99 0 4 0.7 363.88
ntarla 1997 1 5 5 16.5 39 20.9 -999.99 0 3.2 0.7 363.88
ntarla 1997 1 6 6 14.7 39.6 21.7 -999.99 0 3.3 0.7 363.88
ntarla 1997 1 7 7 15.2 40.1 21.6 -999.99 0 3.1 0.7 363.88
ntarla 1997 1 8 8 15.2 40 21.5 -999.99 0 3.9 1.1 363.88
ntarla 1997 1 9 9 14.7 37.1 21.5 -999.99 0 4 0.9 363.88
ntarla 1997 1 10 10 13.7 37.5 21.7 -999.99 0 3 0.8 363.88
ntarla 1997 1 11 11 13.7 38 19.2 -999.99 0 2.9 0.6 363.88
ntarla 1997 1 12 12 15.2 39 19.3 -999.99 0 2.9 0.6 363.88
ntarla 1997 1 13 13 16.7 39 22.1 -999.99 0 2.7 0.6 363.88
ntarla 1997 1 14 14 15.9 39.5 22 -999.99 0 2.5 1 363.88
ntarla 1997 1 15 15 18.2 40.1 19.9 -999.99 0 1.4 3.7 363.88
ntarla 1997 1 16 16 16.2 40.5 21.7 -999.99 0 2.5 1.1 363.88
ntarla 1997 1 17 17 16.2 39 22.3 -999.99 0 4.4 1.1 363.88
ntarla 1997 1 18 18 14.2 40 22 -999.99 0 3.9 0.9 363.88
ntarla 1997 1 19 19 13.2 40 22.3 -999.99 0 2.9 0.7 363.88
ntarla 1997 1 20 20 12.2 40.5 22.3 -999.99 0 2.3 0.5 363.88
ntarla 1997 1 21 21 15.7 37.5 19.2 -999.99 3.7 2.5 3.3 363.88
ntarla 1997 1 22 22 22.2 36 16 -999.99 0 0.7 5 363.88
ntarla 1997 1 23 23 17.2 35 21.5 -999.99 0 3.8 1.8 363.88
ntarla 1997 1 24 24 16.7 33.6 18.9 -999.99 0 3.7 1.4 363.88
ntarla 1997 1 25 25 15.7 35.5 16.7 -999.99 0 2.8 1.2 363.88
ntarla 1997 1 26 26 15.7 36 18.7 -999.99 0 3.1 0.8 363.88
ntarla 1997 1 27 27 13.7 37.5 21.4 -999.99 0 3.6 0.5 363.88
ntarla 1997 1 28 28 10.7 37.7 21.7 -999.99 0 3.8 0.4 363.88
ntarla 1997 1 29 29 10.7 39 22.6 -999.99 0 4 0.3 363.88
ntarla 1997 1 30 30 12.3 37.2 21.7 -999.99 0 5.1 0.3 363.88
ntarla 1997 1 31 31 15.7 34.5 18.1 -999.99 0 4.6 0.4 363.88
ntarla 1997 2 1 32 12.4 35.2 15.4 -999.99 0 4.3 0.3 363.88
ntarla 1997 2 2 33 13.9 35.7 18.1 -999.99 0 3.8 0.4 363.88
ntarla 1997 2 3 34 13.9 36.7 20.6 -999.99 0 3.6 0.4 363.88
ntarla 1997 2 4 35 12.9 37.7 18.7 -999.99 0 3.8 0.3 363.88
ntarla 1997 2 5 36 12.9 38.2 22.5 -999.99 0 3.9 0.4 363.88
ntarla 1997 2 6 37 13.9 37.7 22 -999.99 0 4.3 0.4 363.88
ntarla 1997 2 7 38 14.4 39.2 22.1 -999.99 0 4.3 0.5 363.88
ntarla 1997 2 8 39 12.9 40.3 21.4 -999.99 0 4.5 0.5 363.88
ntarla 1997 2 9 40 14.4 39.2 21.5 -999.99 0 4.8 0.5 363.88
ntarla 1997 2 10 41 13.4 40.2 21.6 -999.99 0 4.1 0.3 363.88
ntarla 1997 2 11 42 12.9 39.7 18.2 -999.99 0 4.4 0.2 363.88
ntarla 1997 2 12 43 13.4 38.9 16.2 -999.99 0 5 0.3 363.88
ntarla 1997 2 13 44 14.4 39.1 11.3 -999.99 0 4.9 0.7 363.88
ntarla 1997 2 14 45 12.9 39.2 18.8 -999.99 0 4.4 0.5 363.88
ntarla 1997 2 15 46 13.9 37.2 19.4 -999.99 0 4.1 0.3 363.88
ntarla 1997 2 16 47 12.9 37.3 23.1 -999.99 0 3.2 0.2 363.88
ntarla 1997 2 17 48 12.9 38.2 22.5 -999.99 0 3.4 0.3 363.88
ntarla 1997 2 18 49 12.4 39.7 16.9 -999.99 0 3.5 0.3 363.88
ntarla 1997 2 19 50 11.9 40.7 22.4 -999.99 0 4 0.2 363.88
ntarla 1997 2 20 51 12.9 40.2 22.1 -999.99 0 4.5 0.2 363.88
ntarla 1997 2 21 52 14.9 39.2 24.4 -999.99 0 4.2 0.4 363.88
ntarla 1997 2 22 53 16.9 38.2 22.7 -999.99 0 4 0.4 363.88
ntarla 1997 2 23 54 16.9 38.7 23 -999.99 0 3.3 0.5 363.88
ntarla 1997 2 24 55 17.1 39.2 23.1 -999.99 0 2.7 0.5 363.88
ntarla 1997 2 25 56 18.1 40.3 22.7 -999.99 0 2.8 0.6 363.88
ntarla 1997 2 26 57 19.4 38.7 15.9 -999.99 0 3.3 0.6 363.88
ntarla 1997 2 27 58 18.4 39.2 12.8 -999.99 0 3.6 0.6 363.88
ntarla 1997 2 28 59 16.9 39.7 21.8 -999.99 0 3.6 0.4 363.88
ntarla 1997 3 1 60 20.1 39.8 22.8 -999.99 0 3.7 0.8 363.88
ntarla 1997 3 2 61 19.6 40.3 22.8 -999.99 0 3.8 1.1 363.88
ntarla 1997 3 3 62 19.1 39.3 23.2 -999.99 0 4.4 0.6 363.88
ntarla 1997 3 4 63 19.1 37.8 22.8 -999.99 0 3.7 0.4 363.88
ntarla 1997 3 5 64 15.6 38.1 22.1 -999.99 0 4 0.3 363.88
ntarla 1997 3 6 65 17.1 38.8 14.9 -999.99 0 4 0.5 363.88
ntarla 1997 3 7 66 16.6 39 19.1 -999.99 0 3.7 0.4 363.88
ntarla 1997 3 8 67 17.1 40 17.1 -999.99 0 3.1 0.4 363.88
ntarla 1997 3 9 68 18.1 40.8 20.9 -999.99 0 3.1 0.5 363.88
ntarla 1997 3 10 69 19.1 41.8 21.1 -999.99 0 3.3 0.5 363.88
ntarla 1997 3 11 70 18.1 41.3 23.3 -999.99 0 4.3 0.5 363.88
ntarla 1997 3 12 71 21.6 40.3 22.4 -999.99 0 4.4 0.7 363.88
ntarla 1997 3 13 72 22.1 39.8 18.6 -999.99 0 4.5 0.9 363.88
ntarla 1997 3 14 73 20.1 35.8 20.5 -999.99 0 4.1 0.4 363.88
ntarla 1997 3 15 74 20.6 36.5 22.8 -999.99 0 3.6 0.4 363.88
ntarla 1997 3 16 75 18.1 38.8 22.8 -999.99 0 3.5 0.5 363.88
ntarla 1997 3 17 76 16.1 38.4 22.6 -999.99 0 3.8 0.5 363.88
ntarla 1997 3 18 77 20.6 39.8 22.6 -999.99 0 3.9 0.5 363.88
ntarla 1997 3 19 78 21.1 42.3 18.2 -999.99 0 3.3 0.4 363.88
ntarla 1997 3 20 79 22.1 42.4 19.6 -999.99 0 3.4 0.8 363.88
ntarla 1997 3 21 80 24.6 41.8 20.7 -999.99 0 2.9 1.2 363.88
ntarla 1997 3 22 81 22.6 43.4 22.1 -999.99 0 2 0.9 363.88
ntarla 1997 3 23 82 23.6 43.4 21.1 -999.99 0 1.4 1.7 363.88
ntarla 1997 3 24 83 27.2 40.4 20.6 -999.99 0 3 8.4 363.88
ntarla 1997 3 25 84 22.1 41.3 20.7 -999.99 0 2 1.8 363.88
ntarla 1997 3 26 85 20.1 40.4 18.7 -999.99 0 1.2 1 363.88
ntarla 1997 3 27 86 28.1 41.8 23.2 -999.99 0 1.7 3.9 363.88
ntarla 1997 3 28 87 26.1 44 22.4 -999.99 0 1.6 5.7 363.88
ntarla 1997 3 29 88 29.1 43.3 18.1 -999.99 0 2.9 8.4 363.88
ntarla 1997 3 30 89 22.3 42.8 22.6 -999.99 0 2 1.7 363.88
ntarla 1997 3 31 90 23.6 43 17.7 -999.99 0 2.4 2.8 363.88
ntarla 1997 4 1 91 25.8 43 24.1 -999.99 0 1.9 6.1 363.88
ntarla 1997 4 2 92 26.8 39.7 24.9 -999.99 0 2.1 8.2 363.88
ntarla 1997 4 3 93 28.8 41.5 25.4 -999.99 0 3.6 11 363.88
ntarla 1997 4 4 94 27.8 41 25.4 -999.99 10.2 2.6 9 363.88
ntarla 1997 4 5 95 26.8 34.5 25.6 -999.99 0 1.9 7.7 363.88
ntarla 1997 4 6 96 27.3 42.6 23.6 -999.99 0 1.6 10.2 363.88
ntarla 1997 4 7 97 27.3 44.5 24.6 -999.99 0 1.7 3.1 363.88
ntarla 1997 4 8 98 28.8 42.5 25.1 -999.99 0 3.1 11.3 363.88
ntarla 1997 4 9 99 23.3 40.7 24.2 -999.99 47.1 2 7.1 363.88
ntarla 1997 4 10 100 26.3 38 23.6 -999.99 0 1.2 3.5 363.88
ntarla 1997 4 11 101 26.3 35.7 22.7 -999.99 0 1.8 3.1 363.88
ntarla 1997 4 12 102 24.9 40.6 21.1 -999.99 0 2.4 5.3 363.88
ntarla 1997 4 13 103 25.3 41 22.7 -999.99 0 0.7 3.2 363.88
ntarla 1997 4 14 104 26.8 42.7 24.4 -999.99 0 1.8 4.2 363.88
ntarla 1997 4 15 105 29.8 42.5 18.8 -999.99 0 1.9 6.1 363.88
ntarla 1997 4 16 106 27.8 42.5 25.9 -999.99 0 1.9 4 363.88
ntarla 1997 4 17 107 30.3 43 25.3 -999.99 0 3.5 7.9 363.88
ntarla 1997 4 18 108 28.8 38.7 24.5 -999.99 0 3.2 9.4 363.88
ntarla 1997 4 19 109 26.3 42 24.2 -999.99 1.6 2.4 6.7 363.88
ntarla 1997 4 20 110 28.3 32.5 25.9 -999.99 0 2.6 3.6 363.88
ntarla 1997 4 21 111 24.3 38.5 24.7 -999.99 40.9 3.1 4.4 363.88
ntarla 1997 4 22 112 24.3 32.7 21.1 -999.99 0 1.6 3.1 363.88
ntarla 1997 4 23 113 24.3 39 23.7 -999.99 0 1.3 3.5 363.88
ntarla 1997 4 24 114 26.3 41 25 -999.99 0 1.3 2 363.88
ntarla 1997 4 25 115 24.8 42.6 25.6 -999.99 0 1.7 1 363.88
ntarla 1997 4 26 116 22.3 42 20.2 -999.99 0 1 0.8 363.88
ntarla 1997 4 27 117 22.5 41.5 13.2 -999.99 0 1 1 363.88
ntarla 1997 4 28 118 26.3 40.5 19.5 -999.99 0 0.9 2.6 363.88
ntarla 1997 4 29 119 21.8 40.5 16.9 -999.99 0 2.7 0.5 363.88
ntarla 1997 4 30 120 18.8 40.5 20.4 -999.99 0 1.6 0.3 363.88
ntarla 1997 5 1 121 20 40.7 24.5 -999.99 0 0.7 1.3 363.88
ntarla 1997 5 2 122 23.5 41.1 25.4 -999.99 0 1.4 2.8 363.88
ntarla 1997 5 3 123 23 41.1 23.4 -999.99 0 0.7 2.2 363.88
ntarla 1997 5 4 124 25 42.1 24.6 -999.99 0 2.1 1.7 363.88
ntarla 1997 5 5 125 26 41.6 23.2 -999.99 0 2.9 9 363.88
ntarla 1997 5 6 126 25.5 40.1 20.2 -999.99 0.9 3.1 6.7 363.88
ntarla 1997 5 7 127 26 38.6 23.7 -999.99 0 2.1 5.9 363.88
ntarla 1997 5 8 128 27 38.6 21.4 -999.99 31.9 1.8 6 363.88
ntarla 1997 5 9 129 22 37.6 20.1 -999.99 0 1.1 3.8 363.88
ntarla 1997 5 10 130 27 31.6 20.9 -999.99 15.9 2.4 4.8 363.88
ntarla 1997 5 11 131 25 37.7 22.5 -999.99 0 1.5 2.8 363.88
ntarla 1997 5 12 132 27 41.1 22.2 -999.99 0 1.4 3.1 363.88
ntarla 1997 5 13 133 25.5 37.1 19.6 -999.99 0.5 2.1 6 363.88
ntarla 1997 5 14 134 25.5 39.6 18 -999.99 51 2.4 8.9 363.88
ntarla 1997 5 15 135 22 32.7 19.8 -999.99 0.9 2.1 3.5 363.88
ntarla 1997 5 16 136 23 37.8 23.8 -999.99 0 2 3.4 363.88
ntarla 1997 5 17 137 26.5 36.6 17.5 -999.99 0 1.1 5.2 363.88
ntarla 1997 5 18 138 27 39.1 25.3 -999.99 0 1.5 5.3 363.88
ntarla 1997 5 19 139 25.5 39.1 16.7 -999.99 0 2.5 3.6 363.88
ntarla 1997 5 20 140 27 38.6 21.8 -999.99 0 2.8 3.8 363.88
ntarla 1997 5 21 141 27.5 35.6 23.7 -999.99 0 3 8.7 363.88
ntarla 1997 5 22 142 24.5 40.9 9.3 -999.99 0 0.9 4.2 363.88
ntarla 1997 5 23 143 31.1 34.6 23.9 -999.99 0 2.8 8.1 363.88
ntarla 1997 5 24 144 27 38.7 23.2 -999.99 27.6 1.9 9 363.88
ntarla 1997 5 25 145 23.1 33.6 19.5 -999.99 0 1.5 3.1 363.88
ntarla 1997 5 26 146 26.1 37.8 21.3 -999.99 0 2.8 5.7 363.88
ntarla 1997 5 27 147 29 38.1 9.3 -999.99 0 3.5 9.2 363.88
ntarla 1997 5 28 148 25.5 38.8 14.1 -999.99 0 2.3 6.4 363.88
ntarla 1997 5 29 149 25.5 38.6 25.7 -999.99 0 2.4 7.8 363.88
ntarla 1997 5 30 150 30 40.1 12.8 -999.99 0 2.2 9.5 363.88
ntarla 1997 5 31 151 27.6 38.6 24.5 -999.99 3.6 1.3 5.3 363.88
ntarla 1997 6 1 152 24.7 36.3 18.2 -999.99 0 2.2 6.5 363.88
ntarla 1997 6 2 153 26.7 38.4 22.3 -999.99 0 2.2 5.9 363.88
ntarla 1997 6 3 154 27.7 35.3 20 -999.99 14.6 1.8 5.4 363.88
ntarla 1997 6 4 155 23.7 37.8 20.7 -999.99 0 1.5 7.3 363.88
ntarla 1997 6 5 156 25.7 32.3 15.1 -999.99 0.3 2.1 5.9 363.88
ntarla 1997 6 6 157 24.2 36.4 22.4 -999.99 0 1.7 6.7 363.88
ntarla 1997 6 7 158 26.2 39.3 24.6 -999.99 0 1.9 6.7 363.88
ntarla 1997 6 8 159 26.2 41.3 22.5 -999.99 0 2.3 4.7 363.88
ntarla 1997 6 9 160 26.7 40.3 22.6 -999.99 14.6 2.7 10.2 363.88
ntarla 1997 6 10 161 23.2 36.8 9.4 -999.99 0.6 2.1 7 363.88
ntarla 1997 6 11 162 25.7 36.8 24.2 -999.99 0.6 2.3 7.2 363.88
ntarla 1997 6 12 163 24.2 35.8 24.4 -999.99 0 2 4.7 363.88
ntarla 1997 6 13 164 27.2 34.3 23.2 -999.99 6.8 1.8 9.2 363.88
ntarla 1997 6 14 165 22.8 35.3 19.3 -999.99 0 1.1 5.7 363.88
ntarla 1997 6 15 166 26.2 35.9 25.1 -999.99 0 1.7 9.2 363.88
ntarla 1997 6 16 167 23.7 37.3 25.1 -999.99 15.6 2.2 6.7 363.88
ntarla 1997 6 17 168 21.9 33.3 24.8 -999.99 3.9 1.6 5.5 363.88
ntarla 1997 6 18 169 24.2 36.3 24 -999.99 0 1.4 5.9 363.88
ntarla 1997 6 19 170 27.2 38.8 13.5 -999.99 0 2.5 9.2 363.88
ntarla 1997 6 20 171 29.7 36.8 12.5 -999.99 0 3.2 10.2 363.88
ntarla 1997 6 21 172 26.7 38.3 12.2 -999.99 35 2.1 7.1 363.88
ntarla 1997 6 22 173 22.7 37.3 21.7 -999.99 0 0.9 5.2 363.88
ntarla 1997 6 23 174 26.7 36.5 23.1 -999.99 7.4 2.9 9 363.88
ntarla 1997 6 24 175 23.7 33.8 23.7 -999.99 5.2 2.4 4.5 363.88
ntarla 1997 6 25 176 24.2 34 13.1 -999.99 0 2.4 5.4 363.88
ntarla 1997 6 26 177 24.7 35.6 24.2 -999.99 14.6 1.8 7.8 363.88
ntarla 1997 6 27 178 24.2 36.8 19.9 -999.99 0 1.3 7.8 363.88
ntarla 1997 6 28 179 26.2 36.3 22.4 -999.99 14.9 1.2 9.2 363.88
ntarla 1997 6 29 180 23.7 34 21.1 -999.99 0 1.5 4.8 363.88
ntarla 1997 6 30 181 25.2 36.8 24.2 -999.99 0 2.2 5.7 363.88
ntarla 1997 7 1 182 27.1 37.3 14.3 -999.99 0 3.2 9.7 363.88
ntarla 1997 7 2 183 27.6 37.7 23.1 -999.99 10.2 2.1 10.6 363.88
ntarla 1997 7 3 184 23.4 33.7 16.6 -999.99 0 2.1 5.3 363.88
ntarla 1997 7 4 185 26.1 33.9 14.6 -999.99 0 3 4.7 363.88
ntarla 1997 7 5 186 26.1 36.7 24.3 -999.99 9.2 3 7.1 363.88
ntarla 1997 7 6 187 23.6 34.7 15.7 -999.99 0 3.3 7.3 363.88
ntarla 1997 7 7 188 25.6 34.8 13.2 -999.99 0 3 5.5 363.88
ntarla 1997 7 8 189 26.6 35.2 19.1 -999.99 0 1.4 7.6 363.88
ntarla 1997 7 9 190 25.1 37.2 19.5 -999.99 0 0.9 6.9 363.88
ntarla 1997 7 10 191 25.1 38.2 20.6 -999.99 27.7 1.8 9.5 363.88
ntarla 1997 7 11 192 22.6 32 24.6 -999.99 0 1.5 6.6 363.88
ntarla 1997 7 12 193 25.2 37.2 21 -999.99 0 2.2 7.1 363.88
ntarla 1997 7 13 194 26.6 37.7 11.5 -999.99 0 2.8 10.3 363.88
ntarla 1997 7 14 195 27.6 34.7 20.5 -999.99 12 3 11 363.88
ntarla 1997 7 15 196 23.8 34.3 23 -999.99 0 1.2 6.7 363.88
ntarla 1997 7 16 197 25.6 36.9 13.8 -999.99 0 2.1 9.6 363.88
ntarla 1997 7 17 198 25.1 35.7 23.9 -999.99 4.2 2.4 6.9 363.88
ntarla 1997 7 18 199 23.6 34.7 21 -999.99 29.6 2.4 7 363.88
ntarla 1997 7 19 200 21.6 33.7 18.1 -999.99 0 1.6 7.6 363.88
ntarla 1997 7 20 201 25.1 35.2 20.5 -999.99 24 1.4 8.3 363.88
ntarla 1997 7 21 202 21.6 28.2 21.1 -999.99 0 1.9 5.2 363.88
ntarla 1997 7 22 203 23.1 34.2 21.6 -999.99 0 2 7.1 363.88
ntarla 1997 7 23 204 25.6 35.7 18.8 -999.99 2.3 1.5 7.2 363.88
ntarla 1997 7 24 205 23.6 34.7 9.3 -999.99 4.2 1.2 7.5 363.88
ntarla 1997 7 25 206 24.1 33.7 10.4 -999.99 0 1.8 6.5 363.88
ntarla 1997 7 26 207 24.8 36.2 24 -999.99 0 1.8 8.2 363.88
ntarla 1997 7 27 208 26.1 36.7 23.5 -999.99 37.9 2.8 7.5 363.88
ntarla 1997 7 28 209 21.6 33.8 11.6 -999.99 0 2.1 6 363.88
ntarla 1997 7 29 210 25.1 32.7 15.2 -999.99 37 2.1 4.7 363.88
ntarla 1997 7 30 211 21.6 28.9 23.5 -999.99 3.7 2.6 4.9 363.88
ntarla 1997 7 31 212 24.1 27.8 11.6 -999.99 18.5 2.2 6.7 363.88
ntarla 1997 8 1 213 23.8 29.6 13.2 -999.99 0 2.3 7.4 363.88
ntarla 1997 8 2 214 24.3 30.1 17.1 -999.99 0 2 5.7 363.88
ntarla 1997 8 3 215 22.8 34.6 22 -999.99 0 1.5 7.7 363.88
ntarla 1997 8 4 216 25.8 36.3 22.9 -999.99 0 1.8 10.6 363.88
ntarla 1997 8 5 217 27.3 34.6 21.3 -999.99 35 3.1 9.5 363.88
ntarla 1997 8 6 218 21.8 34.1 10.4 -999.99 0.5 3.3 8.7 363.88
ntarla 1997 8 7 219 24.8 32.6 22.8 -999.99 0 2.7 10.4 363.88
ntarla 1997 8 8 220 24.8 34.1 23.7 -999.99 0 2.3 9.1 363.88
ntarla 1997 8 9 221 23.8 35.9 20.4 -999.99 18.6 1.3 10.6 363.88
ntarla 1997 8 10 222 22.3 33.6 21.8 -999.99 30.7 1.5 7.5 363.88
ntarla 1997 8 11 223 22.3 34.1 19.8 -999.99 0 1.9 7.8 363.88
ntarla 1997 8 12 224 23.8 27.2 12.7 -999.99 37.2 1.4 6 363.88
ntarla 1997 8 13 225 22.3 32.6 20.3 -999.99 1.3 1.5 8.1 363.88
ntarla 1997 8 14 226 24.3 34.6 19.4 -999.99 0 0.9 8.5 363.88
ntarla 1997 8 15 227 24.8 35.3 23.6 -999.99 9.9 2 8.8 363.88
ntarla 1997 8 16 228 22.8 27.1 20.9 -999.99 24.2 1.3 5.6 363.88
ntarla 1997 8 17 229 23.4 32.6 14.5 -999.99 0 1.7 7.3 363.88
ntarla 1997 8 18 230 24.3 34.1 19.5 -999.99 8 1.7 8.7 363.88
ntarla 1997 8 19 231 24.8 32.1 15.3 -999.99 32.1 0.6 8.1 363.88
ntarla 1997 8 20 232 25.3 32.2 17.7 -999.99 9.6 1.5 10.2 363.88
ntarla 1997 8 21 233 24.3 35.1 22.6 -999.99 0 1.5 10.7 363.88
ntarla 1997 8 22 234 25.8 34.6 12.3 -999.99 10.9 0.6 11.2 363.88
ntarla 1997 8 23 235 23.3 32.6 20.1 -999.99 0 1.2 8.2 363.88
ntarla 1997 8 24 236 25.3 36.1 22.3 -999.99 0 1.2 10.4 363.88
ntarla 1997 8 25 237 25.3 35.3 20.9 -999.99 0 1.1 10.4 363.88
ntarla 1997 8 26 238 24.4 35.1 19.1 -999.99 19.7 0.8 8.3 363.88
ntarla 1997 8 27 239 22.8 35.4 18 -999.99 60.2 1.1 5.9 363.88
ntarla 1997 8 28 240 22.3 33.6 20.6 -999.99 0 1.3 6.7 363.88
ntarla 1997 8 29 241 25.3 34.6 21 -999.99 0 1.5 10.4 363.88
ntarla 1997 8 30 242 23.3 34.6 18.9 -999.99 1.1 2.3 9.5 363.88
ntarla 1997 8 31 243 25.3 34.1 21.8 -999.99 0 1.4 7.6 363.88
ntarla 1997 9 1 244 24.9 31.6 20.7 -999.99 0.9 1.1 8.4 363.88
ntarla 1997 9 2 245 23.9 34.5 10.9 -999.99 0 0.7 8.3 363.88
ntarla 1997 9 3 246 24.9 35 21.2 -999.99 65.1 1.3 11 363.88
ntarla 1997 9 4 247 23.9 32.6 17.5 -999.99 13.8 1.3 8.9 363.88
ntarla 1997 9 5 248 23.4 34.1 24.4 -999.99 33.8 0.6 8.1 363.88
ntarla 1997 9 6 249 22.4 33.2 17 -999.99 1.6 0.6 5.9 363.88
ntarla 1997 9 7 250 24.9 34.2 20.2 -999.99 22.5 1.9 7.6 363.88
ntarla 1997 9 8 251 22.9 34.6 19.1 -999.99 2.1 1 6 363.88
ntarla 1997 9 9 252 25.4 29 23.1 -999.99 26.3 2 8.1 363.88
ntarla 1997 9 10 253 24.4 30.3 22.4 -999.99 1.1 1.4 7.9 363.88
ntarla 1997 9 11 254 24.9 35 23.8 -999.99 9.4 0.8 8 363.88
ntarla 1997 9 12 255 22.9 34.1 22.7 -999.99 0 1.1 6.3 363.88
ntarla 1997 9 13 256 26.7 35.5 13.4 -999.99 0 1.3 9.1 363.88
ntarla 1997 9 14 257 25.9 32 20.8 -999.99 0 1.6 8.5 363.88
ntarla 1997 9 15 258 24.4 35.1 23.9 -999.99 0 1.7 8.8 363.88
ntarla 1997 9 16 259 23.6 35.6 23.5 -999.99 0 1.4 6.6 363.88
ntarla 1997 9 17 260 25.5 35.5 21.7 -999.99 30.7 1.2 10.1 363.88
ntarla 1997 9 18 261 22.4 32.5 20.4 -999.99 35 1.4 7.1 363.88
ntarla 1997 9 19 262 23.4 33 17.1 -999.99 0 2.1 6.4 363.88
ntarla 1997 9 20 263 24.4 35.6 21.6 -999.99 6.6 0.4 7.9 363.88
ntarla 1997 9 21 264 23.9 35 21.7 -999.99 0 1.9 7.7 363.88
ntarla 1997 9 22 265 23.9 34.7 22.9 -999.99 0 1.1 8.7 363.88
ntarla 1997 9 23 266 24.4 34.5 22.7 -999.99 0 1.4 4.9 363.88
ntarla 1997 9 24 267 24.4 34.5 21.5 -999.99 0 1.9 6.2 363.88
ntarla 1997 9 25 268 24.9 36 22.7 -999.99 1.8 0.9 8.7 363.88
ntarla 1997 9 26 269 23.9 36.5 22.6 -999.99 18.8 0.5 7.4 363.88
ntarla 1997 9 27 270 22.4 36 22.9 -999.99 0 2 8.1 363.88
ntarla 1997 9 28 271 24.4 30.3 22.9 -999.99 0 1.9 7.8 363.88
ntarla 1997 9 29 272 23.9 36.2 22.8 -999.99 0 1.3 8.5 363.88
ntarla 1997 9 30 273 23.9 37.3 17.5 -999.99 0 1.7 8.1 363.88
ntarla 1997 10 1 274 26.3 36.6 21.7 -999.99 0 0.9 10.6 363.88
ntarla 1997 10 2 275 23.4 37.1 13.2 -999.99 0 1.5 9.2 363.88
ntarla 1997 10 3 276 24.8 37.3 19.8 -999.99 0 1.7 8.8 363.88
ntarla 1997 10 4 277 25.3 37.6 20.5 -999.99 17.9 0.8 11.5 363.88
ntarla 1997 10 5 278 23.3 34.1 13.6 -999.99 0 2.8 7.4 363.88
ntarla 1997 10 6 279 24.3 32.7 14.5 -999.99 0 1.2 7.8 363.88
ntarla 1997 10 7 280 22.9 33.2 17 -999.99 0 2 6.5 363.88
ntarla 1997 10 8 281 22.8 36.1 19 -999.99 0 2.5 4.5 363.88
ntarla 1997 10 9 282 22.8 36.6 21.6 -999.99 0 2.1 3.5 363.88
ntarla 1997 10 10 283 23.8 36.7 21.6 -999.99 0 1.2 3.9 363.88
ntarla 1997 10 11 284 24.9 37.5 16.1 -999.99 0 1.2 4.2 363.88
ntarla 1997 10 12 285 23.3 38.1 20.2 -999.99 0 1.7 5.9 363.88
ntarla 1997 10 13 286 24.3 38.1 20.4 -999.99 0 1.4 8.2 363.88
ntarla 1997 10 14 287 24.2 38.6 8 -999.99 0 1.5 9.9 363.88
ntarla 1997 10 15 288 24.8 36.1 17.4 -999.99 0 1.5 9.2 363.88
ntarla 1997 10 16 289 24.8 37.3 21.3 -999.99 25.3 0.9 9.5 363.88
ntarla 1997 10 17 290 22.8 34.1 20.1 -999.99 1.7 0.4 8.4 363.88
ntarla 1997 10 18 291 24.9 33.2 7.9 -999.99 0 1.7 7.3 363.88
ntarla 1997 10 19 292 23.8 35.6 17.8 -999.99 0 1 3 363.88
ntarla 1997 10 20 293 21.3 36.6 20.3 -999.99 0 1.4 2.8 363.88
ntarla 1997 10 21 294 20.8 37.6 9.3 -999.99 0 1.6 2.7 363.88
ntarla 1997 10 22 295 21.3 38.3 18.2 -999.99 0 1.9 3.7 363.88
ntarla 1997 10 23 296 22.3 37.1 18 -999.99 0 2.2 5.1 363.88
ntarla 1997 10 24 297 24.8 38.1 20.4 -999.99 0 1.3 6.1 363.88
ntarla 1997 10 25 298 23.8 37.1 21.2 -999.99 0 1.3 6.8 363.88
ntarla 1997 10 26 299 22.8 40.1 21.6 -999.99 0 1.5 6.6 363.88
ntarla 1997 10 27 300 22.3 40.3 21.1 -999.99 0 1.4 5 363.88
ntarla 1997 10 28 301 21.3 39.6 21.2 -999.99 0 1.9 5.6 363.88
ntarla 1997 10 29 302 24.8 38.6 20.9 -999.99 11.6 1.7 9.1 363.88
ntarla 1997 10 30 303 24.8 35.7 21 -999.99 0 0.9 9.4 363.88
ntarla 1997 10 31 304 26.3 37.1 21 -999.99 0 1.3 9.3 363.88
ntarla 1997 11 1 305 22.5 39.9 21.1 -999.99 0 1.4 1.7 363.88
ntarla 1997 11 2 306 20 38.9 20.7 -999.99 0 1.2 2.6 363.88
ntarla 1997 11 3 307 21.6 39.9 21.5 -999.99 0 1.3 4.4 363.88
ntarla 1997 11 4 308 19.5 39 21.3 -999.99 0 1.3 1.8 363.88
ntarla 1997 11 5 309 20 39.4 20.9 -999.99 0 1.5 0.8 363.88
ntarla 1997 11 6 310 16.5 39.8 20 -999.99 0 0.9 0.8 363.88
ntarla 1997 11 7 311 18 39.4 20.1 -999.99 0 1.4 2.1 363.88
ntarla 1997 11 8 312 19 39.9 21.2 -999.99 0 1 1.2 363.88
ntarla 1997 11 9 313 18.5 39.5 21.1 -999.99 0 1.8 4.8 363.88
ntarla 1997 11 10 314 25.4 39.9 21.1 -999.99 0 1.6 7.3 363.88
ntarla 1997 11 11 315 23 40.1 20.8 -999.99 0 1.3 7.2 363.88
ntarla 1997 11 12 316 19.1 40.8 20 -999.99 0 1.6 3.6 363.88
ntarla 1997 11 13 317 19.1 39.9 19.4 -999.99 0 2.2 2.1 363.88
ntarla 1997 11 14 318 16.5 39.9 17.9 -999.99 0 2.2 1.6 363.88
ntarla 1997 11 15 319 19.2 39.7 16.7 -999.99 0 1.7 2 363.88
ntarla 1997 11 16 320 17.4 40.4 13.3 -999.99 0 3 1.2 363.88
ntarla 1997 11 17 321 16.5 39.9 16.8 -999.99 0 3.3 1.1 363.88
ntarla 1997 11 18 322 17 39.4 14.6 -999.99 0 3.4 1.1 363.88
ntarla 1997 11 19 323 15.1 39.5 11.1 -999.99 0 2.2 0.6 363.88
ntarla 1997 11 20 324 16.4 38.6 21 -999.99 0 1.9 2.1 363.88
ntarla 1997 11 21 325 15.7 37.9 19.9 -999.99 0 2.1 0.6 363.88
ntarla 1997 11 22 326 15 39 20.3 -999.99 0 2.2 0.7 363.88
ntarla 1997 11 23 327 15.5 38.6 21 -999.99 0 2.8 0.7 363.88
ntarla 1997 11 24 328 15.5 40.1 20.6 -999.99 0 3.6 0.5 363.88
ntarla 1997 11 25 329 15 39.9 20.3 -999.99 0 3.3 0.7 363.88
ntarla 1997 11 26 330 15.6 39.9 19.2 -999.99 0 2.3 0.6 363.88
ntarla 1997 11 27 331 14.5 39.4 20.3 -999.99 0 2.7 0.6 363.88
ntarla 1997 11 28 332 14.7 39.8 18.6 -999.99 0 1.8 0.5 363.88
ntarla 1997 11 29 333 15.2 39.9 13.7 -999.99 0 2.3 0.6 363.88
ntarla 1997 11 30 334 15 39.4 17.8 -999.99 0 2.3 1.4 363.88
ntarla 1997 12 1 335 16.2 39.8 19.5 -999.99 0 2.1 0.8 363.88
ntarla 1997 12 2 336 19.3 40.4 20 -999.99 0 1 4.5 363.88
ntarla 1997 12 3 337 18 39.8 19.3 -999.99 0 1 3.8 363.88
ntarla 1997 12 4 338 17.9 40 18.5 -999.99 0 1.7 1.3 363.88
ntarla 1997 12 5 339 15.8 39.8 17 -999.99 0 1.2 0.6 363.88
ntarla 1997 12 6 340 14.9 41.3 14.7 -999.99 0 2.2 0.6 363.88
ntarla 1997 12 7 341 14.9 39.8 13.9 -999.99 0 3 0.7 363.88
ntarla 1997 12 8 342 15.3 38.8 16.5 -999.99 0 2.6 1 363.88
ntarla 1997 12 9 343 15 36.3 19.4 -999.99 0 3.1 0.9 363.88
ntarla 1997 12 10 344 13.4 33.8 20.2 -999.99 0 3.6 0.5 363.88
ntarla 1997 12 11 345 12.2 32.8 19.5 -999.99 0 3 0.4 363.88
ntarla 1997 12 12 346 15.3 32.9 17.7 -999.99 0 3.2 0.5 363.88
ntarla 1997 12 13 347 12.3 34.4 17.7 -999.99 0 3.3 0.5 363.88
ntarla 1997 12 14 348 13.3 33.9 20.4 -999.99 0 2.9 0.4 363.88
ntarla 1997 12 15 349 12.3 34.4 19.1 -999.99 0 2.4 0.4 363.88
ntarla 1997 12 16 350 12.4 34.4 14.7 -999.99 0 2 0.3 363.88
ntarla 1997 12 17 351 12.8 36.4 17.6 -999.99 0 2.3 0.3 363.88
ntarla 1997 12 18 352 14.8 36.5 17.8 -999.99 0 3.1 0.5 363.88
ntarla 1997 12 19 353 14.3 38.8 18.3 -999.99 0 2.8 0.6 363.88
ntarla 1997 12 20 354 14 39.8 17 -999.99 0 2.2 0.7 363.88
ntarla 1997 12 21 355 13.8 40 18.9 -999.99 0 2.6 0.8 363.88
ntarla 1997 12 22 356 13.3 40.3 16.7 -999.99 0 2.9 0.6 363.88
ntarla 1997 12 23 357 13.4 39.7 19.6 -999.99 0 3.8 0.5 363.88
ntarla 1997 12 24 358 12.8 38.3 18.7 -999.99 0 4.2 0.5 363.88
ntarla 1997 12 25 359 13.3 33.3 19.8 -999.99 0 4.5 0.6 363.88
ntarla 1997 12 26 360 12.8 31.4 18.7 -999.99 0 3.8 0.4 363.88
ntarla 1997 12 27 361 10.8 34.8 19 -999.99 0 3.7 0.4 363.88
ntarla 1997 12 28 362 10.8 33.4 10.7 -999.99 0 3.8 0.3 363.88
ntarla 1997 12 29 363 9 33.8 12.5 -999.99 0 2.5 0.3 363.88
ntarla 1997 12 30 364 10.8 33.8 17.3 -999.99 0 1.5 0.3 363.88
ntarla 1997 12 31 365 13.8 33.6 15.7 -999.99 0 2.8 0.3 363.88
