Mali.ntarla 2002 1 2 2 20.3 34.98 19.44 -999.99 0 3.18 -999.99 373.45
Mali.ntarla 2002 1 3 3 16.87 32.79 17.388 -999.99 0 2.82 -999.99 373.45
Mali.ntarla 2002 1 4 4 17.08 33.19 18.54 -999.99 0 2.8 -999.99 373.45
Mali.ntarla 2002 1 5 5 17.46 31.98 19.944 -999.99 0 2.25 -999.99 373.45
Mali.ntarla 2002 1 6 6 18.24 33.29 16.272 -999.99 0.02 1.85 -999.99 373.45
Mali.ntarla 2002 1 7 7 17.73 32.19 18.396 -999.99 0 2.11 -999.99 373.45
Mali.ntarla 2002 1 8 8 19.15 34.15 14.688 -999.99 0.19 2.64 -999.99 373.45
Mali.ntarla 2002 1 9 9 20.69 34.6 9.936 -999.99 0.03 3.36 -999.99 373.45
Mali.ntarla 2002 1 10 10 18.13 34.12 19.152 -999.99 0 3.54 -999.99 373.45
Mali.ntarla 2002 1 11 11 17.69 31.92 14.868 -999.99 0 4.05 -999.99 373.45
Mali.ntarla 2002 1 12 12 18.72 30.95 14.976 -999.99 0 3.89 -999.99 373.45
Mali.ntarla 2002 1 13 13 15.9 30.37 18.864 -999.99 0 3.02 -999.99 373.45
Mali.ntarla 2002 1 14 14 15.73 32.09 18.756 -999.99 0 2.99 -999.99 373.45
Mali.ntarla 2002 1 15 15 15.07 32.55 20.052 -999.99 0 2.99 -999.99 373.45
Mali.ntarla 2002 1 16 16 15.02 33.26 20.916 -999.99 0 3.02 -999.99 373.45
Mali.ntarla 2002 1 17 17 15.26 34.26 21.564 -999.99 0 2.63 -999.99 373.45
Mali.ntarla 2002 1 18 18 16.36 34.62 20.628 -999.99 0 3.35 -999.99 373.45
Mali.ntarla 2002 1 19 19 16.5 34.07 19.728 -999.99 0 4.12 -999.99 373.45
Mali.ntarla 2002 1 20 20 15.95 34.58 21.744 -999.99 0 4.48 -999.99 373.45
Mali.ntarla 2002 1 21 21 16.15 34.9 21.312 -999.99 0 4.62 -999.99 373.45
Mali.ntarla 2002 1 22 22 16.01 35.37 21.888 -999.99 0 3.72 -999.99 373.45
Mali.ntarla 2002 1 23 23 17.05 36.19 21.384 -999.99 0 3.43 -999.99 373.45
Mali.ntarla 2002 1 24 24 18.15 35.12 20.556 -999.99 0 3.08 -999.99 373.45
Mali.ntarla 2002 1 25 25 16.99 35.87 20.988 -999.99 0 3.5 -999.99 373.45
Mali.ntarla 2002 1 26 26 17.17 35.01 20.484 -999.99 0 3.85 -999.99 373.45
Mali.ntarla 2002 1 27 27 15.81 35.06 22.536 -999.99 0 3.88 -999.99 373.45
Mali.ntarla 2002 1 28 28 14.73 34.32 21.672 -999.99 0 3.91 -999.99 373.45
Mali.ntarla 2002 1 29 29 15.95 33.56 19.26 -999.99 0 3.41 -999.99 373.45
Mali.ntarla 2002 1 30 30 16.72 34.9 20.484 -999.99 0 3.23 -999.99 373.45
Mali.ntarla 2002 1 31 31 18.2 32.44 16.704 -999.99 0 3.51 -999.99 373.45
Mali.ntarla 2002 2 1 32 14.68 34.26 22.068 -999.99 0 3.25 -999.99 373.45
Mali.ntarla 2002 2 2 33 14.9 34.58 22.392 -999.99 0 2.83 -999.99 373.45
Mali.ntarla 2002 2 3 34 15.94 36.2 22.248 -999.99 0 2.59 -999.99 373.45
Mali.ntarla 2002 2 4 35 16.83 36.31 22.32 -999.99 0 3.41 -999.99 373.45
Mali.ntarla 2002 2 5 36 17.41 35.98 22.212 -999.99 0 3.95 -999.99 373.45
Mali.ntarla 2002 2 6 37 15.59 34.29 22.212 -999.99 0 3.62 -999.99 373.45
Mali.ntarla 2002 2 7 38 14.22 35.29 23.94 -999.99 0 2.68 -999.99 373.45
Mali.ntarla 2002 2 8 39 15.76 35.63 23.04 -999.99 0 3.38 -999.99 373.45
Mali.ntarla 2002 2 9 40 14.83 33.68 22.68 -999.99 0 4.06 -999.99 373.45
Mali.ntarla 2002 2 10 41 13.1 33.98 18.36 -999.99 0 2.82 -999.99 373.45
Mali.ntarla 2002 2 11 42 16.45 34.99 18.252 -999.99 0 2.55 -999.99 373.45
Mali.ntarla 2002 2 12 43 16.91 35.4 21.24 -999.99 0 3.14 -999.99 373.45
Mali.ntarla 2002 2 13 44 15.28 36.14 22.644 -999.99 0 2.7 -999.99 373.45
Mali.ntarla 2002 2 14 45 16.06 36.34 22.716 -999.99 0 2.62 -999.99 373.45
Mali.ntarla 2002 2 15 46 16.19 37.19 24.012 -999.99 0 2.57 -999.99 373.45
Mali.ntarla 2002 2 16 47 16.29 38.06 22.428 -999.99 0 2.2 -999.99 373.45
Mali.ntarla 2002 2 17 48 17.45 38.68 21.204 -999.99 0 1.97 -999.99 373.45
Mali.ntarla 2002 2 18 49 20.97 39.68 19.512 -999.99 0 1.73 -999.99 373.45
Mali.ntarla 2002 2 19 50 19.97 40 20.772 -999.99 0.02 2.25 -999.99 373.45
Mali.ntarla 2002 2 20 51 18.34 40.25 21.708 -999.99 0 2.74 -999.99 373.45
Mali.ntarla 2002 2 21 52 19.12 39.3 18.684 -999.99 0 2.45 -999.99 373.45
Mali.ntarla 2002 2 22 53 17.78 39.53 23.904 -999.99 0 3.01 -999.99 373.45
Mali.ntarla 2002 2 23 54 19.07 39.36 23.076 -999.99 0 3.59 -999.99 373.45
Mali.ntarla 2002 2 24 55 19.79 39.26 22.356 -999.99 0 3.65 -999.99 373.45
Mali.ntarla 2002 2 25 56 20.2 37.46 23.652 -999.99 0 4.77 -999.99 373.45
Mali.ntarla 2002 2 26 57 18.14 34.83 23.796 -999.99 0 3.76 -999.99 373.45
Mali.ntarla 2002 2 27 58 16.18 35.87 24.804 -999.99 0 3.48 -999.99 373.45
Mali.ntarla 2002 2 28 59 18.77 37.67 19.368 -999.99 0 2.27 -999.99 373.45
Mali.ntarla 2002 3 1 60 18.19 38.37 21.204 -999.99 0 1.62 -999.99 373.45
Mali.ntarla 2002 3 2 61 20.44 40.37 22.896 -999.99 0.27 1.92 -999.99 373.45
Mali.ntarla 2002 3 3 62 25.4 38.8 18.468 -999.99 0.04 1.12 -999.99 373.45
Mali.ntarla 2002 3 4 63 24.24 39.62 21.672 -999.99 0 1.64 -999.99 373.45
Mali.ntarla 2002 3 5 64 22.09 41.17 24.984 -999.99 0 2.97 -999.99 373.45
Mali.ntarla 2002 3 6 65 20.39 39.87 25.272 -999.99 0 3.08 -999.99 373.45
Mali.ntarla 2002 3 7 66 20.11 40.01 25.164 -999.99 0 2.89 -999.99 373.45
Mali.ntarla 2002 3 8 67 19.93 39.8 26.064 -999.99 0 3 -999.99 373.45
Mali.ntarla 2002 3 9 68 19.37 39.16 26.568 -999.99 0 2.76 -999.99 373.45
Mali.ntarla 2002 3 10 69 19.22 37.87 26.388 -999.99 0 2.88 -999.99 373.45
Mali.ntarla 2002 3 11 70 20.19 39.85 24.444 -999.99 0.02 2.27 -999.99 373.45
Mali.ntarla 2002 3 12 71 21.93 40.01 24.408 -999.99 0.48 2.74 -999.99 373.45
Mali.ntarla 2002 3 13 72 23.11 41.91 24.804 -999.99 0 2.52 -999.99 373.45
Mali.ntarla 2002 3 14 73 21.57 41.73 24.408 -999.99 0 1.67 -999.99 373.45
Mali.ntarla 2002 3 15 74 22.75 42 23.976 -999.99 0.2 2.6 -999.99 373.45
Mali.ntarla 2002 3 16 75 21.47 41.52 25.02 -999.99 0 4.03 -999.99 373.45
Mali.ntarla 2002 3 17 76 23.07 39.36 23.112 -999.99 0 4.79 -999.99 373.45
Mali.ntarla 2002 3 18 77 21.98 38.31 19.764 -999.99 0 3.47 -999.99 373.45
Mali.ntarla 2002 3 19 78 20.61 39.42 23.976 -999.99 0 3.22 -999.99 373.45
Mali.ntarla 2002 3 20 79 21.17 40.83 24.3 -999.99 0 3.8 -999.99 373.45
Mali.ntarla 2002 3 21 80 23.15 40.62 21.924 -999.99 0 4.19 -999.99 373.45
Mali.ntarla 2002 3 22 81 22.3 40.13 20.556 -999.99 0 2.69 -999.99 373.45
Mali.ntarla 2002 3 23 82 23.32 39.62 19.368 -999.99 0 1.9 -999.99 373.45
Mali.ntarla 2002 3 24 83 25.47 37.01 16.992 -999.99 0.1 2.38 -999.99 373.45
Mali.ntarla 2002 3 25 84 25.73 37.23 17.532 -999.99 0 2.09 -999.99 373.45
Mali.ntarla 2002 3 26 85 23.01 40.26 21.852 -999.99 0.03 2.52 -999.99 373.45
Mali.ntarla 2002 3 27 86 23.4 40.65 22.644 -999.99 0 2.95 -999.99 373.45
Mali.ntarla 2002 3 28 87 24.58 40.45 23.328 -999.99 0 0.99 -999.99 373.45
Mali.ntarla 2002 3 29 88 26.68 41.72 22.896 -999.99 0.06 1.04 -999.99 373.45
Mali.ntarla 2002 3 30 89 30.76 42.18 22.68 -999.99 0.05 2.31 -999.99 373.45
Mali.ntarla 2002 3 31 90 26.23 43.33 23.724 -999.99 0.03 2.98 -999.99 373.45
Mali.ntarla 2002 4 1 91 24.95 42.12 19.512 -999.99 0.17 2.05 -999.99 373.45
Mali.ntarla 2002 4 2 92 27.01 43.67 23.148 -999.99 0.12 1.54 -999.99 373.45
Mali.ntarla 2002 4 3 93 25.82 41.6 22.86 -999.99 0.05 3.86 -999.99 373.45
Mali.ntarla 2002 4 4 94 25.4 41.26 22.176 -999.99 0.97 1.44 -999.99 373.45
Mali.ntarla 2002 4 5 95 26.94 39.7 22.428 -999.99 1.64 1.52 -999.99 373.45
Mali.ntarla 2002 4 6 96 28.21 39.77 17.064 -999.99 2.56 2.44 -999.99 373.45
Mali.ntarla 2002 4 7 97 27.13 36.79 20.592 -999.99 0.01 2.11 -999.99 373.45
Mali.ntarla 2002 4 8 98 27.38 36.8 8.748 -999.99 3.18 2.23 -999.99 373.45
Mali.ntarla 2002 4 9 99 26.2 39.6 22.716 -999.99 0.55 2.38 -999.99 373.45
Mali.ntarla 2002 4 10 100 26.83 40.63 21.132 -999.99 0 2.7 -999.99 373.45
Mali.ntarla 2002 4 11 101 26.35 40.93 17.604 -999.99 2.29 2.13 -999.99 373.45
Mali.ntarla 2002 4 12 102 25.95 38.68 20.52 -999.99 3.02 1.8 -999.99 373.45
Mali.ntarla 2002 4 13 103 26.4 39.68 21.132 -999.99 1.23 1.29 -999.99 373.45
Mali.ntarla 2002 4 14 104 26.4 40.23 20.736 -999.99 0.08 1.93 -999.99 373.45
Mali.ntarla 2002 4 15 105 27.71 38.76 22.968 -999.99 0.3 2.67 -999.99 373.45
Mali.ntarla 2002 4 16 106 25.98 40.19 21.168 -999.99 0.01 1.76 -999.99 373.45
Mali.ntarla 2002 4 17 107 22.45 41.14 25.092 -999.99 0 2.16 -999.99 373.45
Mali.ntarla 2002 4 18 108 22.09 41.23 25.2 -999.99 0 2.55 -999.99 373.45
Mali.ntarla 2002 4 19 109 23 39.89 24.984 -999.99 0.42 1.61 -999.99 373.45
Mali.ntarla 2002 4 20 110 24.44 39.87 20.412 -999.99 5.61 1.09 -999.99 373.45
Mali.ntarla 2002 4 21 111 26.53 40.4 18.936 -999.99 0.21 1.36 -999.99 373.45
Mali.ntarla 2002 4 22 112 27.08 40.9 23.148 -999.99 0.23 1.14 -999.99 373.45
Mali.ntarla 2002 4 23 113 25.38 41.49 26.28 -999.99 0 2.44 -999.99 373.45
Mali.ntarla 2002 4 24 114 22.96 40.4 26.352 -999.99 0 3.05 -999.99 373.45
Mali.ntarla 2002 4 25 115 22.51 39.94 23.976 -999.99 0 3.01 -999.99 373.45
Mali.ntarla 2002 4 26 116 22.48 41.83 24.228 -999.99 0 2.05 -999.99 373.45
Mali.ntarla 2002 4 27 117 23.55 43 23.328 -999.99 0 1.59 -999.99 373.45
Mali.ntarla 2002 4 28 118 25.19 41.08 21.492 -999.99 0 2.88 -999.99 373.45
Mali.ntarla 2002 4 29 119 27.9 41.12 20.916 -999.99 0.01 3.37 -999.99 373.45
Mali.ntarla 2002 4 30 120 29.79 42.58 25.308 -999.99 0 1.9 -999.99 373.45
Mali.ntarla 2002 5 1 121 31.7 41.58 21.96 -999.99 2.74 1.93 -999.99 373.45
Mali.ntarla 2002 5 2 122 28.87 39.9 21.168 -999.99 6.28 2.66 -999.99 373.45
Mali.ntarla 2002 5 3 123 26.04 37.26 21.78 -999.99 3.82 2.14 -999.99 373.45
Mali.ntarla 2002 5 4 124 26.77 36.52 23.724 -999.99 6.55 2.53 -999.99 373.45
Mali.ntarla 2002 5 5 125 26.38 35.94 23.148 -999.99 0.65 2.05 -999.99 373.45
Mali.ntarla 2002 5 6 126 25.95 38.86 23.76 -999.99 0.27 2.54 -999.99 373.45
Mali.ntarla 2002 5 7 127 26.5 36.3 22.392 -999.99 4.31 2.24 -999.99 373.45
Mali.ntarla 2002 5 8 128 26.67 32.55 23.472 -999.99 4.94 1.98 -999.99 373.45
Mali.ntarla 2002 5 9 129 26.23 37.08 15.156 -999.99 2.4 1.02 -999.99 373.45
Mali.ntarla 2002 5 10 130 25.29 40.35 26.28 -999.99 0 3.01 -999.99 373.45
Mali.ntarla 2002 5 11 131 23.96 40.97 25.092 -999.99 0 3.7 -999.99 373.45
Mali.ntarla 2002 5 12 132 22.98 38.94 24.732 -999.99 0.01 2.21 -999.99 373.45
Mali.ntarla 2002 5 13 133 25.59 41.28 26.28 -999.99 0 2.09 -999.99 373.45
Mali.ntarla 2002 5 14 134 24.29 41.61 24.192 -999.99 0.03 3.58 -999.99 373.45
Mali.ntarla 2002 5 15 135 27.33 38.58 21.636 -999.99 4.74 2.89 -999.99 373.45
Mali.ntarla 2002 5 16 136 26.45 41.37 24.048 -999.99 0.78 1.98 -999.99 373.45
Mali.ntarla 2002 5 17 137 27.9 42.12 23.148 -999.99 1.4 2.34 -999.99 373.45
Mali.ntarla 2002 5 18 138 28.62 40.68 22.5 -999.99 0.98 2.38 -999.99 373.45
Mali.ntarla 2002 5 19 139 29.21 39.73 12.672 -999.99 1.01 1.3 -999.99 373.45
Mali.ntarla 2002 5 20 140 27.2 41.55 23.472 -999.99 0.16 1.7 -999.99 373.45
Mali.ntarla 2002 5 21 141 28.05 39.98 21.168 -999.99 0.65 2.45 -999.99 373.45
Mali.ntarla 2002 5 22 142 28.14 40.02 23.94 -999.99 0.53 2.76 -999.99 373.45
Mali.ntarla 2002 5 23 143 26.11 31.15 14.904 -999.99 0.71 2.24 -999.99 373.45
Mali.ntarla 2002 5 24 144 25.95 38.34 15.48 -999.99 0.23 1.92 -999.99 373.45
Mali.ntarla 2002 5 25 145 26.29 40.4 22.968 -999.99 0 2.5 -999.99 373.45
Mali.ntarla 2002 5 26 146 28.37 42.31 25.092 -999.99 0 1.28 -999.99 373.45
Mali.ntarla 2002 5 27 147 29.42 43.09 23.868 -999.99 0.09 1.97 -999.99 373.45
Mali.ntarla 2002 5 28 148 30.15 42.44 24.156 -999.99 0.66 3.27 -999.99 373.45
Mali.ntarla 2002 5 29 149 29.36 41.4 17.424 -999.99 0.53 2.37 -999.99 373.45
Mali.ntarla 2002 5 30 150 27.91 39.61 25.236 -999.99 1.45 2.8 -999.99 373.45
Mali.ntarla 2002 5 31 151 29.2 41.3 24.732 -999.99 6.54 2.18 -999.99 373.45
Mali.ntarla 2002 6 1 152 26.06 39.63 21.024 -999.99 2.77 3.27 -999.99 373.45
Mali.ntarla 2002 6 2 153 25.7 39.58 23.796 -999.99 1.58 3.12 -999.99 373.45
Mali.ntarla 2002 6 3 154 26.15 35.73 14.292 -999.99 6.09 4.06 -999.99 373.45
Mali.ntarla 2002 6 4 155 24.01 32.55 20.772 -999.99 8.24 3.95 -999.99 373.45
Mali.ntarla 2002 6 5 156 22.17 36.2 24.624 -999.99 0.66 1.72 -999.99 373.45
Mali.ntarla 2002 6 6 157 24.83 35.68 23.184 -999.99 2.12 1.73 -999.99 373.45
Mali.ntarla 2002 6 7 158 24.52 37.83 20.808 -999.99 1.68 2.87 -999.99 373.45
Mali.ntarla 2002 6 8 159 24.18 38.13 24.912 -999.99 0.94 2.43 -999.99 373.45
Mali.ntarla 2002 6 9 160 25.39 39.57 25.38 -999.99 0.43 2.21 -999.99 373.45
Mali.ntarla 2002 6 10 161 25.69 34.23 17.928 -999.99 10.43 2.33 -999.99 373.45
Mali.ntarla 2002 6 11 162 23.92 37.7 21.672 -999.99 0.35 2.82 -999.99 373.45
Mali.ntarla 2002 6 12 163 23.38 38.4 24.876 -999.99 1.69 1.52 -999.99 373.45
Mali.ntarla 2002 6 13 164 25.48 39.15 23.832 -999.99 2.83 3.25 -999.99 373.45
Mali.ntarla 2002 6 14 165 24.06 36.94 20.232 -999.99 1.82 4.6 -999.99 373.45
Mali.ntarla 2002 6 15 166 24.34 34.66 23.22 -999.99 1.04 2.69 -999.99 373.45
Mali.ntarla 2002 6 16 167 24.1 36.73 22.212 -999.99 0.65 2.42 -999.99 373.45
Mali.ntarla 2002 6 17 168 24.48 36.62 21.816 -999.99 1.7 2.62 -999.99 373.45
Mali.ntarla 2002 6 18 169 25.79 37.65 21.708 -999.99 2.29 1.96 -999.99 373.45
Mali.ntarla 2002 6 19 170 25.51 37.98 20.52 -999.99 2.65 2.2 -999.99 373.45
Mali.ntarla 2002 6 20 171 24.88 32.85 19.008 -999.99 4.76 2.05 -999.99 373.45
Mali.ntarla 2002 6 21 172 24.04 38.87 25.092 -999.99 0 2.44 -999.99 373.45
Mali.ntarla 2002 6 22 173 24.83 39.15 24.552 -999.99 1.92 2.04 -999.99 373.45
Mali.ntarla 2002 6 23 174 25.54 39.25 16.92 -999.99 1.71 2.27 -999.99 373.45
Mali.ntarla 2002 6 24 175 26.16 37.41 22.968 -999.99 2.92 3.06 -999.99 373.45
Mali.ntarla 2002 6 25 176 24.83 34.01 18.792 -999.99 1.88 1.83 -999.99 373.45
Mali.ntarla 2002 6 26 177 24.26 37.48 22.572 -999.99 1.27 1.39 -999.99 373.45
Mali.ntarla 2002 6 27 178 25.52 36.65 20.088 -999.99 3.92 2.36 -999.99 373.45
Mali.ntarla 2002 6 28 179 24.89 36.47 24.876 -999.99 6 3.16 -999.99 373.45
Mali.ntarla 2002 6 29 180 24.55 36.14 17.604 -999.99 2.08 2.7 -999.99 373.45
Mali.ntarla 2002 6 30 181 24.16 36.44 25.632 -999.99 1 1.78 -999.99 373.45
Mali.ntarla 2002 7 1 182 23.86 37.48 24.984 -999.99 2.31 2.17 -999.99 373.45
Mali.ntarla 2002 7 2 183 24.43 33.98 16.632 -999.99 12.24 2.34 -999.99 373.45
Mali.ntarla 2002 7 3 184 24.7 32.99 24.732 -999.99 3.67 1.33 -999.99 373.45
Mali.ntarla 2002 7 4 185 23.36 33.94 21.672 -999.99 2.47 2.61 -999.99 373.45
Mali.ntarla 2002 7 5 186 23.3 34.22 24.084 -999.99 6.37 2.66 -999.99 373.45
Mali.ntarla 2002 7 6 187 22.48 35.4 23.868 -999.99 3.93 1.57 -999.99 373.45
Mali.ntarla 2002 7 7 188 23.76 34.32 18.072 -999.99 8.84 2.2 -999.99 373.45
Mali.ntarla 2002 7 8 189 23.76 35.32 24.624 -999.99 6.54 1.69 -999.99 373.45
Mali.ntarla 2002 7 9 190 24.01 35.55 24.696 -999.99 5.3 1.6 -999.99 373.45
Mali.ntarla 2002 7 10 191 24 29.9 18.468 -999.99 9.78 3.48 -999.99 373.45
Mali.ntarla 2002 7 11 192 22.09 35.47 24.12 -999.99 1.46 1.17 -999.99 373.45
Mali.ntarla 2002 7 12 193 22.83 36.77 22.14 -999.99 1.56 1.97 -999.99 373.45
Mali.ntarla 2002 7 13 194 23.4 36.54 25.02 -999.99 3.75 1.91 -999.99 373.45
Mali.ntarla 2002 7 14 195 23.68 36.37 13.824 -999.99 6.87 2.23 -999.99 373.45
Mali.ntarla 2002 7 15 196 24.22 33.62 19.368 -999.99 3.8 2.8 -999.99 373.45
Mali.ntarla 2002 7 16 197 24.13 29.42 9.612 -999.99 3.46 1.8 -999.99 373.45
Mali.ntarla 2002 7 17 198 22.84 34.29 16.056 -999.99 0.5 1.52 -999.99 373.45
Mali.ntarla 2002 7 18 199 23.09 34.87 22.968 -999.99 3.34 1.44 -999.99 373.45
Mali.ntarla 2002 7 19 200 23.89 34.41 22.932 -999.99 3.46 1.68 -999.99 373.45
Mali.ntarla 2002 7 20 201 23.63 32.37 19.548 -999.99 17.48 1.43 -999.99 373.45
Mali.ntarla 2002 7 21 202 24.4 34.28 19.008 -999.99 5.38 1.99 -999.99 373.45
Mali.ntarla 2002 7 22 203 22.27 33.89 14.976 -999.99 9.12 1.66 -999.99 373.45
Mali.ntarla 2002 7 23 204 22.77 33.63 21.312 -999.99 3.26 2.41 -999.99 373.45
Mali.ntarla 2002 7 24 205 22.35 31.12 18.072 -999.99 3.7 1.89 -999.99 373.45
Mali.ntarla 2002 7 25 206 22.21 35.67 18.828 -999.99 0.75 2.65 -999.99 373.45
Mali.ntarla 2002 7 26 207 22.94 33.87 23.04 -999.99 8.75 3.38 -999.99 373.45
Mali.ntarla 2002 7 27 208 23.71 30.09 18.684 -999.99 16.26 2.78 -999.99 373.45
Mali.ntarla 2002 7 28 209 23.3 31.63 18.576 -999.99 1.07 2.27 -999.99 373.45
Mali.ntarla 2002 7 29 210 22.64 30.8 8.532 -999.99 9.97 1.48 -999.99 373.45
Mali.ntarla 2002 7 30 211 22.75 31.93 23.652 -999.99 4.23 1.3 -999.99 373.45
Mali.ntarla 2002 7 31 212 22.16 32.13 22.86 -999.99 2.75 1.91 -999.99 373.45
Mali.ntarla 2002 8 1 213 22.91 30.01 18.648 -999.99 5.15 1.21 -999.99 373.45
Mali.ntarla 2002 8 2 214 22.48 30.02 16.668 -999.99 5.35 1.38 -999.99 373.45
Mali.ntarla 2002 8 3 215 21.69 30.91 22.032 -999.99 2.98 1.2 -999.99 373.45
Mali.ntarla 2002 8 4 216 22.01 32.41 23.004 -999.99 1.86 1.29 -999.99 373.45
Mali.ntarla 2002 8 5 217 22.68 31.82 23.364 -999.99 3.22 2.51 -999.99 373.45
Mali.ntarla 2002 8 6 218 22.7 27.6 8.244 -999.99 11.17 2.27 -999.99 373.45
Mali.ntarla 2002 8 7 219 21.74 31.08 22.536 -999.99 1.12 2.38 -999.99 373.45
Mali.ntarla 2002 8 8 220 22.46 31.1 24.48 -999.99 2.49 2.38 -999.99 373.45
Mali.ntarla 2002 8 9 221 22.14 32.73 24.192 -999.99 5.02 1.26 -999.99 373.45
Mali.ntarla 2002 8 10 222 23.37 32.17 24.732 -999.99 9.21 1.35 -999.99 373.45
Mali.ntarla 2002 8 11 223 22.97 30.42 23.004 -999.99 9.47 0.92 -999.99 373.45
Mali.ntarla 2002 8 12 224 21.75 33.01 22.824 -999.99 3.89 1.66 -999.99 373.45
Mali.ntarla 2002 8 13 225 23.43 33.07 22.5 -999.99 6.81 1.06 -999.99 373.45
Mali.ntarla 2002 8 14 226 23.48 32.33 19.044 -999.99 10.59 0.98 -999.99 373.45
Mali.ntarla 2002 8 15 227 23.65 31.73 21.312 -999.99 0.52 1.43 -999.99 373.45
Mali.ntarla 2002 8 16 228 21.44 30.34 21.492 -999.99 3.02 1.93 -999.99 373.45
Mali.ntarla 2002 8 17 229 22.36 31.02 19.26 -999.99 7.22 1.47 -999.99 373.45
Mali.ntarla 2002 8 18 230 23.29 30.15 20.412 -999.99 17.71 0.97 -999.99 373.45
Mali.ntarla 2002 8 19 231 21.65 30.72 21.384 -999.99 11.33 1.56 -999.99 373.45
Mali.ntarla 2002 8 20 232 22.36 30.72 24.552 -999.99 11.2 1.18 -999.99 373.45
Mali.ntarla 2002 8 21 233 23.26 31.23 11.844 -999.99 9.02 1.29 -999.99 373.45
Mali.ntarla 2002 8 22 234 22.09 29.62 19.728 -999.99 0.21 1.85 -999.99 373.45
Mali.ntarla 2002 8 23 235 20.2 32.53 23.364 -999.99 2.26 1.33 -999.99 373.45
Mali.ntarla 2002 8 24 236 21.88 33.38 24.66 -999.99 2.82 1.1 -999.99 373.45
Mali.ntarla 2002 8 25 237 22.99 34.79 22.752 -999.99 1.66 1.41 -999.99 373.45
Mali.ntarla 2002 8 26 238 22.47 33.36 8.208 -999.99 4.79 1.84 -999.99 373.45
Mali.ntarla 2002 8 27 239 22.96 30.62 18.9 -999.99 7.14 1.98 -999.99 373.45
Mali.ntarla 2002 8 28 240 21.7 30.9 17.892 -999.99 3.8 1.31 -999.99 373.45
Mali.ntarla 2002 8 29 241 22.42 32.89 20.088 -999.99 2.59 1.19 -999.99 373.45
Mali.ntarla 2002 8 30 242 23.18 32.42 21.42 -999.99 1 2.33 -999.99 373.45
Mali.ntarla 2002 8 31 243 22.01 30.57 22.248 -999.99 4.17 2.09 -999.99 373.45
Mali.ntarla 2002 9 1 244 21.23 33.95 25.848 -999.99 4.99 1.16 -999.99 373.45
Mali.ntarla 2002 9 2 245 22.3 34.59 24.192 -999.99 4.81 1.34 -999.99 373.45
Mali.ntarla 2002 9 3 246 22.8 32.9 25.272 -999.99 4.31 1.23 -999.99 373.45
Mali.ntarla 2002 9 4 247 23.26 30.74 13.14 -999.99 14.94 1.6 -999.99 373.45
Mali.ntarla 2002 9 5 248 22.6 30.45 17.532 -999.99 1.66 3.07 -999.99 373.45
Mali.ntarla 2002 9 6 249 20.85 31.98 20.196 -999.99 3.32 1.82 -999.99 373.45
Mali.ntarla 2002 9 7 250 22.28 30.34 7.704 -999.99 9.48 1.83 -999.99 373.45
Mali.ntarla 2002 9 8 251 22.73 29.95 19.548 -999.99 1.95 2.02 -999.99 373.45
Mali.ntarla 2002 9 9 252 21.47 31.58 21.78 -999.99 0.32 1.24 -999.99 373.45
Mali.ntarla 2002 9 10 253 22.67 32.48 23.112 -999.99 2.49 1.69 -999.99 373.45
Mali.ntarla 2002 9 11 254 21.65 34.14 23.436 -999.99 0.68 1.98 -999.99 373.45
Mali.ntarla 2002 9 12 255 22.15 32.12 22.32 -999.99 1.04 1.43 -999.99 373.45
Mali.ntarla 2002 9 13 256 22.05 33.56 15.264 -999.99 2.72 1.78 -999.99 373.45
Mali.ntarla 2002 9 14 257 21.78 33.3 22.248 -999.99 3.19 1.88 -999.99 373.45
Mali.ntarla 2002 9 15 258 22.3 34.01 22.644 -999.99 0.49 1.95 -999.99 373.45
Mali.ntarla 2002 9 16 259 21.92 34.64 24.264 -999.99 6.65 1.35 -999.99 373.45
Mali.ntarla 2002 9 17 260 22.8 33.44 22.752 -999.99 10.82 1.59 -999.99 373.45
Mali.ntarla 2002 9 18 261 23.12 34.14 24.66 -999.99 0.89 1.7 -999.99 373.45
Mali.ntarla 2002 9 19 262 22.29 33.33 21.528 -999.99 0.22 2.35 -999.99 373.45
Mali.ntarla 2002 9 20 263 22.07 32.54 20.412 -999.99 0.2 2.17 -999.99 373.45
Mali.ntarla 2002 9 21 264 22.78 36.48 24.336 -999.99 0.12 1.65 -999.99 373.45
Mali.ntarla 2002 9 22 265 23.58 34.07 22.608 -999.99 0.91 1.87 -999.99 373.45
Mali.ntarla 2002 9 23 266 22.44 35.99 22.212 -999.99 0.97 2.73 -999.99 373.45
Mali.ntarla 2002 9 24 267 20.51 35.67 21.744 -999.99 4.32 1.11 -999.99 373.45
Mali.ntarla 2002 9 25 268 22.64 35.88 24.408 -999.99 0.09 1.78 -999.99 373.45
Mali.ntarla 2002 9 26 269 22.44 37.32 25.092 -999.99 0.72 2.32 -999.99 373.45
Mali.ntarla 2002 9 27 270 22.9 38.55 24.804 -999.99 2.5 1.52 -999.99 373.45
Mali.ntarla 2002 9 28 271 23.18 39.05 21.744 -999.99 1.75 2.14 -999.99 373.45
Mali.ntarla 2002 9 29 272 23.45 37.06 22.644 -999.99 0.45 2.49 -999.99 373.45
Mali.ntarla 2002 9 30 273 23.51 36.36 19.584 -999.99 1.23 2.83 -999.99 373.45
Mali.ntarla 2002 10 1 274 22.26 37.12 23.4 -999.99 1.77 2.2 -999.99 373.45
Mali.ntarla 2002 10 2 275 18.25 37.64 23.832 -999.99 0.43 1.11 -999.99 373.45
Mali.ntarla 2002 10 3 276 18.52 36.48 22.248 -999.99 2.72 1.45 -999.99 373.45
Mali.ntarla 2002 10 4 277 21.44 34.73 21.204 -999.99 5.31 1.43 -999.99 373.45
Mali.ntarla 2002 10 5 278 21.92 33.94 18.252 -999.99 1.28 2.26 -999.99 373.45
Mali.ntarla 2002 10 6 279 23.31 33.51 20.268 -999.99 1.67 1.11 -999.99 373.45
Mali.ntarla 2002 10 7 280 22.76 34.05 18.18 -999.99 4.28 1.51 -999.99 373.45
Mali.ntarla 2002 10 8 281 22.59 32.38 18.756 -999.99 2.11 1.37 -999.99 373.45
Mali.ntarla 2002 10 9 282 23.27 34.54 22.68 -999.99 3.08 1.84 -999.99 373.45
Mali.ntarla 2002 10 10 283 23.53 34.92 20.34 -999.99 0.1 2.4 -999.99 373.45
Mali.ntarla 2002 10 11 284 22.12 36.33 19.332 -999.99 1.48 1.41 -999.99 373.45
Mali.ntarla 2002 10 12 285 22.58 38.21 22.104 -999.99 1.02 1.65 -999.99 373.45
Mali.ntarla 2002 10 13 286 23.81 37.18 21.672 -999.99 2.79 1.41 -999.99 373.45
Mali.ntarla 2002 10 14 287 23.68 36.4 21.276 -999.99 2.74 1.63 -999.99 373.45
Mali.ntarla 2002 10 15 288 22.87 36.58 21.096 -999.99 1.13 1.62 -999.99 373.45
Mali.ntarla 2002 10 16 289 23.29 37.6 23.004 -999.99 0.06 1.84 -999.99 373.45
Mali.ntarla 2002 10 17 290 24.58 36.64 20.772 -999.99 2.73 1.73 -999.99 373.45
Mali.ntarla 2002 10 18 291 22.71 36.69 20.016 -999.99 0.69 1.52 -999.99 373.45
Mali.ntarla 2002 10 19 292 22.68 37.55 20.052 -999.99 1.85 1.72 -999.99 373.45
Mali.ntarla 2002 10 20 293 23.99 37.82 17.82 -999.99 0.04 2.27 -999.99 373.45
Mali.ntarla 2002 10 21 294 23.3 38.58 20.592 -999.99 0.07 1.71 -999.99 373.45
Mali.ntarla 2002 10 22 295 20.77 37.9 20.124 -999.99 0.29 1.76 -999.99 373.45
Mali.ntarla 2002 10 23 296 23.67 37.9 19.728 -999.99 0.08 1.7 -999.99 373.45
Mali.ntarla 2002 10 24 297 22.87 37.44 20.196 -999.99 0.06 2.31 -999.99 373.45
Mali.ntarla 2002 10 25 298 23.12 37.24 18 -999.99 0.06 2.03 -999.99 373.45
Mali.ntarla 2002 10 26 299 22.8 37.24 18.648 -999.99 0.09 2.44 -999.99 373.45
Mali.ntarla 2002 10 27 300 20.37 38.12 19.944 -999.99 0.02 1.8 -999.99 373.45
Mali.ntarla 2002 10 28 301 19.95 38.21 22.032 -999.99 0 1.8 -999.99 373.45
Mali.ntarla 2002 10 29 302 21.12 38.15 21.384 -999.99 0.07 1.09 -999.99 373.45
Mali.ntarla 2002 10 30 303 23.38 37.53 17.46 -999.99 0.18 1.98 -999.99 373.45
Mali.ntarla 2002 10 31 304 22.15 36.52 19.116 -999.99 0.11 1.81 -999.99 373.45
Mali.ntarla 2002 11 1 305 18.83 37.78 19.116 -999.99 0.03 2.08 -999.99 373.45
Mali.ntarla 2002 11 2 306 20.95 37.34 20.844 -999.99 0 1.19 -999.99 373.45
Mali.ntarla 2002 11 3 307 19.52 37.92 20.196 -999.99 0.14 2.28 -999.99 373.45
Mali.ntarla 2002 11 4 308 18.76 36.96 21.132 -999.99 0 2.66 -999.99 373.45
Mali.ntarla 2002 11 5 309 18.33 36.7 20.16 -999.99 0.04 1.84 -999.99 373.45
Mali.ntarla 2002 11 6 310 21.26 34.86 18.108 -999.99 0.15 1.71 -999.99 373.45
Mali.ntarla 2002 11 7 311 23.23 35.67 12.312 -999.99 0 1.9 -999.99 373.45
Mali.ntarla 2002 11 8 312 20.18 36.73 20.016 -999.99 0 3.05 -999.99 373.45
Mali.ntarla 2002 11 9 313 19.57 37.09 20.412 -999.99 0 2.63 -999.99 373.45
Mali.ntarla 2002 11 10 314 21.82 35.77 16.524 -999.99 0 3.6 -999.99 373.45
Mali.ntarla 2002 11 11 315 20.14 37.38 22.248 -999.99 0 2.93 -999.99 373.45
Mali.ntarla 2002 11 12 316 22.15 38.12 20.592 -999.99 0 2.48 -999.99 373.45
Mali.ntarla 2002 11 13 317 24.36 38.85 19.908 -999.99 0 2.62 -999.99 373.45
Mali.ntarla 2002 11 14 318 21.42 38.51 19.62 -999.99 0 2.41 -999.99 373.45
Mali.ntarla 2002 11 15 319 20.03 38.45 20.592 -999.99 0 1.43 -999.99 373.45
Mali.ntarla 2002 11 16 320 20.53 38.95 20.052 -999.99 0 1.59 -999.99 373.45
Mali.ntarla 2002 11 17 321 20.15 38.86 18.54 -999.99 0 2.07 -999.99 373.45
Mali.ntarla 2002 11 18 322 20.12 38.7 19.224 -999.99 0 2.44 -999.99 373.45
Mali.ntarla 2002 11 19 323 18.9 38.74 20.304 -999.99 0 2.29 -999.99 373.45
Mali.ntarla 2002 11 20 324 19.65 38.8 20.088 -999.99 0 2.34 -999.99 373.45
Mali.ntarla 2002 11 21 325 18.08 38.65 20.7 -999.99 0 2.81 -999.99 373.45
Mali.ntarla 2002 11 22 326 18.14 37.81 20.268 -999.99 0 3.05 -999.99 373.45
Mali.ntarla 2002 11 23 327 17.62 37.37 20.124 -999.99 0 2.77 -999.99 373.45
Mali.ntarla 2002 11 24 328 17.3 37.39 20.736 -999.99 0 2.6 -999.99 373.45
Mali.ntarla 2002 11 25 329 17.34 37.2 20.52 -999.99 0 2.26 -999.99 373.45
Mali.ntarla 2002 11 26 330 16.63 37.17 15.48 -999.99 0 2.24 -999.99 373.45
Mali.ntarla 2002 11 27 331 17.46 35.81 15.876 -999.99 0 2.15 -999.99 373.45
Mali.ntarla 2002 11 28 332 15.69 36.78 19.872 -999.99 0 2.41 -999.99 373.45
Mali.ntarla 2002 11 29 333 16.33 35.94 19.836 -999.99 0 2.56 -999.99 373.45
Mali.ntarla 2002 11 30 334 16.25 36.51 20.088 -999.99 0 2.38 -999.99 373.45
Mali.ntarla 2002 12 1 335 16.54 34.99 19.584 -999.99 0 2.78 -999.99 373.45
Mali.ntarla 2002 12 2 336 16.12 35.92 20.448 -999.99 0 2.36 -999.99 373.45
Mali.ntarla 2002 12 3 337 16.78 35.37 18.18 -999.99 0 2.31 -999.99 373.45
Mali.ntarla 2002 12 4 338 17.64 36.23 20.088 -999.99 0 2.6 -999.99 373.45
Mali.ntarla 2002 12 5 339 17.25 36.09 20.268 -999.99 0 2.82 -999.99 373.45
Mali.ntarla 2002 12 6 340 18.33 35.92 18.036 -999.99 0 2.33 -999.99 373.45
Mali.ntarla 2002 12 7 341 17.92 34.14 18.648 -999.99 0 2.3 -999.99 373.45
Mali.ntarla 2002 12 8 342 17.35 35.19 17.28 -999.99 0 2.98 -999.99 373.45
Mali.ntarla 2002 12 9 343 18.3 36.37 15.984 -999.99 0 3.2 -999.99 373.45
Mali.ntarla 2002 12 10 344 19.55 34.9 14.796 -999.99 0.54 4.05 -999.99 373.45
Mali.ntarla 2002 12 11 345 20.26 33.62 15.588 -999.99 0 4.7 -999.99 373.45
Mali.ntarla 2002 12 12 346 20.58 33.03 15.48 -999.99 0 4.44 -999.99 373.45
Mali.ntarla 2002 12 13 347 21.34 35.01 18.972 -999.99 0 4.3 -999.99 373.45
Mali.ntarla 2002 12 14 348 20.25 37.24 18.468 -999.99 0 4.41 -999.99 373.45
Mali.ntarla 2002 12 15 349 18.32 38.01 20.16 -999.99 0 3.34 -999.99 373.45
Mali.ntarla 2002 12 16 350 19.15 37.72 19.332 -999.99 0 3.27 -999.99 373.45
Mali.ntarla 2002 12 17 351 21.51 34.28 19.296 -999.99 0 4.47 -999.99 373.45
Mali.ntarla 2002 12 18 352 19.2 32.29 16.74 -999.99 0 3.27 -999.99 373.45
Mali.ntarla 2002 12 19 353 15.16 35.15 17.64 -999.99 0 2.51 -999.99 373.45
Mali.ntarla 2002 12 20 354 16.33 34.88 18.828 -999.99 0 2.99 -999.99 373.45
Mali.ntarla 2002 12 21 355 14.69 34.85 20.448 -999.99 0 2.76 -999.99 373.45
Mali.ntarla 2002 12 22 356 14.77 34.48 20.592 -999.99 0 3.36 -999.99 373.45
Mali.ntarla 2002 12 23 357 14.25 34.04 20.808 -999.99 0 3.66 -999.99 373.45
Mali.ntarla 2002 12 24 358 15.49 33.51 20.736 -999.99 0 3.69 -999.99 373.45
Mali.ntarla 2002 12 25 359 14.36 32.75 20.988 -999.99 0 3.55 -999.99 373.45
Mali.ntarla 2002 12 26 360 13.54 31.98 20.736 -999.99 0 3.53 -999.99 373.45
Mali.ntarla 2002 12 27 361 13.03 31.65 20.484 -999.99 0 3 -999.99 373.45
Mali.ntarla 2002 12 28 362 12.55 32.59 21.096 -999.99 0 2.84 -999.99 373.45
Mali.ntarla 2002 12 29 363 13.09 33.88 20.196 -999.99 0 3.16 -999.99 373.45
Mali.ntarla 2002 12 30 364 14.77 34.72 19.584 -999.99 0 2.98 -999.99 373.45
Mali.ntarla 2002 12 31 365 14.77 34.37 20.34 -999.99 0 3.48 -999.99 373.45
Mali.ntarla 2002 1 1 1 17.66 37.13 18.972 -999.99 0 2.44 -999.99 373.45
Mali.ntarla 2002 1 2 2 20.3 34.98 19.44 -999.99 0 3.18 -999.99 373.45
Mali.ntarla 2002 1 3 3 16.87 32.79 17.388 -999.99 0 2.82 -999.99 373.45
Mali.ntarla 2002 1 4 4 17.08 33.19 18.54 -999.99 0 2.8 -999.99 373.45
Mali.ntarla 2002 1 5 5 17.46 31.98 19.944 -999.99 0 2.25 -999.99 373.45
Mali.ntarla 2002 1 6 6 18.24 33.29 16.272 -999.99 0.02 1.85 -999.99 373.45
Mali.ntarla 2002 1 7 7 17.73 32.19 18.396 -999.99 0 2.11 -999.99 373.45
Mali.ntarla 2002 1 8 8 19.15 34.15 14.688 -999.99 0.19 2.64 -999.99 373.45
Mali.ntarla 2002 1 9 9 20.69 34.6 9.936 -999.99 0.03 3.36 -999.99 373.45
Mali.ntarla 2002 1 10 10 18.13 34.12 19.152 -999.99 0 3.54 -999.99 373.45
Mali.ntarla 2002 1 11 11 17.69 31.92 14.868 -999.99 0 4.05 -999.99 373.45
Mali.ntarla 2002 1 12 12 18.72 30.95 14.976 -999.99 0 3.89 -999.99 373.45
Mali.ntarla 2002 1 13 13 15.9 30.37 18.864 -999.99 0 3.02 -999.99 373.45
Mali.ntarla 2002 1 14 14 15.73 32.09 18.756 -999.99 0 2.99 -999.99 373.45
Mali.ntarla 2002 1 15 15 15.07 32.55 20.052 -999.99 0 2.99 -999.99 373.45
Mali.ntarla 2002 1 16 16 15.02 33.26 20.916 -999.99 0 3.02 -999.99 373.45
Mali.ntarla 2002 1 17 17 15.26 34.26 21.564 -999.99 0 2.63 -999.99 373.45
Mali.ntarla 2002 1 18 18 16.36 34.62 20.628 -999.99 0 3.35 -999.99 373.45
Mali.ntarla 2002 1 19 19 16.5 34.07 19.728 -999.99 0 4.12 -999.99 373.45
Mali.ntarla 2002 1 20 20 15.95 34.58 21.744 -999.99 0 4.48 -999.99 373.45
Mali.ntarla 2002 1 21 21 16.15 34.9 21.312 -999.99 0 4.62 -999.99 373.45
Mali.ntarla 2002 1 22 22 16.01 35.37 21.888 -999.99 0 3.72 -999.99 373.45
Mali.ntarla 2002 1 23 23 17.05 36.19 21.384 -999.99 0 3.43 -999.99 373.45
Mali.ntarla 2002 1 24 24 18.15 35.12 20.556 -999.99 0 3.08 -999.99 373.45
Mali.ntarla 2002 1 25 25 16.99 35.87 20.988 -999.99 0 3.5 -999.99 373.45
Mali.ntarla 2002 1 26 26 17.17 35.01 20.484 -999.99 0 3.85 -999.99 373.45
Mali.ntarla 2002 1 27 27 15.81 35.06 22.536 -999.99 0 3.88 -999.99 373.45
Mali.ntarla 2002 1 28 28 14.73 34.32 21.672 -999.99 0 3.91 -999.99 373.45
Mali.ntarla 2002 1 29 29 15.95 33.56 19.26 -999.99 0 3.41 -999.99 373.45
Mali.ntarla 2002 1 30 30 16.72 34.9 20.484 -999.99 0 3.23 -999.99 373.45
Mali.ntarla 2002 1 31 31 18.2 32.44 16.704 -999.99 0 3.51 -999.99 373.45
Mali.ntarla 2002 2 1 32 14.68 34.26 22.068 -999.99 0 3.25 -999.99 373.45
Mali.ntarla 2002 2 2 33 14.9 34.58 22.392 -999.99 0 2.83 -999.99 373.45
Mali.ntarla 2002 2 3 34 15.94 36.2 22.248 -999.99 0 2.59 -999.99 373.45
Mali.ntarla 2002 2 4 35 16.83 36.31 22.32 -999.99 0 3.41 -999.99 373.45
Mali.ntarla 2002 2 5 36 17.41 35.98 22.212 -999.99 0 3.95 -999.99 373.45
Mali.ntarla 2002 2 6 37 15.59 34.29 22.212 -999.99 0 3.62 -999.99 373.45
Mali.ntarla 2002 2 7 38 14.22 35.29 23.94 -999.99 0 2.68 -999.99 373.45
Mali.ntarla 2002 2 8 39 15.76 35.63 23.04 -999.99 0 3.38 -999.99 373.45
Mali.ntarla 2002 2 9 40 14.83 33.68 22.68 -999.99 0 4.06 -999.99 373.45
Mali.ntarla 2002 2 10 41 13.1 33.98 18.36 -999.99 0 2.82 -999.99 373.45
Mali.ntarla 2002 2 11 42 16.45 34.99 18.252 -999.99 0 2.55 -999.99 373.45
Mali.ntarla 2002 2 12 43 16.91 35.4 21.24 -999.99 0 3.14 -999.99 373.45
Mali.ntarla 2002 2 13 44 15.28 36.14 22.644 -999.99 0 2.7 -999.99 373.45
Mali.ntarla 2002 2 14 45 16.06 36.34 22.716 -999.99 0 2.62 -999.99 373.45
Mali.ntarla 2002 2 15 46 16.19 37.19 24.012 -999.99 0 2.57 -999.99 373.45
Mali.ntarla 2002 2 16 47 16.29 38.06 22.428 -999.99 0 2.2 -999.99 373.45
Mali.ntarla 2002 2 17 48 17.45 38.68 21.204 -999.99 0 1.97 -999.99 373.45
Mali.ntarla 2002 2 18 49 20.97 39.68 19.512 -999.99 0 1.73 -999.99 373.45
Mali.ntarla 2002 2 19 50 19.97 40 20.772 -999.99 0.02 2.25 -999.99 373.45
Mali.ntarla 2002 2 20 51 18.34 40.25 21.708 -999.99 0 2.74 -999.99 373.45
Mali.ntarla 2002 2 21 52 19.12 39.3 18.684 -999.99 0 2.45 -999.99 373.45
Mali.ntarla 2002 2 22 53 17.78 39.53 23.904 -999.99 0 3.01 -999.99 373.45
Mali.ntarla 2002 2 23 54 19.07 39.36 23.076 -999.99 0 3.59 -999.99 373.45
Mali.ntarla 2002 2 24 55 19.79 39.26 22.356 -999.99 0 3.65 -999.99 373.45
Mali.ntarla 2002 2 25 56 20.2 37.46 23.652 -999.99 0 4.77 -999.99 373.45
Mali.ntarla 2002 2 26 57 18.14 34.83 23.796 -999.99 0 3.76 -999.99 373.45
Mali.ntarla 2002 2 27 58 16.18 35.87 24.804 -999.99 0 3.48 -999.99 373.45
Mali.ntarla 2002 2 28 59 18.77 37.67 19.368 -999.99 0 2.27 -999.99 373.45
Mali.ntarla 2002 3 1 60 18.19 38.37 21.204 -999.99 0 1.62 -999.99 373.45
Mali.ntarla 2002 3 2 61 20.44 40.37 22.896 -999.99 0.27 1.92 -999.99 373.45
Mali.ntarla 2002 3 3 62 25.4 38.8 18.468 -999.99 0.04 1.12 -999.99 373.45
Mali.ntarla 2002 3 4 63 24.24 39.62 21.672 -999.99 0 1.64 -999.99 373.45
Mali.ntarla 2002 3 5 64 22.09 41.17 24.984 -999.99 0 2.97 -999.99 373.45
Mali.ntarla 2002 3 6 65 20.39 39.87 25.272 -999.99 0 3.08 -999.99 373.45
Mali.ntarla 2002 3 7 66 20.11 40.01 25.164 -999.99 0 2.89 -999.99 373.45
Mali.ntarla 2002 3 8 67 19.93 39.8 26.064 -999.99 0 3 -999.99 373.45
Mali.ntarla 2002 3 9 68 19.37 39.16 26.568 -999.99 0 2.76 -999.99 373.45
Mali.ntarla 2002 3 10 69 19.22 37.87 26.388 -999.99 0 2.88 -999.99 373.45
Mali.ntarla 2002 3 11 70 20.19 39.85 24.444 -999.99 0.02 2.27 -999.99 373.45
Mali.ntarla 2002 3 12 71 21.93 40.01 24.408 -999.99 0.48 2.74 -999.99 373.45
Mali.ntarla 2002 3 13 72 23.11 41.91 24.804 -999.99 0 2.52 -999.99 373.45
Mali.ntarla 2002 3 14 73 21.57 41.73 24.408 -999.99 0 1.67 -999.99 373.45
Mali.ntarla 2002 3 15 74 22.75 42 23.976 -999.99 0.2 2.6 -999.99 373.45
Mali.ntarla 2002 3 16 75 21.47 41.52 25.02 -999.99 0 4.03 -999.99 373.45
Mali.ntarla 2002 3 17 76 23.07 39.36 23.112 -999.99 0 4.79 -999.99 373.45
Mali.ntarla 2002 3 18 77 21.98 38.31 19.764 -999.99 0 3.47 -999.99 373.45
Mali.ntarla 2002 3 19 78 20.61 39.42 23.976 -999.99 0 3.22 -999.99 373.45
Mali.ntarla 2002 3 20 79 21.17 40.83 24.3 -999.99 0 3.8 -999.99 373.45
Mali.ntarla 2002 3 21 80 23.15 40.62 21.924 -999.99 0 4.19 -999.99 373.45
Mali.ntarla 2002 3 22 81 22.3 40.13 20.556 -999.99 0 2.69 -999.99 373.45
Mali.ntarla 2002 3 23 82 23.32 39.62 19.368 -999.99 0 1.9 -999.99 373.45
Mali.ntarla 2002 3 24 83 25.47 37.01 16.992 -999.99 0.1 2.38 -999.99 373.45
Mali.ntarla 2002 3 25 84 25.73 37.23 17.532 -999.99 0 2.09 -999.99 373.45
Mali.ntarla 2002 3 26 85 23.01 40.26 21.852 -999.99 0.03 2.52 -999.99 373.45
Mali.ntarla 2002 3 27 86 23.4 40.65 22.644 -999.99 0 2.95 -999.99 373.45
Mali.ntarla 2002 3 28 87 24.58 40.45 23.328 -999.99 0 0.99 -999.99 373.45
Mali.ntarla 2002 3 29 88 26.68 41.72 22.896 -999.99 0.06 1.04 -999.99 373.45
Mali.ntarla 2002 3 30 89 30.76 42.18 22.68 -999.99 0.05 2.31 -999.99 373.45
Mali.ntarla 2002 3 31 90 26.23 43.33 23.724 -999.99 0.03 2.98 -999.99 373.45
Mali.ntarla 2002 4 1 91 24.95 42.12 19.512 -999.99 0.17 2.05 -999.99 373.45
Mali.ntarla 2002 4 2 92 27.01 43.67 23.148 -999.99 0.12 1.54 -999.99 373.45
Mali.ntarla 2002 4 3 93 25.82 41.6 22.86 -999.99 0.05 3.86 -999.99 373.45
Mali.ntarla 2002 4 4 94 25.4 41.26 22.176 -999.99 0.97 1.44 -999.99 373.45
Mali.ntarla 2002 4 5 95 26.94 39.7 22.428 -999.99 1.64 1.52 -999.99 373.45
Mali.ntarla 2002 4 6 96 28.21 39.77 17.064 -999.99 2.56 2.44 -999.99 373.45
Mali.ntarla 2002 4 7 97 27.13 36.79 20.592 -999.99 0.01 2.11 -999.99 373.45
Mali.ntarla 2002 4 8 98 27.38 36.8 8.748 -999.99 3.18 2.23 -999.99 373.45
Mali.ntarla 2002 4 9 99 26.2 39.6 22.716 -999.99 0.55 2.38 -999.99 373.45
Mali.ntarla 2002 4 10 100 26.83 40.63 21.132 -999.99 0 2.7 -999.99 373.45
Mali.ntarla 2002 4 11 101 26.35 40.93 17.604 -999.99 2.29 2.13 -999.99 373.45
Mali.ntarla 2002 4 12 102 25.95 38.68 20.52 -999.99 3.02 1.8 -999.99 373.45
Mali.ntarla 2002 4 13 103 26.4 39.68 21.132 -999.99 1.23 1.29 -999.99 373.45
Mali.ntarla 2002 4 14 104 26.4 40.23 20.736 -999.99 0.08 1.93 -999.99 373.45
Mali.ntarla 2002 4 15 105 27.71 38.76 22.968 -999.99 0.3 2.67 -999.99 373.45
Mali.ntarla 2002 4 16 106 25.98 40.19 21.168 -999.99 0.01 1.76 -999.99 373.45
Mali.ntarla 2002 4 17 107 22.45 41.14 25.092 -999.99 0 2.16 -999.99 373.45
Mali.ntarla 2002 4 18 108 22.09 41.23 25.2 -999.99 0 2.55 -999.99 373.45
Mali.ntarla 2002 4 19 109 23 39.89 24.984 -999.99 0.42 1.61 -999.99 373.45
Mali.ntarla 2002 4 20 110 24.44 39.87 20.412 -999.99 5.61 1.09 -999.99 373.45
Mali.ntarla 2002 4 21 111 26.53 40.4 18.936 -999.99 0.21 1.36 -999.99 373.45
Mali.ntarla 2002 4 22 112 27.08 40.9 23.148 -999.99 0.23 1.14 -999.99 373.45
Mali.ntarla 2002 4 23 113 25.38 41.49 26.28 -999.99 0 2.44 -999.99 373.45
Mali.ntarla 2002 4 24 114 22.96 40.4 26.352 -999.99 0 3.05 -999.99 373.45
Mali.ntarla 2002 4 25 115 22.51 39.94 23.976 -999.99 0 3.01 -999.99 373.45
Mali.ntarla 2002 4 26 116 22.48 41.83 24.228 -999.99 0 2.05 -999.99 373.45
Mali.ntarla 2002 4 27 117 23.55 43 23.328 -999.99 0 1.59 -999.99 373.45
Mali.ntarla 2002 4 28 118 25.19 41.08 21.492 -999.99 0 2.88 -999.99 373.45
Mali.ntarla 2002 4 29 119 27.9 41.12 20.916 -999.99 0.01 3.37 -999.99 373.45
Mali.ntarla 2002 4 30 120 29.79 42.58 25.308 -999.99 0 1.9 -999.99 373.45
Mali.ntarla 2002 5 1 121 31.7 41.58 21.96 -999.99 2.74 1.93 -999.99 373.45
Mali.ntarla 2002 5 2 122 28.87 39.9 21.168 -999.99 6.28 2.66 -999.99 373.45
Mali.ntarla 2002 5 3 123 26.04 37.26 21.78 -999.99 3.82 2.14 -999.99 373.45
Mali.ntarla 2002 5 4 124 26.77 36.52 23.724 -999.99 6.55 2.53 -999.99 373.45
Mali.ntarla 2002 5 5 125 26.38 35.94 23.148 -999.99 0.65 2.05 -999.99 373.45
Mali.ntarla 2002 5 6 126 25.95 38.86 23.76 -999.99 0.27 2.54 -999.99 373.45
Mali.ntarla 2002 5 7 127 26.5 36.3 22.392 -999.99 4.31 2.24 -999.99 373.45
Mali.ntarla 2002 5 8 128 26.67 32.55 23.472 -999.99 4.94 1.98 -999.99 373.45
Mali.ntarla 2002 5 9 129 26.23 37.08 15.156 -999.99 2.4 1.02 -999.99 373.45
Mali.ntarla 2002 5 10 130 25.29 40.35 26.28 -999.99 0 3.01 -999.99 373.45
Mali.ntarla 2002 5 11 131 23.96 40.97 25.092 -999.99 0 3.7 -999.99 373.45
Mali.ntarla 2002 5 12 132 22.98 38.94 24.732 -999.99 0.01 2.21 -999.99 373.45
Mali.ntarla 2002 5 13 133 25.59 41.28 26.28 -999.99 0 2.09 -999.99 373.45
Mali.ntarla 2002 5 14 134 24.29 41.61 24.192 -999.99 0.03 3.58 -999.99 373.45
Mali.ntarla 2002 5 15 135 27.33 38.58 21.636 -999.99 4.74 2.89 -999.99 373.45
Mali.ntarla 2002 5 16 136 26.45 41.37 24.048 -999.99 0.78 1.98 -999.99 373.45
Mali.ntarla 2002 5 17 137 27.9 42.12 23.148 -999.99 1.4 2.34 -999.99 373.45
Mali.ntarla 2002 5 18 138 28.62 40.68 22.5 -999.99 0.98 2.38 -999.99 373.45
Mali.ntarla 2002 5 19 139 29.21 39.73 12.672 -999.99 1.01 1.3 -999.99 373.45
Mali.ntarla 2002 5 20 140 27.2 41.55 23.472 -999.99 0.16 1.7 -999.99 373.45
Mali.ntarla 2002 5 21 141 28.05 39.98 21.168 -999.99 0.65 2.45 -999.99 373.45
Mali.ntarla 2002 5 22 142 28.14 40.02 23.94 -999.99 0.53 2.76 -999.99 373.45
Mali.ntarla 2002 5 23 143 26.11 31.15 14.904 -999.99 0.71 2.24 -999.99 373.45
Mali.ntarla 2002 5 24 144 25.95 38.34 15.48 -999.99 0.23 1.92 -999.99 373.45
Mali.ntarla 2002 5 25 145 26.29 40.4 22.968 -999.99 0 2.5 -999.99 373.45
Mali.ntarla 2002 5 26 146 28.37 42.31 25.092 -999.99 0 1.28 -999.99 373.45
Mali.ntarla 2002 5 27 147 29.42 43.09 23.868 -999.99 0.09 1.97 -999.99 373.45
Mali.ntarla 2002 5 28 148 30.15 42.44 24.156 -999.99 0.66 3.27 -999.99 373.45
Mali.ntarla 2002 5 29 149 29.36 41.4 17.424 -999.99 0.53 2.37 -999.99 373.45
Mali.ntarla 2002 5 30 150 27.91 39.61 25.236 -999.99 1.45 2.8 -999.99 373.45
Mali.ntarla 2002 5 31 151 29.2 41.3 24.732 -999.99 6.54 2.18 -999.99 373.45
Mali.ntarla 2002 6 1 152 26.06 39.63 21.024 -999.99 2.77 3.27 -999.99 373.45
Mali.ntarla 2002 6 2 153 25.7 39.58 23.796 -999.99 1.58 3.12 -999.99 373.45
Mali.ntarla 2002 6 3 154 26.15 35.73 14.292 -999.99 6.09 4.06 -999.99 373.45
Mali.ntarla 2002 6 4 155 24.01 32.55 20.772 -999.99 8.24 3.95 -999.99 373.45
Mali.ntarla 2002 6 5 156 22.17 36.2 24.624 -999.99 0.66 1.72 -999.99 373.45
Mali.ntarla 2002 6 6 157 24.83 35.68 23.184 -999.99 2.12 1.73 -999.99 373.45
Mali.ntarla 2002 6 7 158 24.52 37.83 20.808 -999.99 1.68 2.87 -999.99 373.45
Mali.ntarla 2002 6 8 159 24.18 38.13 24.912 -999.99 0.94 2.43 -999.99 373.45
Mali.ntarla 2002 6 9 160 25.39 39.57 25.38 -999.99 0.43 2.21 -999.99 373.45
Mali.ntarla 2002 6 10 161 25.69 34.23 17.928 -999.99 10.43 2.33 -999.99 373.45
Mali.ntarla 2002 6 11 162 23.92 37.7 21.672 -999.99 0.35 2.82 -999.99 373.45
Mali.ntarla 2002 6 12 163 23.38 38.4 24.876 -999.99 1.69 1.52 -999.99 373.45
Mali.ntarla 2002 6 13 164 25.48 39.15 23.832 -999.99 2.83 3.25 -999.99 373.45
Mali.ntarla 2002 6 14 165 24.06 36.94 20.232 -999.99 1.82 4.6 -999.99 373.45
Mali.ntarla 2002 6 15 166 24.34 34.66 23.22 -999.99 1.04 2.69 -999.99 373.45
Mali.ntarla 2002 6 16 167 24.1 36.73 22.212 -999.99 0.65 2.42 -999.99 373.45
Mali.ntarla 2002 6 17 168 24.48 36.62 21.816 -999.99 1.7 2.62 -999.99 373.45
Mali.ntarla 2002 6 18 169 25.79 37.65 21.708 -999.99 2.29 1.96 -999.99 373.45
Mali.ntarla 2002 6 19 170 25.51 37.98 20.52 -999.99 2.65 2.2 -999.99 373.45
Mali.ntarla 2002 6 20 171 24.88 32.85 19.008 -999.99 4.76 2.05 -999.99 373.45
Mali.ntarla 2002 6 21 172 24.04 38.87 25.092 -999.99 0 2.44 -999.99 373.45
Mali.ntarla 2002 6 22 173 24.83 39.15 24.552 -999.99 1.92 2.04 -999.99 373.45
Mali.ntarla 2002 6 23 174 25.54 39.25 16.92 -999.99 1.71 2.27 -999.99 373.45
Mali.ntarla 2002 6 24 175 26.16 37.41 22.968 -999.99 2.92 3.06 -999.99 373.45
Mali.ntarla 2002 6 25 176 24.83 34.01 18.792 -999.99 1.88 1.83 -999.99 373.45
Mali.ntarla 2002 6 26 177 24.26 37.48 22.572 -999.99 1.27 1.39 -999.99 373.45
Mali.ntarla 2002 6 27 178 25.52 36.65 20.088 -999.99 3.92 2.36 -999.99 373.45
Mali.ntarla 2002 6 28 179 24.89 36.47 24.876 -999.99 6 3.16 -999.99 373.45
Mali.ntarla 2002 6 29 180 24.55 36.14 17.604 -999.99 2.08 2.7 -999.99 373.45
Mali.ntarla 2002 6 30 181 24.16 36.44 25.632 -999.99 1 1.78 -999.99 373.45
Mali.ntarla 2002 7 1 182 23.86 37.48 24.984 -999.99 2.31 2.17 -999.99 373.45
Mali.ntarla 2002 7 2 183 24.43 33.98 16.632 -999.99 12.24 2.34 -999.99 373.45
Mali.ntarla 2002 7 3 184 24.7 32.99 24.732 -999.99 3.67 1.33 -999.99 373.45
Mali.ntarla 2002 7 4 185 23.36 33.94 21.672 -999.99 2.47 2.61 -999.99 373.45
Mali.ntarla 2002 7 5 186 23.3 34.22 24.084 -999.99 6.37 2.66 -999.99 373.45
Mali.ntarla 2002 7 6 187 22.48 35.4 23.868 -999.99 3.93 1.57 -999.99 373.45
Mali.ntarla 2002 7 7 188 23.76 34.32 18.072 -999.99 8.84 2.2 -999.99 373.45
Mali.ntarla 2002 7 8 189 23.76 35.32 24.624 -999.99 6.54 1.69 -999.99 373.45
Mali.ntarla 2002 7 9 190 24.01 35.55 24.696 -999.99 5.3 1.6 -999.99 373.45
Mali.ntarla 2002 7 10 191 24 29.9 18.468 -999.99 9.78 3.48 -999.99 373.45
Mali.ntarla 2002 7 11 192 22.09 35.47 24.12 -999.99 1.46 1.17 -999.99 373.45
Mali.ntarla 2002 7 12 193 22.83 36.77 22.14 -999.99 1.56 1.97 -999.99 373.45
Mali.ntarla 2002 7 13 194 23.4 36.54 25.02 -999.99 3.75 1.91 -999.99 373.45
Mali.ntarla 2002 7 14 195 23.68 36.37 13.824 -999.99 6.87 2.23 -999.99 373.45
Mali.ntarla 2002 7 15 196 24.22 33.62 19.368 -999.99 3.8 2.8 -999.99 373.45
Mali.ntarla 2002 7 16 197 24.13 29.42 9.612 -999.99 3.46 1.8 -999.99 373.45
Mali.ntarla 2002 7 17 198 22.84 34.29 16.056 -999.99 0.5 1.52 -999.99 373.45
Mali.ntarla 2002 7 18 199 23.09 34.87 22.968 -999.99 3.34 1.44 -999.99 373.45
Mali.ntarla 2002 7 19 200 23.89 34.41 22.932 -999.99 3.46 1.68 -999.99 373.45
Mali.ntarla 2002 7 20 201 23.63 32.37 19.548 -999.99 17.48 1.43 -999.99 373.45
Mali.ntarla 2002 7 21 202 24.4 34.28 19.008 -999.99 5.38 1.99 -999.99 373.45
Mali.ntarla 2002 7 22 203 22.27 33.89 14.976 -999.99 9.12 1.66 -999.99 373.45
Mali.ntarla 2002 7 23 204 22.77 33.63 21.312 -999.99 3.26 2.41 -999.99 373.45
Mali.ntarla 2002 7 24 205 22.35 31.12 18.072 -999.99 3.7 1.89 -999.99 373.45
Mali.ntarla 2002 7 25 206 22.21 35.67 18.828 -999.99 0.75 2.65 -999.99 373.45
Mali.ntarla 2002 7 26 207 22.94 33.87 23.04 -999.99 8.75 3.38 -999.99 373.45
Mali.ntarla 2002 7 27 208 23.71 30.09 18.684 -999.99 16.26 2.78 -999.99 373.45
Mali.ntarla 2002 7 28 209 23.3 31.63 18.576 -999.99 1.07 2.27 -999.99 373.45
Mali.ntarla 2002 7 29 210 22.64 30.8 8.532 -999.99 9.97 1.48 -999.99 373.45
Mali.ntarla 2002 7 30 211 22.75 31.93 23.652 -999.99 4.23 1.3 -999.99 373.45
Mali.ntarla 2002 7 31 212 22.16 32.13 22.86 -999.99 2.75 1.91 -999.99 373.45
Mali.ntarla 2002 8 1 213 22.91 30.01 18.648 -999.99 5.15 1.21 -999.99 373.45
Mali.ntarla 2002 8 2 214 22.48 30.02 16.668 -999.99 5.35 1.38 -999.99 373.45
Mali.ntarla 2002 8 3 215 21.69 30.91 22.032 -999.99 2.98 1.2 -999.99 373.45
Mali.ntarla 2002 8 4 216 22.01 32.41 23.004 -999.99 1.86 1.29 -999.99 373.45
Mali.ntarla 2002 8 5 217 22.68 31.82 23.364 -999.99 3.22 2.51 -999.99 373.45
Mali.ntarla 2002 8 6 218 22.7 27.6 8.244 -999.99 11.17 2.27 -999.99 373.45
Mali.ntarla 2002 8 7 219 21.74 31.08 22.536 -999.99 1.12 2.38 -999.99 373.45
Mali.ntarla 2002 8 8 220 22.46 31.1 24.48 -999.99 2.49 2.38 -999.99 373.45
Mali.ntarla 2002 8 9 221 22.14 32.73 24.192 -999.99 5.02 1.26 -999.99 373.45
Mali.ntarla 2002 8 10 222 23.37 32.17 24.732 -999.99 9.21 1.35 -999.99 373.45
Mali.ntarla 2002 8 11 223 22.97 30.42 23.004 -999.99 9.47 0.92 -999.99 373.45
Mali.ntarla 2002 8 12 224 21.75 33.01 22.824 -999.99 3.89 1.66 -999.99 373.45
Mali.ntarla 2002 8 13 225 23.43 33.07 22.5 -999.99 6.81 1.06 -999.99 373.45
Mali.ntarla 2002 8 14 226 23.48 32.33 19.044 -999.99 10.59 0.98 -999.99 373.45
Mali.ntarla 2002 8 15 227 23.65 31.73 21.312 -999.99 0.52 1.43 -999.99 373.45
Mali.ntarla 2002 8 16 228 21.44 30.34 21.492 -999.99 3.02 1.93 -999.99 373.45
Mali.ntarla 2002 8 17 229 22.36 31.02 19.26 -999.99 7.22 1.47 -999.99 373.45
Mali.ntarla 2002 8 18 230 23.29 30.15 20.412 -999.99 17.71 0.97 -999.99 373.45
Mali.ntarla 2002 8 19 231 21.65 30.72 21.384 -999.99 11.33 1.56 -999.99 373.45
Mali.ntarla 2002 8 20 232 22.36 30.72 24.552 -999.99 11.2 1.18 -999.99 373.45
Mali.ntarla 2002 8 21 233 23.26 31.23 11.844 -999.99 9.02 1.29 -999.99 373.45
Mali.ntarla 2002 8 22 234 22.09 29.62 19.728 -999.99 0.21 1.85 -999.99 373.45
Mali.ntarla 2002 8 23 235 20.2 32.53 23.364 -999.99 2.26 1.33 -999.99 373.45
Mali.ntarla 2002 8 24 236 21.88 33.38 24.66 -999.99 2.82 1.1 -999.99 373.45
Mali.ntarla 2002 8 25 237 22.99 34.79 22.752 -999.99 1.66 1.41 -999.99 373.45
Mali.ntarla 2002 8 26 238 22.47 33.36 8.208 -999.99 4.79 1.84 -999.99 373.45
Mali.ntarla 2002 8 27 239 22.96 30.62 18.9 -999.99 7.14 1.98 -999.99 373.45
Mali.ntarla 2002 8 28 240 21.7 30.9 17.892 -999.99 3.8 1.31 -999.99 373.45
Mali.ntarla 2002 8 29 241 22.42 32.89 20.088 -999.99 2.59 1.19 -999.99 373.45
Mali.ntarla 2002 8 30 242 23.18 32.42 21.42 -999.99 1 2.33 -999.99 373.45
Mali.ntarla 2002 8 31 243 22.01 30.57 22.248 -999.99 4.17 2.09 -999.99 373.45
Mali.ntarla 2002 9 1 244 21.23 33.95 25.848 -999.99 4.99 1.16 -999.99 373.45
Mali.ntarla 2002 9 2 245 22.3 34.59 24.192 -999.99 4.81 1.34 -999.99 373.45
Mali.ntarla 2002 9 3 246 22.8 32.9 25.272 -999.99 4.31 1.23 -999.99 373.45
Mali.ntarla 2002 9 4 247 23.26 30.74 13.14 -999.99 14.94 1.6 -999.99 373.45
Mali.ntarla 2002 9 5 248 22.6 30.45 17.532 -999.99 1.66 3.07 -999.99 373.45
Mali.ntarla 2002 9 6 249 20.85 31.98 20.196 -999.99 3.32 1.82 -999.99 373.45
Mali.ntarla 2002 9 7 250 22.28 30.34 7.704 -999.99 9.48 1.83 -999.99 373.45
Mali.ntarla 2002 9 8 251 22.73 29.95 19.548 -999.99 1.95 2.02 -999.99 373.45
Mali.ntarla 2002 9 9 252 21.47 31.58 21.78 -999.99 0.32 1.24 -999.99 373.45
Mali.ntarla 2002 9 10 253 22.67 32.48 23.112 -999.99 2.49 1.69 -999.99 373.45
Mali.ntarla 2002 9 11 254 21.65 34.14 23.436 -999.99 0.68 1.98 -999.99 373.45
Mali.ntarla 2002 9 12 255 22.15 32.12 22.32 -999.99 1.04 1.43 -999.99 373.45
Mali.ntarla 2002 9 13 256 22.05 33.56 15.264 -999.99 2.72 1.78 -999.99 373.45
Mali.ntarla 2002 9 14 257 21.78 33.3 22.248 -999.99 3.19 1.88 -999.99 373.45
Mali.ntarla 2002 9 15 258 22.3 34.01 22.644 -999.99 0.49 1.95 -999.99 373.45
Mali.ntarla 2002 9 16 259 21.92 34.64 24.264 -999.99 6.65 1.35 -999.99 373.45
Mali.ntarla 2002 9 17 260 22.8 33.44 22.752 -999.99 10.82 1.59 -999.99 373.45
Mali.ntarla 2002 9 18 261 23.12 34.14 24.66 -999.99 0.89 1.7 -999.99 373.45
Mali.ntarla 2002 9 19 262 22.29 33.33 21.528 -999.99 0.22 2.35 -999.99 373.45
Mali.ntarla 2002 9 20 263 22.07 32.54 20.412 -999.99 0.2 2.17 -999.99 373.45
Mali.ntarla 2002 9 21 264 22.78 36.48 24.336 -999.99 0.12 1.65 -999.99 373.45
Mali.ntarla 2002 9 22 265 23.58 34.07 22.608 -999.99 0.91 1.87 -999.99 373.45
Mali.ntarla 2002 9 23 266 22.44 35.99 22.212 -999.99 0.97 2.73 -999.99 373.45
Mali.ntarla 2002 9 24 267 20.51 35.67 21.744 -999.99 4.32 1.11 -999.99 373.45
Mali.ntarla 2002 9 25 268 22.64 35.88 24.408 -999.99 0.09 1.78 -999.99 373.45
Mali.ntarla 2002 9 26 269 22.44 37.32 25.092 -999.99 0.72 2.32 -999.99 373.45
Mali.ntarla 2002 9 27 270 22.9 38.55 24.804 -999.99 2.5 1.52 -999.99 373.45
Mali.ntarla 2002 9 28 271 23.18 39.05 21.744 -999.99 1.75 2.14 -999.99 373.45
Mali.ntarla 2002 9 29 272 23.45 37.06 22.644 -999.99 0.45 2.49 -999.99 373.45
Mali.ntarla 2002 9 30 273 23.51 36.36 19.584 -999.99 1.23 2.83 -999.99 373.45
Mali.ntarla 2002 10 1 274 22.26 37.12 23.4 -999.99 1.77 2.2 -999.99 373.45
Mali.ntarla 2002 10 2 275 18.25 37.64 23.832 -999.99 0.43 1.11 -999.99 373.45
Mali.ntarla 2002 10 3 276 18.52 36.48 22.248 -999.99 2.72 1.45 -999.99 373.45
Mali.ntarla 2002 10 4 277 21.44 34.73 21.204 -999.99 5.31 1.43 -999.99 373.45
Mali.ntarla 2002 10 5 278 21.92 33.94 18.252 -999.99 1.28 2.26 -999.99 373.45
Mali.ntarla 2002 10 6 279 23.31 33.51 20.268 -999.99 1.67 1.11 -999.99 373.45
Mali.ntarla 2002 10 7 280 22.76 34.05 18.18 -999.99 4.28 1.51 -999.99 373.45
Mali.ntarla 2002 10 8 281 22.59 32.38 18.756 -999.99 2.11 1.37 -999.99 373.45
Mali.ntarla 2002 10 9 282 23.27 34.54 22.68 -999.99 3.08 1.84 -999.99 373.45
Mali.ntarla 2002 10 10 283 23.53 34.92 20.34 -999.99 0.1 2.4 -999.99 373.45
Mali.ntarla 2002 10 11 284 22.12 36.33 19.332 -999.99 1.48 1.41 -999.99 373.45
Mali.ntarla 2002 10 12 285 22.58 38.21 22.104 -999.99 1.02 1.65 -999.99 373.45
Mali.ntarla 2002 10 13 286 23.81 37.18 21.672 -999.99 2.79 1.41 -999.99 373.45
Mali.ntarla 2002 10 14 287 23.68 36.4 21.276 -999.99 2.74 1.63 -999.99 373.45
Mali.ntarla 2002 10 15 288 22.87 36.58 21.096 -999.99 1.13 1.62 -999.99 373.45
Mali.ntarla 2002 10 16 289 23.29 37.6 23.004 -999.99 0.06 1.84 -999.99 373.45
Mali.ntarla 2002 10 17 290 24.58 36.64 20.772 -999.99 2.73 1.73 -999.99 373.45
Mali.ntarla 2002 10 18 291 22.71 36.69 20.016 -999.99 0.69 1.52 -999.99 373.45
Mali.ntarla 2002 10 19 292 22.68 37.55 20.052 -999.99 1.85 1.72 -999.99 373.45
Mali.ntarla 2002 10 20 293 23.99 37.82 17.82 -999.99 0.04 2.27 -999.99 373.45
Mali.ntarla 2002 10 21 294 23.3 38.58 20.592 -999.99 0.07 1.71 -999.99 373.45
Mali.ntarla 2002 10 22 295 20.77 37.9 20.124 -999.99 0.29 1.76 -999.99 373.45
Mali.ntarla 2002 10 23 296 23.67 37.9 19.728 -999.99 0.08 1.7 -999.99 373.45
Mali.ntarla 2002 10 24 297 22.87 37.44 20.196 -999.99 0.06 2.31 -999.99 373.45
Mali.ntarla 2002 10 25 298 23.12 37.24 18 -999.99 0.06 2.03 -999.99 373.45
Mali.ntarla 2002 10 26 299 22.8 37.24 18.648 -999.99 0.09 2.44 -999.99 373.45
Mali.ntarla 2002 10 27 300 20.37 38.12 19.944 -999.99 0.02 1.8 -999.99 373.45
Mali.ntarla 2002 10 28 301 19.95 38.21 22.032 -999.99 0 1.8 -999.99 373.45
Mali.ntarla 2002 10 29 302 21.12 38.15 21.384 -999.99 0.07 1.09 -999.99 373.45
Mali.ntarla 2002 10 30 303 23.38 37.53 17.46 -999.99 0.18 1.98 -999.99 373.45
Mali.ntarla 2002 10 31 304 22.15 36.52 19.116 -999.99 0.11 1.81 -999.99 373.45
Mali.ntarla 2002 11 1 305 18.83 37.78 19.116 -999.99 0.03 2.08 -999.99 373.45
Mali.ntarla 2002 11 2 306 20.95 37.34 20.844 -999.99 0 1.19 -999.99 373.45
Mali.ntarla 2002 11 3 307 19.52 37.92 20.196 -999.99 0.14 2.28 -999.99 373.45
Mali.ntarla 2002 11 4 308 18.76 36.96 21.132 -999.99 0 2.66 -999.99 373.45
Mali.ntarla 2002 11 5 309 18.33 36.7 20.16 -999.99 0.04 1.84 -999.99 373.45
Mali.ntarla 2002 11 6 310 21.26 34.86 18.108 -999.99 0.15 1.71 -999.99 373.45
Mali.ntarla 2002 11 7 311 23.23 35.67 12.312 -999.99 0 1.9 -999.99 373.45
Mali.ntarla 2002 11 8 312 20.18 36.73 20.016 -999.99 0 3.05 -999.99 373.45
Mali.ntarla 2002 11 9 313 19.57 37.09 20.412 -999.99 0 2.63 -999.99 373.45
Mali.ntarla 2002 11 10 314 21.82 35.77 16.524 -999.99 0 3.6 -999.99 373.45
Mali.ntarla 2002 11 11 315 20.14 37.38 22.248 -999.99 0 2.93 -999.99 373.45
Mali.ntarla 2002 11 12 316 22.15 38.12 20.592 -999.99 0 2.48 -999.99 373.45
Mali.ntarla 2002 11 13 317 24.36 38.85 19.908 -999.99 0 2.62 -999.99 373.45
Mali.ntarla 2002 11 14 318 21.42 38.51 19.62 -999.99 0 2.41 -999.99 373.45
Mali.ntarla 2002 11 15 319 20.03 38.45 20.592 -999.99 0 1.43 -999.99 373.45
Mali.ntarla 2002 11 16 320 20.53 38.95 20.052 -999.99 0 1.59 -999.99 373.45
Mali.ntarla 2002 11 17 321 20.15 38.86 18.54 -999.99 0 2.07 -999.99 373.45
Mali.ntarla 2002 11 18 322 20.12 38.7 19.224 -999.99 0 2.44 -999.99 373.45
Mali.ntarla 2002 11 19 323 18.9 38.74 20.304 -999.99 0 2.29 -999.99 373.45
Mali.ntarla 2002 11 20 324 19.65 38.8 20.088 -999.99 0 2.34 -999.99 373.45
Mali.ntarla 2002 11 21 325 18.08 38.65 20.7 -999.99 0 2.81 -999.99 373.45
Mali.ntarla 2002 11 22 326 18.14 37.81 20.268 -999.99 0 3.05 -999.99 373.45
Mali.ntarla 2002 11 23 327 17.62 37.37 20.124 -999.99 0 2.77 -999.99 373.45
Mali.ntarla 2002 11 24 328 17.3 37.39 20.736 -999.99 0 2.6 -999.99 373.45
Mali.ntarla 2002 11 25 329 17.34 37.2 20.52 -999.99 0 2.26 -999.99 373.45
Mali.ntarla 2002 11 26 330 16.63 37.17 15.48 -999.99 0 2.24 -999.99 373.45
Mali.ntarla 2002 11 27 331 17.46 35.81 15.876 -999.99 0 2.15 -999.99 373.45
Mali.ntarla 2002 11 28 332 15.69 36.78 19.872 -999.99 0 2.41 -999.99 373.45
Mali.ntarla 2002 11 29 333 16.33 35.94 19.836 -999.99 0 2.56 -999.99 373.45
Mali.ntarla 2002 11 30 334 16.25 36.51 20.088 -999.99 0 2.38 -999.99 373.45
Mali.ntarla 2002 12 1 335 16.54 34.99 19.584 -999.99 0 2.78 -999.99 373.45
Mali.ntarla 2002 12 2 336 16.12 35.92 20.448 -999.99 0 2.36 -999.99 373.45
Mali.ntarla 2002 12 3 337 16.78 35.37 18.18 -999.99 0 2.31 -999.99 373.45
Mali.ntarla 2002 12 4 338 17.64 36.23 20.088 -999.99 0 2.6 -999.99 373.45
Mali.ntarla 2002 12 5 339 17.25 36.09 20.268 -999.99 0 2.82 -999.99 373.45
Mali.ntarla 2002 12 6 340 18.33 35.92 18.036 -999.99 0 2.33 -999.99 373.45
Mali.ntarla 2002 12 7 341 17.92 34.14 18.648 -999.99 0 2.3 -999.99 373.45
Mali.ntarla 2002 12 8 342 17.35 35.19 17.28 -999.99 0 2.98 -999.99 373.45
Mali.ntarla 2002 12 9 343 18.3 36.37 15.984 -999.99 0 3.2 -999.99 373.45
Mali.ntarla 2002 12 10 344 19.55 34.9 14.796 -999.99 0.54 4.05 -999.99 373.45
Mali.ntarla 2002 12 11 345 20.26 33.62 15.588 -999.99 0 4.7 -999.99 373.45
Mali.ntarla 2002 12 12 346 20.58 33.03 15.48 -999.99 0 4.44 -999.99 373.45
Mali.ntarla 2002 12 13 347 21.34 35.01 18.972 -999.99 0 4.3 -999.99 373.45
Mali.ntarla 2002 12 14 348 20.25 37.24 18.468 -999.99 0 4.41 -999.99 373.45
Mali.ntarla 2002 12 15 349 18.32 38.01 20.16 -999.99 0 3.34 -999.99 373.45
Mali.ntarla 2002 12 16 350 19.15 37.72 19.332 -999.99 0 3.27 -999.99 373.45
Mali.ntarla 2002 12 17 351 21.51 34.28 19.296 -999.99 0 4.47 -999.99 373.45
Mali.ntarla 2002 12 18 352 19.2 32.29 16.74 -999.99 0 3.27 -999.99 373.45
Mali.ntarla 2002 12 19 353 15.16 35.15 17.64 -999.99 0 2.51 -999.99 373.45
Mali.ntarla 2002 12 20 354 16.33 34.88 18.828 -999.99 0 2.99 -999.99 373.45
Mali.ntarla 2002 12 21 355 14.69 34.85 20.448 -999.99 0 2.76 -999.99 373.45
Mali.ntarla 2002 12 22 356 14.77 34.48 20.592 -999.99 0 3.36 -999.99 373.45
Mali.ntarla 2002 12 23 357 14.25 34.04 20.808 -999.99 0 3.66 -999.99 373.45
Mali.ntarla 2002 12 24 358 15.49 33.51 20.736 -999.99 0 3.69 -999.99 373.45
Mali.ntarla 2002 12 25 359 14.36 32.75 20.988 -999.99 0 3.55 -999.99 373.45
Mali.ntarla 2002 12 26 360 13.54 31.98 20.736 -999.99 0 3.53 -999.99 373.45
Mali.ntarla 2002 12 27 361 13.03 31.65 20.484 -999.99 0 3 -999.99 373.45
Mali.ntarla 2002 12 28 362 12.55 32.59 21.096 -999.99 0 2.84 -999.99 373.45
Mali.ntarla 2002 12 29 363 13.09 33.88 20.196 -999.99 0 3.16 -999.99 373.45
Mali.ntarla 2002 12 30 364 14.77 34.72 19.584 -999.99 0 2.98 -999.99 373.45
Mali.ntarla 2002 12 31 365 14.77 34.37 20.34 -999.99 0 3.48 -999.99 373.45
