ntarla 2009 1 2 2 11.7 36 21.3 -999.99 0 3.6 0.8 387.64
ntarla 2009 1 3 3 11.7 35.8 17.1 -999.99 0 3.4 0.7 387.64
ntarla 2009 1 4 4 11.7 35.3 18.9 -999.99 0 2.5 0.7 387.64
ntarla 2009 1 5 5 11.7 34.5 16.8 -999.99 0 2.1 0.7 387.64
ntarla 2009 1 6 6 14.6 35 15.9 -999.99 0 2.1 0.9 387.64
ntarla 2009 1 7 7 12.7 33.2 16.3 -999.99 0 3.2 0.9 387.64
ntarla 2009 1 8 8 12.1 31.5 18.9 -999.99 0 2.8 0.9 387.64
ntarla 2009 1 9 9 11.7 31 19.9 -999.99 0 3.5 0.8 387.64
ntarla 2009 1 10 10 10.7 31.9 18.9 -999.99 0 2.6 0.6 387.64
ntarla 2009 1 11 11 12.5 32.6 18.9 -999.99 0 2.9 0.7 387.64
ntarla 2009 1 12 12 12.2 31.8 18.8 -999.99 0 3.2 1.1 387.64
ntarla 2009 1 13 13 13.2 29.3 20 -999.99 0 3.4 0.7 387.64
ntarla 2009 1 14 14 11.2 29.9 19.1 -999.99 0 3.5 0.7 387.64
ntarla 2009 1 15 15 12.2 31.5 19.1 -999.99 0 2.9 0.7 387.64
ntarla 2009 1 16 16 12.7 32.3 19.4 -999.99 0 3.2 0.7 387.64
ntarla 2009 1 17 17 11.7 30.8 12 -999.99 0 3.9 0.5 387.64
ntarla 2009 1 18 18 12.7 27 8.8 -999.99 0 3.8 0.7 387.64
ntarla 2009 1 19 19 11 26.3 18.8 -999.99 0 3.9 0.5 387.64
ntarla 2009 1 20 20 9.7 26.8 15.6 -999.99 0 3 0.4 387.64
ntarla 2009 1 21 21 7.7 27 12.7 -999.99 0 2.9 0.4 387.64
ntarla 2009 1 22 22 13.2 28 11.1 -999.99 0 4.8 0.6 387.64
ntarla 2009 1 23 23 12.2 27.5 7.5 -999.99 0 4.1 0.3 387.64
ntarla 2009 1 24 24 12.7 29.3 20.8 -999.99 0 3 0.4 387.64
ntarla 2009 1 25 25 9.2 31.8 20.2 -999.99 0 2.6 0.3 387.64
ntarla 2009 1 26 26 9 37 20.9 -999.99 0 2.2 0.4 387.64
ntarla 2009 1 27 27 10.2 36.5 21.1 -999.99 0 2.6 0.3 387.64
ntarla 2009 1 28 28 10.2 33.8 20.9 -999.99 0 3.2 0.3 387.64
ntarla 2009 1 29 29 11.2 36.8 21 -999.99 0 3.1 0.5 387.64
ntarla 2009 1 30 30 12.2 38 21.6 -999.99 0 3.3 0.5 387.64
ntarla 2009 1 31 31 12.2 38.5 21.2 -999.99 0 2.7 0.5 387.64
ntarla 2009 2 1 32 12.4 39.5 20.1 -999.99 0 2.5 0.5 387.64
ntarla 2009 2 2 33 14.2 40.2 20.5 -999.99 0 1.6 0.8 387.64
ntarla 2009 2 3 34 14.9 40.2 19.7 -999.99 0 1.9 0.5 387.64
ntarla 2009 2 4 35 19.2 39.7 19.5 -999.99 0 1.6 3.8 387.64
ntarla 2009 2 5 36 17.4 39.2 18.4 -999.99 0 1.3 1.2 387.64
ntarla 2009 2 6 37 16.7 40.2 19.8 -999.99 0 0.9 4.1 387.64
ntarla 2009 2 7 38 16.9 40.7 19.7 -999.99 0 3.1 0.7 387.64
ntarla 2009 2 8 39 16.4 36.7 17.7 -999.99 0 4.6 0.9 387.64
ntarla 2009 2 9 40 14.4 35 18.5 -999.99 0 3.7 0.4 387.64
ntarla 2009 2 10 41 12.2 37 19.2 -999.99 0 3.2 0.3 387.64
ntarla 2009 2 11 42 15.4 38.5 17.2 -999.99 0 2.9 0.4 387.64
ntarla 2009 2 12 43 16.4 39.7 17.1 -999.99 0 2.4 0.6 387.64
ntarla 2009 2 13 44 14.9 39.9 18.3 -999.99 0 3 0.5 387.64
ntarla 2009 2 14 45 13.4 38.7 19.6 -999.99 0 3.3 0.4 387.64
ntarla 2009 2 15 46 14.4 39.4 18.2 -999.99 0 2.4 0.4 387.64
ntarla 2009 2 16 47 18.4 40.2 16.5 -999.99 0 0.6 2.9 387.64
ntarla 2009 2 17 48 18.9 37.7 7.8 -999.99 0 1.3 5.2 387.64
ntarla 2009 2 18 49 23.9 36.5 13.9 -999.99 2.1 1.8 8.3 387.64
ntarla 2009 2 19 50 22.2 32.7 7.3 -999.99 0 2.5 2.5 387.64
ntarla 2009 2 20 51 22.7 32.2 11 -999.99 0 4.5 2.4 387.64
ntarla 2009 2 21 52 21.4 37.2 19 -999.99 0 4.7 2.4 387.64
ntarla 2009 2 22 53 21.2 39.5 17.5 -999.99 0 4.6 2.2 387.64
ntarla 2009 2 23 54 22.4 39.7 18.3 -999.99 0 3.8 2.6 387.64
ntarla 2009 2 24 55 16.9 39.7 19.6 -999.99 0 3.2 1.1 387.64
ntarla 2009 2 25 56 16.4 40.2 19.5 -999.99 0 2.7 0.7 387.64
ntarla 2009 2 26 57 17.4 40.7 16.5 -999.99 0 2.3 3.1 387.64
ntarla 2009 2 27 58 19.9 41.2 18.6 -999.99 0 2.4 5.2 387.64
ntarla 2009 2 28 59 21.9 41.7 15.7 -999.99 0 1.5 6.6 387.64
ntarla 2009 3 1 60 25.9 41.1 17.3 -999.99 0 1.3 5.5 387.64
ntarla 2009 3 2 61 20.1 40.8 17.2 -999.99 0 2.5 2 387.64
ntarla 2009 3 3 62 20.6 41.3 16 -999.99 0 1.8 5.4 387.64
ntarla 2009 3 4 63 22.4 41.8 11.4 -999.99 0 1.3 2.4 387.64
ntarla 2009 3 5 64 25.6 41.6 16.7 -999.99 0 3.8 1.5 387.64
ntarla 2009 3 6 65 20.1 41.3 19.1 -999.99 0 3.2 0.9 387.64
ntarla 2009 3 7 66 16.4 39.8 21 -999.99 0 3.6 0.6 387.64
ntarla 2009 3 8 67 15.1 39.6 21.7 -999.99 0 3.1 0.6 387.64
ntarla 2009 3 9 68 15.4 37.8 20.9 -999.99 0 2.1 0.4 387.64
ntarla 2009 3 10 69 17.4 42.1 21.9 -999.99 0 1.9 2.5 387.64
ntarla 2009 3 11 70 25.9 41.1 20.5 -999.99 0 2.6 6 387.64
ntarla 2009 3 12 71 23.1 39.3 19.1 -999.99 0 2.8 6.1 387.64
ntarla 2009 3 13 72 25.6 38.3 16.6 -999.99 2.9 2.3 7.3 387.64
ntarla 2009 3 14 73 24.1 38.8 13.8 -999.99 0 1 4.6 387.64
ntarla 2009 3 15 74 27.1 40.3 18.2 -999.99 0 0.7 3.5 387.64
ntarla 2009 3 16 75 24.6 40.8 17.4 -999.99 0 0.8 2 387.64
ntarla 2009 3 17 76 26.6 42.1 17.4 -999.99 0 2.9 4.8 387.64
ntarla 2009 3 18 77 26.9 40.3 18.6 -999.99 0 3.3 7.5 387.64
ntarla 2009 3 19 78 29.6 39.8 19.3 -999.99 0 2 5.5 387.64
ntarla 2009 3 20 79 25.4 34.6 14.9 -999.99 2.9 0.9 4.8 387.64
ntarla 2009 3 21 80 24.6 34.5 19.2 -999.99 0 1.3 2.4 387.64
ntarla 2009 3 22 81 23.1 39.8 20.5 -999.99 0 3.1 1.5 387.64
ntarla 2009 3 23 82 21.6 43 20.6 -999.99 0 2 6.3 387.64
ntarla 2009 3 24 83 26.4 41.3 16.2 -999.99 1 2.1 8.7 387.64
ntarla 2009 3 25 84 26.1 41.3 20.5 -999.99 0 0.5 4.4 387.64
ntarla 2009 3 26 85 27.6 41.8 13.9 -999.99 0 1.9 7.7 387.64
ntarla 2009 3 27 86 28.4 41.6 19.2 -999.99 0 0.7 4.3 387.64
ntarla 2009 3 28 87 30.4 41.3 12.8 -999.99 0 2.4 6.8 387.64
ntarla 2009 3 29 88 29.5 40.8 11.5 -999.99 0 3 2.9 387.64
ntarla 2009 3 30 89 28.9 41.1 15.2 -999.99 0 1.6 3.1 387.64
ntarla 2009 3 31 90 28.1 41.8 16 -999.99 0 3.8 2.5 387.64
ntarla 2009 4 1 91 30 41.5 20.5 -999.99 0 2.4 3.1 387.64
ntarla 2009 4 2 92 26.8 41.5 20.3 -999.99 0 1.5 1.8 387.64
ntarla 2009 4 3 93 22.1 41.5 19.7 -999.99 0 1.6 1.4 387.64
ntarla 2009 4 4 94 21.3 41.5 20.8 -999.99 0 3.1 0.7 387.64
ntarla 2009 4 5 95 21.8 41.8 21 -999.99 0 1.6 1.2 387.64
ntarla 2009 4 6 96 19.1 41.5 20.7 -999.99 0 3.2 0.8 387.64
ntarla 2009 4 7 97 19.8 41.3 19.2 -999.99 0 2.5 0.5 387.64
ntarla 2009 4 8 98 20.8 41.3 19.9 -999.99 0 1.5 0.7 387.64
ntarla 2009 4 9 99 21.8 41.8 20 -999.99 0 1.6 1.6 387.64
ntarla 2009 4 10 100 23.3 41.8 20.6 -999.99 0 3.5 5 387.64
ntarla 2009 4 11 101 23.8 42 20.7 -999.99 0 1.5 2.3 387.64
ntarla 2009 4 12 102 22.9 41.5 20.1 -999.99 0 0.7 1.9 387.64
ntarla 2009 4 13 103 25.8 41.5 20 -999.99 0 1.1 2.2 387.64
ntarla 2009 4 14 104 27.8 41 15.1 -999.99 0 3.2 4.2 387.64
ntarla 2009 4 15 105 30.6 41.3 19.5 -999.99 43.9 2.3 5.7 387.64
ntarla 2009 4 16 106 23.8 34 7.2 -999.99 3.6 1.8 4.5 387.64
ntarla 2009 4 17 107 27.3 36.2 19.5 -999.99 0 1.5 4.1 387.64
ntarla 2009 4 18 108 24.1 39.3 21.2 -999.99 0 2.8 1.2 387.64
ntarla 2009 4 19 109 22.3 40.5 21.3 -999.99 0 0.7 2.3 387.64
ntarla 2009 4 20 110 23.1 42.3 21.7 -999.99 0 1.1 1.5 387.64
ntarla 2009 4 21 111 27.8 40.3 13.5 -999.99 0 2 4.4 387.64
ntarla 2009 4 22 112 28.3 38 16 -999.99 0 0.9 2.8 387.64
ntarla 2009 4 23 113 23.8 40.2 20.1 -999.99 0 4.7 0.8 387.64
ntarla 2009 4 24 114 26.8 41.5 17.9 -999.99 0 4.6 1 387.64
ntarla 2009 4 25 115 22.3 40 11.1 -999.99 0 2.3 0.4 387.64
ntarla 2009 4 26 116 21.8 40.5 15.8 -999.99 0 1.2 0.4 387.64
ntarla 2009 4 27 117 23.1 42 18.5 -999.99 0 3 3.4 387.64
ntarla 2009 4 28 118 29.8 42 15.7 -999.99 0 1.9 4.7 387.64
ntarla 2009 4 29 119 29.8 42 16.8 -999.99 0 0.8 5.7 387.64
ntarla 2009 4 30 120 27.8 40.5 16.8 -999.99 0 1.9 8.3 387.64
ntarla 2009 5 1 121 27 40.1 20.6 -999.99 0 1.5 1.5 387.64
ntarla 2009 5 2 122 22 43.6 21.7 -999.99 0 1.9 0.6 387.64
ntarla 2009 5 3 123 22.5 43.9 21.8 -999.99 0 2.3 4.7 387.64
ntarla 2009 5 4 124 28 42.6 20.8 -999.99 0 1.4 5.6 387.64
ntarla 2009 5 5 125 28.8 41.6 20.7 -999.99 0 3.3 9.9 387.64
ntarla 2009 5 6 126 24.3 39.4 17.2 -999.99 0 2.8 7.6 387.64
ntarla 2009 5 7 127 29 38.9 21.4 -999.99 8.5 3 11.2 387.64
ntarla 2009 5 8 128 25 38.6 15.7 -999.99 0 2.2 7.2 387.64
ntarla 2009 5 9 129 26 38.6 22.2 -999.99 0 2 9.3 387.64
ntarla 2009 5 10 130 28 38.1 9.1 -999.99 0 3 9.4 387.64
ntarla 2009 5 11 131 26.8 37.1 12.9 -999.99 0 2.2 8.3 387.64
ntarla 2009 5 12 132 27 39.1 20.8 -999.99 4.3 1.7 10.1 387.64
ntarla 2009 5 13 133 25.8 38.3 21.8 -999.99 0 0.3 6.3 387.64
ntarla 2009 5 14 134 25 38.6 22.2 -999.99 0 1 3.8 387.64
ntarla 2009 5 15 135 26.5 41.1 21.5 -999.99 0 1.5 4.5 387.64
ntarla 2009 5 16 136 26.8 41.9 18.5 -999.99 0 1.8 7.4 387.64
ntarla 2009 5 17 137 27.3 41.1 19.1 -999.99 10.6 2 5.5 387.64
ntarla 2009 5 18 138 24 40.6 17.5 -999.99 0 1.7 4 387.64
ntarla 2009 5 19 139 27.3 41.1 18.3 -999.99 0 2.6 6 387.64
ntarla 2009 5 20 140 29.7 41.6 16.2 -999.99 0 2.3 7.4 387.64
ntarla 2009 5 21 141 29.3 42.4 17.4 -999.99 0 2.7 8.5 387.64
ntarla 2009 5 22 142 29.3 42.1 18.9 -999.99 0 3.1 12 387.64
ntarla 2009 5 23 143 29 41.1 18.7 -999.99 0 2.8 7.5 387.64
ntarla 2009 5 24 144 25.5 38.4 19.3 -999.99 4.8 2 6.7 387.64
ntarla 2009 5 25 145 24.5 38.6 22 -999.99 0 1 3.3 387.64
ntarla 2009 5 26 146 28.3 41.6 20.4 -999.99 0 1.6 7.7 387.64
ntarla 2009 5 27 147 30 41.6 20.7 -999.99 0 2.8 11.3 387.64
ntarla 2009 5 28 148 23.3 38.6 7.9 -999.99 4.3 2.9 4.7 387.64
ntarla 2009 5 29 149 24.5 37.6 23.3 -999.99 0 2.3 5.1 387.64
ntarla 2009 5 30 150 25.5 40.6 21.9 -999.99 0 3 5.9 387.64
ntarla 2009 5 31 151 29.8 41.6 19.3 -999.99 0 2.6 9.9 387.64
ntarla 2009 6 1 152 27.4 41.3 9.7 -999.99 0 1.9 10.1 387.64
ntarla 2009 6 2 153 29.7 42.3 21.8 -999.99 4.4 2.2 10.6 387.64
ntarla 2009 6 3 154 21.2 42.3 20.1 -999.99 1.5 3.5 8.5 387.64
ntarla 2009 6 4 155 22.2 39.1 10.1 -999.99 0 2.7 5.8 387.64
ntarla 2009 6 5 156 26.2 38.3 20 -999.99 19.5 2.8 9.3 387.64
ntarla 2009 6 6 157 20.2 37.1 11.4 -999.99 8.8 2.2 5.3 387.64
ntarla 2009 6 7 158 23.2 36.1 22.9 -999.99 0 1.6 6.4 387.64
ntarla 2009 6 8 159 25.2 36.8 10.1 -999.99 0 1.1 6 387.64
ntarla 2009 6 9 160 25.2 37.6 11.7 -999.99 0 2.7 4.4 387.64
ntarla 2009 6 10 161 28 40.1 15.8 -999.99 0 0.9 2.8 387.64
ntarla 2009 6 11 162 25.5 35.3 7.6 -999.99 27.2 3.2 8.3 387.64
ntarla 2009 6 12 163 22.7 32.1 17.3 -999.99 8.8 1.9 4.2 387.64
ntarla 2009 6 13 164 23.2 34.8 18.5 -999.99 0 2.3 6.2 387.64
ntarla 2009 6 14 165 23.7 30.8 22.2 -999.99 11.7 1.1 6.3 387.64
ntarla 2009 6 15 166 22.5 33.3 18.5 -999.99 0 1.9 4.1 387.64
ntarla 2009 6 16 167 26.2 34.8 21.1 -999.99 0 3.3 7.1 387.64
ntarla 2009 6 17 168 24.2 36.1 20.8 -999.99 1 2.7 9.1 387.64
ntarla 2009 6 18 169 24.2 36.8 20.2 -999.99 0 0.7 8.1 387.64
ntarla 2009 6 19 170 26.9 37.8 21 -999.99 0 2.8 12.1 387.64
ntarla 2009 6 20 171 26.2 36.3 10.1 -999.99 0 3.7 8.1 387.64
ntarla 2009 6 21 172 25.7 34.8 19.7 -999.99 30.2 3.2 8.7 387.64
ntarla 2009 6 22 173 21.2 35.1 19.5 -999.99 0 1.6 7.2 387.64
ntarla 2009 6 23 174 24.7 35.1 22.2 -999.99 0 0.6 7.9 387.64
ntarla 2009 6 24 175 26.2 37.6 21.5 -999.99 0 2.1 9.3 387.64
ntarla 2009 6 25 176 28.7 37.8 18.4 -999.99 0 3.1 10.9 387.64
ntarla 2009 6 26 177 25.2 36 22.3 -999.99 0 2.5 7 387.64
ntarla 2009 6 27 178 23.7 34.1 11.6 -999.99 0 2.2 5 387.64
ntarla 2009 6 28 179 24.2 34.8 20.7 -999.99 0 2.6 8.3 387.64
ntarla 2009 6 29 180 27.5 37.3 19.5 -999.99 13.6 2.7 13.7 387.64
ntarla 2009 6 30 181 21.2 36.3 22 -999.99 0 2.6 5.1 387.64
ntarla 2009 7 1 182 21.9 32.5 12.6 -999.99 3.7 1.5 7.1 387.64
ntarla 2009 7 2 183 21.4 32.5 22.5 -999.99 0 1.4 4.2 387.64
ntarla 2009 7 3 184 23.9 36.2 22.9 -999.99 0 1.8 7.2 387.64
ntarla 2009 7 4 185 24.9 37.7 21 -999.99 0 2.4 9.7 387.64
ntarla 2009 7 5 186 26.1 38.2 19.7 -999.99 0 2.7 11.7 387.64
ntarla 2009 7 6 187 24.1 36.7 19.4 -999.99 0 2.2 9.4 387.64
ntarla 2009 7 7 188 22.6 37.5 19.6 -999.99 7.4 2.8 10.5 387.64
ntarla 2009 7 8 189 21.1 33.5 10 -999.99 0 1.8 6.3 387.64
ntarla 2009 7 9 190 24.1 33 22.3 -999.99 21.3 2.3 7.7 387.64
ntarla 2009 7 10 191 18.4 30.7 7.6 -999.99 6.5 2.7 5.2 387.64
ntarla 2009 7 11 192 23.1 29.7 21.5 -999.99 29.6 2.1 6 387.64
ntarla 2009 7 12 193 20.6 32.7 23.3 -999.99 0 2.2 6.4 387.64
ntarla 2009 7 13 194 20.6 33 22.3 -999.99 0 1.9 6.4 387.64
ntarla 2009 7 14 195 22.1 33.7 9.3 -999.99 21.3 1.5 6.5 387.64
ntarla 2009 7 15 196 23.6 30.5 16.9 -999.99 0 2.5 6 387.64
ntarla 2009 7 16 197 23.9 33 21.4 -999.99 12 2 7.9 387.64
ntarla 2009 7 17 198 19.4 33 21.7 -999.99 2.1 2.6 5.9 387.64
ntarla 2009 7 18 199 24.2 32.2 11.6 -999.99 20.3 3.3 9 387.64
ntarla 2009 7 19 200 22.1 31.7 13.9 -999.99 0 2.5 6.7 387.64
ntarla 2009 7 20 201 24.1 33.5 21.9 -999.99 0 0.9 9 387.64
ntarla 2009 7 21 202 23.4 34.2 21.1 -999.99 0 1.1 7.2 387.64
ntarla 2009 7 22 203 23.1 34.5 19.5 -999.99 0 2.3 7.4 387.64
ntarla 2009 7 23 204 25.4 34.9 21.2 -999.99 0 2.4 8.8 387.64
ntarla 2009 7 24 205 25.6 35.7 21.3 -999.99 0 1.9 10.7 387.64
ntarla 2009 7 25 206 24.9 34.5 11 -999.99 0 2.2 10.4 387.64
ntarla 2009 7 26 207 26.4 36.5 20.8 -999.99 0 1.6 10.6 387.64
ntarla 2009 7 27 208 23.9 35.2 20.7 -999.99 10.2 1.8 9.8 387.64
ntarla 2009 7 28 209 22.4 34.5 15.9 -999.99 0 1.3 6.3 387.64
ntarla 2009 7 29 210 24.6 31.7 10 -999.99 4 1.8 9.1 387.64
ntarla 2009 7 30 211 22.6 32.2 23.9 -999.99 0 2.2 7.1 387.64
ntarla 2009 7 31 212 25.1 33 10.7 -999.99 0 1.8 9.5 387.64
ntarla 2009 8 1 213 21.8 30.4 8.2 -999.99 25.2 1.9 6.4 387.64
ntarla 2009 8 2 214 23.8 31.4 20.8 -999.99 0 1.4 8.1 387.64
ntarla 2009 8 3 215 23.3 32.8 14.8 -999.99 40.5 1.7 8.8 387.64
ntarla 2009 8 4 216 22.6 32.4 15.2 -999.99 2.2 1.8 8.6 387.64
ntarla 2009 8 5 217 22.6 32.1 20 -999.99 0 1.2 7.8 387.64
ntarla 2009 8 6 218 23.8 31.6 12.3 -999.99 0 1.4 8.6 387.64
ntarla 2009 8 7 219 23.8 30.1 11.1 -999.99 0 1.2 8.5 387.64
ntarla 2009 8 8 220 23.3 31.4 20.9 -999.99 0 1.9 8.3 387.64
ntarla 2009 8 9 221 22.6 31.9 13.5 -999.99 17.5 1.3 8.6 387.64
ntarla 2009 8 10 222 21.8 31.1 21.1 -999.99 0 0.9 6.2 387.64
ntarla 2009 8 11 223 22.1 36.1 18.1 -999.99 0 0.9 9.7 387.64
ntarla 2009 8 12 224 23.8 34.9 18.1 -999.99 18.6 2.1 9.4 387.64
ntarla 2009 8 13 225 21.3 32.1 13.8 -999.99 0 2.5 7 387.64
ntarla 2009 8 14 226 22.5 30.4 11.6 -999.99 7.7 1.3 6.7 387.64
ntarla 2009 8 15 227 22.3 31.4 10.6 -999.99 0 1.6 7.6 387.64
ntarla 2009 8 16 228 22.3 32.6 16.7 -999.99 5.5 1.1 8.3 387.64
ntarla 2009 8 17 229 21.8 31.6 12.1 -999.99 0 1.2 6.5 387.64
ntarla 2009 8 18 230 22.1 31.4 16.5 -999.99 16.4 1.1 7.1 387.64
ntarla 2009 8 19 231 21.6 32.1 21 -999.99 0 0.7 7.8 387.64
ntarla 2009 8 20 232 22.9 31.9 18.6 -999.99 0 1.8 7.8 387.64
ntarla 2009 8 21 233 23.1 32.1 10.4 -999.99 15.3 1.7 8.3 387.64
ntarla 2009 8 22 234 22.8 31.9 18.1 -999.99 0 1.3 8.5 387.64
ntarla 2009 8 23 235 20.8 31.9 20.4 -999.99 30.7 1.1 7.8 387.64
ntarla 2009 8 24 236 20.3 32.1 19.2 -999.99 0 1.6 6.9 387.64
ntarla 2009 8 25 237 23.3 32.1 20.5 -999.99 0 2 8.6 387.64
ntarla 2009 8 26 238 23.3 31.1 12.1 -999.99 0 0.1 8.1 387.64
ntarla 2009 8 27 239 23.1 31.6 19.8 -999.99 0 0.9 8.3 387.64
ntarla 2009 8 28 240 23.8 35.4 21.1 -999.99 9.9 1.7 10.6 387.64
ntarla 2009 8 29 241 21.3 32.4 9.5 -999.99 9.9 1.8 8.1 387.64
ntarla 2009 8 30 242 22.3 29.6 21.7 -999.99 7.7 1.3 7.1 387.64
ntarla 2009 8 31 243 21.6 30.4 20.1 -999.99 0 1.7 7 387.64
ntarla 2009 9 1 244 22.2 30.8 11.1 -999.99 48.8 1.3 8 387.64
ntarla 2009 9 2 245 22.9 30.6 12.2 -999.99 0 0.9 8.7 387.64
ntarla 2009 9 3 246 23.2 30.8 19.6 -999.99 2.5 2.6 8.2 387.64
ntarla 2009 9 4 247 21.4 29.8 7 -999.99 3.8 0.9 8.3 387.64
ntarla 2009 9 5 248 22 30 18 -999.99 0 1.2 7.4 387.64
ntarla 2009 9 6 249 22.2 29.1 9.5 -999.99 18.8 0.9 7.5 387.64
ntarla 2009 9 7 250 22.7 27 10.8 -999.99 35 1.4 6.9 387.64
ntarla 2009 9 8 251 21.2 29.8 12.9 -999.99 0 1.7 6.4 387.64
ntarla 2009 9 9 252 22.4 33.3 20.8 -999.99 0 1.1 8.6 387.64
ntarla 2009 9 10 253 22.2 33.3 17.9 -999.99 0 0.3 9.3 387.64
ntarla 2009 9 11 254 22.4 31.3 9.4 -999.99 0 0.9 8.6 387.64
ntarla 2009 9 12 255 22.7 30.5 13.2 -999.99 15 0.9 8.1 387.64
ntarla 2009 9 13 256 20.9 32.8 18.9 -999.99 23.8 1.4 8.7 387.64
ntarla 2009 9 14 257 21.9 33 13.5 -999.99 0 1 7.5 387.64
ntarla 2009 9 15 258 23.9 32 17.8 -999.99 42.5 1.8 9.1 387.64
ntarla 2009 9 16 259 20.9 32.5 16.3 -999.99 0 1.6 7.2 387.64
ntarla 2009 9 17 260 22.9 30.8 10.8 -999.99 0 1.5 8.1 387.64
ntarla 2009 9 18 261 21.9 31.7 16.2 -999.99 0 0.8 7.3 387.64
ntarla 2009 9 19 262 24.9 33.5 20.1 -999.99 13.8 1.8 11 387.64
ntarla 2009 9 20 263 20.9 30.3 12.8 -999.99 0 0.8 7.7 387.64
ntarla 2009 9 21 264 23.7 32.3 10.2 -999.99 7.5 1.2 8.9 387.64
ntarla 2009 9 22 265 22.4 32 16.1 -999.99 0 1.5 8 387.64
ntarla 2009 9 23 266 22.6 33.6 20.7 -999.99 0 0.9 9 387.64
ntarla 2009 9 24 267 23.4 34.8 15 -999.99 33.8 1.3 10.7 387.64
ntarla 2009 9 25 268 20.4 34.8 20.4 -999.99 23.8 1.9 8.9 387.64
ntarla 2009 9 26 269 20.9 32.5 17.3 -999.99 0 1.1 8 387.64
ntarla 2009 9 27 270 22.4 32.8 20.3 -999.99 0 1.6 8 387.64
ntarla 2009 9 28 271 23.4 37.8 20.6 -999.99 0 1 10.8 387.64
ntarla 2009 9 29 272 22.4 35 17.4 -999.99 0 1.5 9.4 387.64
ntarla 2009 9 30 273 22.7 34.8 14.2 -999.99 6.3 1.2 9.3 387.64
ntarla 2009 10 1 274 22.8 34.4 18.5 -999.99 0 0.6 7.3 387.64
ntarla 2009 10 2 275 24.3 34.9 17.4 -999.99 0 1.2 10.5 387.64
ntarla 2009 10 3 276 21.8 35.1 16.9 -999.99 2.3 0.9 8.7 387.64
ntarla 2009 10 4 277 22.3 35.4 19.8 -999.99 0 0.3 8.9 387.64
ntarla 2009 10 5 278 22.3 36.1 20.4 -999.99 0 1.5 10.1 387.64
ntarla 2009 10 6 279 22.8 35.6 13.5 -999.99 19.5 1.8 7.7 387.64
ntarla 2009 10 7 280 19.8 35.1 17.5 -999.99 0 1 6.5 387.64
ntarla 2009 10 8 281 23.3 34.6 17.5 -999.99 0 1.9 8.4 387.64
ntarla 2009 10 9 282 21.3 35.1 18.9 -999.99 0 2 6.9 387.64
ntarla 2009 10 10 283 21.3 35.1 19.3 -999.99 0 2 8.1 387.64
ntarla 2009 10 11 284 21.3 35.1 19 -999.99 0 2.2 8.5 387.64
ntarla 2009 10 12 285 22.1 36.1 19.4 -999.99 0 1.7 8.7 387.64
ntarla 2009 10 13 286 23.3 35.6 18.9 -999.99 0 1.5 9.5 387.64
ntarla 2009 10 14 287 22.3 35.6 19.6 -999.99 0 1.4 8.8 387.64
ntarla 2009 10 15 288 23.3 35.1 14.8 -999.99 0 1.3 9.4 387.64
ntarla 2009 10 16 289 23.3 35.1 17.1 -999.99 0 2.2 7.4 387.64
ntarla 2009 10 17 290 22.8 35.6 16.8 -999.99 0 1.1 9 387.64
ntarla 2009 10 18 291 21.8 35.9 19.6 -999.99 0 2.4 7.7 387.64
ntarla 2009 10 19 292 22.3 35.4 19.4 -999.99 0 2.3 8 387.64
ntarla 2009 10 20 293 21.6 36.6 20 -999.99 0 2.2 9 387.64
ntarla 2009 10 21 294 23.3 36.1 13.4 -999.99 57.5 2.4 10.7 387.64
ntarla 2009 10 22 295 17.8 35.1 19.1 -999.99 0 0.6 7 387.64
ntarla 2009 10 23 296 23.3 34.1 11 -999.99 5.7 1.7 9.4 387.64
ntarla 2009 10 24 297 22.8 32.6 12.8 -999.99 21.8 0.8 8.3 387.64
ntarla 2009 10 25 298 20.8 34.1 19.6 -999.99 0 1.1 7 387.64
ntarla 2009 10 26 299 22.8 34.1 20.1 -999.99 0 1 5.4 387.64
ntarla 2009 10 27 300 21.3 35.1 20.1 -999.99 0 0.8 4.6 387.64
ntarla 2009 10 28 301 19.8 34.1 20 -999.99 0 2 5.6 387.64
ntarla 2009 10 29 302 19.3 34.1 20.2 -999.99 0 1.1 3.6 387.64
ntarla 2009 10 30 303 18.9 33.6 20.1 -999.99 0 1.6 6.2 387.64
ntarla 2009 10 31 304 22.1 32.1 10.9 -999.99 34.5 2 8.3 387.64
ntarla 2009 11 1 305 21 31.4 7.2 -999.99 4.6 2.6 5.3 387.64
ntarla 2009 11 2 306 21.5 23.4 13.8 -999.99 0 2.8 3.3 387.64
ntarla 2009 11 3 307 19.5 30.4 17.8 -999.99 0 2.9 3.1 387.64
ntarla 2009 11 4 308 18 31.4 20.4 -999.99 0 1.9 3.2 387.64
ntarla 2009 11 5 309 24 29.9 7.2 -999.99 0 0.8 3.6 387.64
ntarla 2009 11 6 310 17 35.4 20.8 -999.99 0 1.7 3 387.64
ntarla 2009 11 7 311 27.8 34.4 20.4 -999.99 0 2.3 5 387.64
ntarla 2009 11 8 312 20 35.4 20.6 -999.99 0 1.2 3.5 387.64
ntarla 2009 11 9 313 20.5 36.4 20.7 -999.99 0 0.9 3.5 387.64
ntarla 2009 11 10 314 20.5 36.4 19.9 -999.99 0 1 3.5 387.64
ntarla 2009 11 11 315 20 35.4 20.5 -999.99 0 1.5 3.8 387.64
ntarla 2009 11 12 316 18.5 36.4 20.5 -999.99 0 2.2 2.1 387.64
ntarla 2009 11 13 317 17 33.9 17.3 -999.99 0 3.8 1.3 387.64
ntarla 2009 11 14 318 15 33.4 20.5 -999.99 0 2.5 1.1 387.64
ntarla 2009 11 15 319 14.5 33.4 20.7 -999.99 0 1.7 1 387.64
ntarla 2009 11 16 320 14.5 34.4 20 -999.99 0 0.6 1.1 387.64
ntarla 2009 11 17 321 18 29.4 18.2 -999.99 0 2.5 2 387.64
ntarla 2009 11 18 322 15.5 34.9 18.6 -999.99 0 2.9 1.5 387.64
ntarla 2009 11 19 323 16 33.9 15.3 -999.99 0 2.7 1.5 387.64
ntarla 2009 11 20 324 16 31.9 17.7 -999.99 0 3 1.1 387.64
ntarla 2009 11 21 325 14.5 33.9 19.8 -999.99 0 3.2 1 387.64
ntarla 2009 11 22 326 12.5 34.4 18.4 -999.99 0 3.1 0.8 387.64
ntarla 2009 11 23 327 14 34.4 19.5 -999.99 0 2.6 1 387.64
ntarla 2009 11 24 328 13.5 34.9 19.1 -999.99 0 2.8 1.1 387.64
ntarla 2009 11 25 329 14.5 35.4 20.4 -999.99 0 3.1 1.2 387.64
ntarla 2009 11 26 330 14 35.4 18.8 -999.99 0 3.3 0.9 387.64
ntarla 2009 11 27 331 12 34.4 19.9 -999.99 0 2.8 0.7 387.64
ntarla 2009 11 28 332 14 33.4 18.2 -999.99 0 2.3 0.9 387.64
ntarla 2009 11 29 333 15.5 35.9 16.9 -999.99 0 2.6 1.4 387.64
ntarla 2009 11 30 334 15 33.9 15.2 -999.99 0 2.9 0.9 387.64
ntarla 2009 12 1 335 12.3 33.8 11.3 -999.99 0 3.1 0.8 387.64
ntarla 2009 12 2 336 12.3 33.3 18.2 -999.99 0 3.6 0.4 387.64
ntarla 2009 12 3 337 11.3 34.3 18.8 -999.99 0 3.3 0.4 387.64
ntarla 2009 12 4 338 11.8 35.3 19.5 -999.99 0 3.8 0.4 387.64
ntarla 2009 12 5 339 11.3 34.8 18.5 -999.99 0 3.7 0.4 387.64
ntarla 2009 12 6 340 10.3 34.3 19.1 -999.99 0 3.8 0.3 387.64
ntarla 2009 12 7 341 10.4 35.3 20.1 -999.99 0 4 0.2 387.64
ntarla 2009 12 8 342 11.8 35.3 20.1 -999.99 0 4.1 0.5 387.64
ntarla 2009 12 9 343 11.3 35.3 20.1 -999.99 0 4.2 0.3 387.64
ntarla 2009 12 10 344 12.3 33.3 19.2 -999.99 0 3.7 0.3 387.64
ntarla 2009 12 11 345 11.3 32.8 17.2 -999.99 0 2.4 0.3 387.64
ntarla 2009 12 12 346 15.8 32.8 16.6 -999.99 0 1.6 0.6 387.64
ntarla 2009 12 13 347 17.8 33.8 11.3 -999.99 0 0.8 0.9 387.64
ntarla 2009 12 14 348 14.8 32.8 18.7 -999.99 0 0.8 1.9 387.64
ntarla 2009 12 15 349 15.3 33.3 18.5 -999.99 0 2.7 1.2 387.64
ntarla 2009 12 16 350 16.1 34.8 20.6 -999.99 0 4 0.8 387.64
ntarla 2009 12 17 351 15.2 34.8 19.7 -999.99 0 3.8 0.9 387.64
ntarla 2009 12 18 352 13.3 36.8 19.9 -999.99 0 3.6 0.9 387.64
ntarla 2009 12 19 353 13.3 37.3 17.6 -999.99 0 2.5 0.7 387.64
ntarla 2009 12 20 354 13.8 36.3 19.4 -999.99 0 2.4 0.4 387.64
ntarla 2009 12 21 355 11.8 37.3 18.4 -999.99 0 2.6 0.2 387.64
ntarla 2009 12 22 356 12.2 37.7 19.6 -999.99 0 2.8 0.4 387.64
ntarla 2009 12 23 357 11.3 37.3 19.9 -999.99 0 2.5 0.3 387.64
ntarla 2009 12 24 358 10.2 38.3 20.3 -999.99 0 2.9 0.3 387.64
ntarla 2009 12 25 359 11.8 37.8 19.8 -999.99 0 3.1 0.4 387.64
ntarla 2009 12 26 360 11.3 36.8 19.9 -999.99 0 3.8 0.3 387.64
ntarla 2009 12 27 361 9.8 36.8 19.8 -999.99 0 3.6 0.3 387.64
ntarla 2009 12 28 362 9.3 36.3 19.8 -999.99 0 3.3 0.4 387.64
ntarla 2009 12 29 363 9.8 36.8 19.7 -999.99 0 3.5 0.5 387.64
ntarla 2009 12 30 364 9.8 36.3 19.6 -999.99 0 3.9 0.5 387.64
ntarla 2009 12 31 365 11.3 36.3 19.2 -999.99 0 3.8 0.4 387.64
