ntarla 2000 1 2 2 20.9 31.2 13.6 -999.99 0 1.7 2.2 369.71
ntarla 2000 1 3 3 18.7 32.5 16.2 -999.99 0 4 1.2 369.71
ntarla 2000 1 4 4 17.2 34 18.7 -999.99 0 3.7 1.4 369.71
ntarla 2000 1 5 5 17.7 33.9 19.3 -999.99 0 3.9 1.2 369.71
ntarla 2000 1 6 6 16.7 34 19.3 -999.99 0 2.9 1.1 369.71
ntarla 2000 1 7 7 18.2 35.1 11.7 -999.99 0 2.8 1.2 369.71
ntarla 2000 1 8 8 17.8 37 19.1 -999.99 0 2.4 1.1 369.71
ntarla 2000 1 9 9 17.7 37 19.5 -999.99 0 2.3 1.7 369.71
ntarla 2000 1 10 10 17.7 37.2 19.1 -999.99 0 1.6 3.2 369.71
ntarla 2000 1 11 11 18.7 36.5 17.8 -999.99 0 1.8 1.5 369.71
ntarla 2000 1 12 12 18.2 36.8 18.7 -999.99 0 3.1 0.8 369.71
ntarla 2000 1 13 13 18.9 33.7 18.8 -999.99 0 3.8 1.2 369.71
ntarla 2000 1 14 14 15.7 34 19.3 -999.99 0 2.9 0.8 369.71
ntarla 2000 1 15 15 15.2 36 19.5 -999.99 0 2.2 1 369.71
ntarla 2000 1 16 16 16.7 37.9 19.9 -999.99 0 3.5 1.1 369.71
ntarla 2000 1 17 17 16.2 39.5 20.5 -999.99 0 3.8 1.3 369.71
ntarla 2000 1 18 18 15.2 39.9 20.8 -999.99 0 3.5 1 369.71
ntarla 2000 1 19 19 14.7 39.3 20.2 -999.99 0 2.9 0.8 369.71
ntarla 2000 1 20 20 14.9 40.1 20.1 -999.99 0 2.1 1 369.71
ntarla 2000 1 21 21 17.2 36.2 14.5 -999.99 0 1.5 0.6 369.71
ntarla 2000 1 22 22 21.5 39.6 15.1 -999.99 0 3.7 0.9 369.71
ntarla 2000 1 23 23 17 39 19.5 -999.99 0 3.8 0.5 369.71
ntarla 2000 1 24 24 16.7 40.4 22.3 -999.99 0 3.3 0.5 369.71
ntarla 2000 1 25 25 15.3 40.2 21.1 -999.99 0 2.3 0.5 369.71
ntarla 2000 1 26 26 18.3 41 21.3 -999.99 0 2.1 2.5 369.71
ntarla 2000 1 27 27 16.5 39.5 20.4 -999.99 0 3.2 0.5 369.71
ntarla 2000 1 28 28 16.7 41.1 21.2 -999.99 0 3.5 1.8 369.71
ntarla 2000 1 29 29 17.2 40.9 21.2 -999.99 0 5 0.7 369.71
ntarla 2000 1 30 30 16.7 38.7 21.5 -999.99 0 5 0.6 369.71
ntarla 2000 1 31 31 16.4 35 21.3 -999.99 0 4.6 0.6 369.71
ntarla 2000 2 1 32 14.9 33.7 19.4 -999.99 0 4.9 0.5 369.71
ntarla 2000 2 2 33 12.9 32.7 21.2 -999.99 0 4.6 0.3 369.71
ntarla 2000 2 3 34 10.4 32.9 21.4 -999.99 0 4.2 0.2 369.71
ntarla 2000 2 4 35 10.4 33.9 22.2 -999.99 0 4.4 0.3 369.71
ntarla 2000 2 5 36 9.4 34.9 23.2 -999.99 0 3.5 0.3 369.71
ntarla 2000 2 6 37 9.4 35.7 23.5 -999.99 0 3.9 0.2 369.71
ntarla 2000 2 7 38 9.7 35.2 23.5 -999.99 0 4.4 0.2 369.71
ntarla 2000 2 8 39 11.4 32.9 21.7 -999.99 0 4.6 0.4 369.71
ntarla 2000 2 9 40 11.4 33.8 22.9 -999.99 0 4.3 0.3 369.71
ntarla 2000 2 10 41 8.4 34.4 23.8 -999.99 0 3.8 0.2 369.71
ntarla 2000 2 11 42 9.4 35.2 23.8 -999.99 0 3.8 0.3 369.71
ntarla 2000 2 12 43 9.5 36.2 23.5 -999.99 0 3.6 0.3 369.71
ntarla 2000 2 13 44 9.9 36.7 23.6 -999.99 0 4 0.3 369.71
ntarla 2000 2 14 45 10.9 36.3 23.5 -999.99 0 3.9 0.1 369.71
ntarla 2000 2 15 46 10.1 36.7 23.9 -999.99 0 4 0.1 369.71
ntarla 2000 2 16 47 11.3 37.3 23.8 -999.99 0 4 0.2 369.71
ntarla 2000 2 17 48 11.4 37.2 24.1 -999.99 0 4.1 0.2 369.71
ntarla 2000 2 18 49 11.4 37.3 23.8 -999.99 0 3.6 0.2 369.71
ntarla 2000 2 19 50 12.2 38.3 23.8 -999.99 0 3.6 0.3 369.71
ntarla 2000 2 20 51 13.4 39.5 24.2 -999.99 0 3.4 0.3 369.71
ntarla 2000 2 21 52 14.9 41 23.1 -999.99 0 3 0.4 369.71
ntarla 2000 2 22 53 16.4 41.3 22.7 -999.99 0 3.2 0.4 369.71
ntarla 2000 2 23 54 16.9 42.2 23.5 -999.99 0 2.6 0.6 369.71
ntarla 2000 2 24 55 17.4 41.7 23.8 -999.99 0 3.6 0.6 369.71
ntarla 2000 2 25 56 16.4 42.4 24.5 -999.99 0 3.4 0.6 369.71
ntarla 2000 2 26 57 15.4 41.9 24.3 -999.99 0 4.7 0.4 369.71
ntarla 2000 2 27 58 18.4 39.3 23 -999.99 0 4.2 0.6 369.71
ntarla 2000 2 28 59 19.5 38.9 20.9 -999.99 0 3.6 0.6 369.71
ntarla 2000 2 29 60 18.5 38.7 15.2 -999.99 0 3.4 0.7 369.71
ntarla 2000 3 1 61 19.6 39 14.4 -999.99 0 3.5 0.4 369.71
ntarla 2000 3 2 62 19.1 40.4 20.9 -999.99 0 3.7 0.5 369.71
ntarla 2000 3 3 63 17.7 40.4 21.7 -999.99 0 3.8 0.3 369.71
ntarla 2000 3 4 64 18.1 41.3 20.1 -999.99 0 3.8 0.5 369.71
ntarla 2000 3 5 65 18.6 42.8 22.1 -999.99 0 3.6 0.5 369.71
ntarla 2000 3 6 66 19.7 43 22.8 -999.99 0 5.2 0.4 369.71
ntarla 2000 3 7 67 15.3 41.8 23 -999.99 0 5.3 0.3 369.71
ntarla 2000 3 8 68 17.7 42.3 24.2 -999.99 0 4.5 0.5 369.71
ntarla 2000 3 9 69 17.4 40.4 23.4 -999.99 0 4.9 0.3 369.71
ntarla 2000 3 10 70 15.1 40.3 24.6 -999.99 0 4.6 0.3 369.71
ntarla 2000 3 11 71 15.1 40 25 -999.99 0 3.9 0.3 369.71
ntarla 2000 3 12 72 15.4 40.4 24.1 -999.99 0 3.6 0.4 369.71
ntarla 2000 3 13 73 15.1 41.3 23.8 -999.99 0 3.8 0.3 369.71
ntarla 2000 3 14 74 16.3 40.3 24.6 -999.99 0 3.5 0.5 369.71
ntarla 2000 3 15 75 15.6 42 24.2 -999.99 0 2.6 0.6 369.71
ntarla 2000 3 16 76 17.1 42.3 24.4 -999.99 0 2.4 0.5 369.71
ntarla 2000 3 17 77 17.6 43.5 24.6 -999.99 0 2.9 0.5 369.71
ntarla 2000 3 18 78 18.1 43.5 24.6 -999.99 0 2.5 0.4 369.71
ntarla 2000 3 19 79 19.7 41.3 23.1 -999.99 0 3.3 0.7 369.71
ntarla 2000 3 20 80 18.4 37.4 15.2 -999.99 0 3.1 0.5 369.71
ntarla 2000 3 21 81 17.5 40 22.7 -999.99 0 3.3 0.4 369.71
ntarla 2000 3 22 82 17.1 42.8 25.5 -999.99 0 2.8 0.3 369.71
ntarla 2000 3 23 83 17.6 43.3 24.3 -999.99 0 3.3 0.3 369.71
ntarla 2000 3 24 84 22.3 43.8 23.1 -999.99 0 2.3 0.5 369.71
ntarla 2000 3 25 85 19.3 45 25.8 -999.99 0 3 0.4 369.71
ntarla 2000 3 26 86 22.6 43.3 25 -999.99 0 3.2 5.4 369.71
ntarla 2000 3 27 87 26.6 35.3 10.4 -999.99 0 2.6 3.9 369.71
ntarla 2000 3 28 88 26.7 41.4 17.5 -999.99 0 1 5.6 369.71
ntarla 2000 3 29 89 28.6 42.8 12.9 -999.99 0 1.9 4 369.71
ntarla 2000 3 30 90 27.1 44.3 22.5 -999.99 0 2.6 3 369.71
ntarla 2000 3 31 91 25.6 44.8 23.9 -999.99 0 1 3.5 369.71
ntarla 2000 4 1 92 23.8 45 25 -999.99 0 1.4 3.2 369.71
ntarla 2000 4 2 93 25.3 44 20.9 -999.99 0 3.8 4.4 369.71
ntarla 2000 4 3 94 27.3 43 24.6 -999.99 0 3.6 7.5 369.71
ntarla 2000 4 4 95 26.3 40.7 21.1 -999.99 3.1 1.1 7.5 369.71
ntarla 2000 4 5 96 24.9 41.7 23.4 -999.99 0 1.2 5.4 369.71
ntarla 2000 4 6 97 25.8 45 25.1 -999.99 0 0.9 1.5 369.71
ntarla 2000 4 7 98 27.3 44 24.2 -999.99 0 2.8 11 369.71
ntarla 2000 4 8 99 29.3 44.1 22.8 -999.99 0 2.2 5.9 369.71
ntarla 2000 4 9 100 28.9 44.1 26.1 -999.99 0 2.3 5.7 369.71
ntarla 2000 4 10 101 29.9 43 20.8 -999.99 0 2.9 9.4 369.71
ntarla 2000 4 11 102 31.6 41.9 23.6 -999.99 0 2.1 5.5 369.71
ntarla 2000 4 12 103 30.5 44.5 26.1 -999.99 0 2.8 6.8 369.71
ntarla 2000 4 13 104 28.5 46 26.4 -999.99 0 1.3 2.9 369.71
ntarla 2000 4 14 105 29.8 44.5 22.4 -999.99 0.8 0.6 5.1 369.71
ntarla 2000 4 15 106 26.6 45 23.1 -999.99 0 2.4 5.3 369.71
ntarla 2000 4 16 107 30.8 44 23.9 -999.99 0.3 3.1 13.3 369.71
ntarla 2000 4 17 108 29.8 44.5 22.8 -999.99 0 2 6.1 369.71
ntarla 2000 4 18 109 27.3 42.5 23.9 -999.99 0 2.3 6.5 369.71
ntarla 2000 4 19 110 28.5 43.3 23.6 -999.99 0 0.9 3.5 369.71
ntarla 2000 4 20 111 21.3 44.5 24.1 -999.99 0 4.3 0.5 369.71
ntarla 2000 4 21 112 21.9 44.7 24.7 -999.99 0 3.1 0.7 369.71
ntarla 2000 4 22 113 22.3 41 23.6 -999.99 0 1.6 3.1 369.71
ntarla 2000 4 23 114 31.8 43 23.1 -999.99 1.5 1.5 6.3 369.71
ntarla 2000 4 24 115 28.5 42.1 19.9 -999.99 38 2.1 5 369.71
ntarla 2000 4 25 116 26.6 41 24.6 -999.99 0 2.2 6.2 369.71
ntarla 2000 4 26 117 28.9 43 26 -999.99 0 2 5.7 369.71
ntarla 2000 4 27 118 29.3 43.5 26 -999.99 1 3 7.3 369.71
ntarla 2000 4 28 119 30.3 43.2 22.9 -999.99 0 3.2 12.4 369.71
ntarla 2000 4 29 120 31.5 39.1 17.4 -999.99 0 2.5 12.6 369.71
ntarla 2000 4 30 121 28.3 41.7 22.4 -999.99 0 1.7 6.8 369.71
ntarla 2000 5 1 122 27.5 41.1 17.3 -999.99 0 2.6 8.5 369.71
ntarla 2000 5 2 123 29.5 40.8 26.8 -999.99 4.3 2.3 13.7 369.71
ntarla 2000 5 3 124 26 41.1 20.3 -999.99 0 2 9 369.71
ntarla 2000 5 4 125 29.5 42.8 26.4 -999.99 2.1 1.2 10.1 369.71
ntarla 2000 5 5 126 26.5 42.1 25.7 -999.99 0 1.6 4.2 369.71
ntarla 2000 5 6 127 27.5 43.6 21.2 -999.99 0 3 9.1 369.71
ntarla 2000 5 7 128 27 42.8 17.7 -999.99 0 2.2 11.6 369.71
ntarla 2000 5 8 129 28.5 44.1 24.1 -999.99 0 2.1 12.6 369.71
ntarla 2000 5 9 130 31.5 42.7 21.5 -999.99 0 2.4 11.9 369.71
ntarla 2000 5 10 131 31.3 44.1 18.7 -999.99 0 3.2 10.7 369.71
ntarla 2000 5 11 132 29 44.8 23.9 -999.99 0.2 1.6 10.2 369.71
ntarla 2000 5 12 133 29 43.1 14.5 -999.99 0 2.2 13.5 369.71
ntarla 2000 5 13 134 30.5 44.1 25.2 -999.99 0 1.9 7.4 369.71
ntarla 2000 5 14 135 31 44.6 26 -999.99 0 3.7 10.5 369.71
ntarla 2000 5 15 136 31.4 44.2 24.6 -999.99 18.1 3 13.6 369.71
ntarla 2000 5 16 137 23 37.9 25.9 -999.99 0 2.1 4.8 369.71
ntarla 2000 5 17 138 30 43.6 25.7 -999.99 0 1.1 8 369.71
ntarla 2000 5 18 139 30 33.8 23 -999.99 1.7 2.8 5.4 369.71
ntarla 2000 5 19 140 27 35.1 26.3 -999.99 6.4 3.3 4.2 369.71
ntarla 2000 5 20 141 27 39.6 22.2 -999.99 1.4 2.8 7.3 369.71
ntarla 2000 5 21 142 26 38.1 18 -999.99 0 1.8 9.4 369.71
ntarla 2000 5 22 143 27 41.1 13.9 -999.99 2.7 1.8 9.5 369.71
ntarla 2000 5 23 144 27.3 40.6 20.1 -999.99 0 2.3 7.6 369.71
ntarla 2000 5 24 145 27.1 40.2 26.2 -999.99 0 3.4 11.8 369.71
ntarla 2000 5 25 146 30 37.1 22.2 -999.99 0 1.8 8.2 369.71
ntarla 2000 5 26 147 27 42.6 23.5 -999.99 0 2.8 8.4 369.71
ntarla 2000 5 27 148 30.2 41.1 22.4 -999.99 0 2.7 11.1 369.71
ntarla 2000 5 28 149 29.5 42 22.4 -999.99 0 2 9 369.71
ntarla 2000 5 29 150 30.2 41.8 25.1 -999.99 32.3 2 8.3 369.71
ntarla 2000 5 30 151 25 37.1 23.6 -999.99 0 1.4 5.3 369.71
ntarla 2000 5 31 152 27 39.8 18.3 -999.99 0 2.6 5.8 369.71
ntarla 2000 6 1 153 28.2 41.4 21.1 -999.99 0 2.5 6.2 369.71
ntarla 2000 6 2 154 29.2 42.8 25.8 -999.99 0 1.8 10.3 369.71
ntarla 2000 6 3 155 30.3 44 21.9 -999.99 2.3 3.1 15.6 369.71
ntarla 2000 6 4 156 24.7 38.2 16.3 -999.99 0 2.9 8.1 369.71
ntarla 2000 6 5 157 27.9 41 21.9 -999.99 1.2 3.1 12.4 369.71
ntarla 2000 6 6 158 25.2 37.3 15.4 -999.99 0.4 2.1 8.2 369.71
ntarla 2000 6 7 159 26.7 39.8 23.5 -999.99 2.9 2.3 8.5 369.71
ntarla 2000 6 8 160 25.2 39 26.5 -999.99 0 2.6 9.3 369.71
ntarla 2000 6 9 161 26.3 41.8 22.8 -999.99 0 1.1 11.4 369.71
ntarla 2000 6 10 162 27.7 42.4 23.5 -999.99 0.8 1.4 10.9 369.71
ntarla 2000 6 11 163 28.7 34.3 18.5 -999.99 27.2 2.9 9.1 369.71
ntarla 2000 6 12 164 23.9 35.5 22.1 -999.99 0 2.2 6.8 369.71
ntarla 2000 6 13 165 25.7 37 15.3 -999.99 0 1.7 6.8 369.71
ntarla 2000 6 14 166 24.7 39.8 22.4 -999.99 0 2.2 6.8 369.71
ntarla 2000 6 15 167 25.7 40.3 25.2 -999.99 0 2.7 9.2 369.71
ntarla 2000 6 16 168 28.2 40.5 26.6 -999.99 1 2.6 9.1 369.71
ntarla 2000 6 17 169 24.2 38.4 19.2 -999.99 0 3 11.2 369.71
ntarla 2000 6 18 170 26.9 39.3 23 -999.99 13.6 0.9 6.7 369.71
ntarla 2000 6 19 171 27.2 33.4 16.5 -999.99 0 1.3 7.3 369.71
ntarla 2000 6 20 172 25.7 37.3 25.8 -999.99 0 1.4 8.3 369.71
ntarla 2000 6 21 173 28.2 31.4 9.5 -999.99 0 2.3 7 369.71
ntarla 2000 6 22 174 25.2 36.3 20.6 -999.99 13.6 1.4 6 369.71
ntarla 2000 6 23 175 22.7 33.1 15.2 -999.99 1 1.7 3 369.71
ntarla 2000 6 24 176 24.9 35.3 23.3 -999.99 0 1.8 4.1 369.71
ntarla 2000 6 25 177 26.2 36 20.3 -999.99 0 2.3 9 369.71
ntarla 2000 6 26 178 24.2 34.3 20.8 -999.99 3.7 0.7 7.6 369.71
ntarla 2000 6 27 179 24.7 38 27 -999.99 0 2.1 4.9 369.71
ntarla 2000 6 28 180 25.7 39.6 25.5 -999.99 0 1.8 6.8 369.71
ntarla 2000 6 29 181 28 39.9 26.3 -999.99 0.6 2.5 12 369.71
ntarla 2000 6 30 182 25.7 40.4 22.4 -999.99 0 2.6 11.6 369.71
ntarla 2000 7 1 183 25.6 36.7 22.8 -999.99 0 2.1 4.7 369.71
ntarla 2000 7 2 184 25.2 38.3 26.8 -999.99 0 2.7 9.4 369.71
ntarla 2000 7 3 185 26.6 40.9 24.5 -999.99 42.5 2.8 12.1 369.71
ntarla 2000 7 4 186 21.2 34.7 19.5 -999.99 0 2.9 6.5 369.71
ntarla 2000 7 5 187 24.1 35.7 22.2 -999.99 0 2 7.4 369.71
ntarla 2000 7 6 188 25.6 36.3 18.5 -999.99 0 1.4 8.4 369.71
ntarla 2000 7 7 189 25.8 36.3 18.6 -999.99 8.1 0.3 8.5 369.71
ntarla 2000 7 8 190 25.6 35.3 21 -999.99 0 1.9 5.3 369.71
ntarla 2000 7 9 191 26.1 35.9 19.4 -999.99 3.2 3.1 8.4 369.71
ntarla 2000 7 10 192 23.1 36.2 25.2 -999.99 0 2.3 5.6 369.71
ntarla 2000 7 11 193 26.1 34.2 18.8 -999.99 6.7 1.8 8.5 369.71
ntarla 2000 7 12 194 25.9 35.3 19.6 -999.99 0 0.3 6.7 369.71
ntarla 2000 7 13 195 25.1 35.2 24.3 -999.99 0 0.5 6.2 369.71
ntarla 2000 7 14 196 26 35.1 16.2 -999.99 0 3.2 9.1 369.71
ntarla 2000 7 15 197 25.2 33.7 22.4 -999.99 0 2.8 8.3 369.71
ntarla 2000 7 16 198 25.2 36.4 20.3 -999.99 20.3 2.8 11.1 369.71
ntarla 2000 7 17 199 22.6 34.4 19.2 -999.99 57.3 1.9 8.7 369.71
ntarla 2000 7 18 200 22.6 29.7 14.8 -999.99 0 1.2 5.3 369.71
ntarla 2000 7 19 201 24.1 33.3 21.3 -999.99 7.9 2.4 6.8 369.71
ntarla 2000 7 20 202 24.2 34.2 25.9 -999.99 0 2.5 8.2 369.71
ntarla 2000 7 21 203 25.1 31.2 10.7 -999.99 13.9 2.7 8.3 369.71
ntarla 2000 7 22 204 22.6 34.3 13.8 -999.99 10.2 0.8 9.1 369.71
ntarla 2000 7 23 205 23.6 34.7 25.8 -999.99 0 1.3 7.5 369.71
ntarla 2000 7 24 206 25.2 34.3 23.7 -999.99 13.9 2.4 8.4 369.71
ntarla 2000 7 25 207 23.1 29.9 9.5 -999.99 0 2 6.1 369.71
ntarla 2000 7 26 208 24.6 32.7 18.8 -999.99 0 2.2 8.5 369.71
ntarla 2000 7 27 209 25.6 33.9 18.5 -999.99 1.8 1.5 10.8 369.71
ntarla 2000 7 28 210 24.1 35.3 25.4 -999.99 0 1.8 9.2 369.71
ntarla 2000 7 29 211 25.9 34.2 21.5 -999.99 0 2.1 9.9 369.71
ntarla 2000 7 30 212 25.1 33.9 15.8 -999.99 1.2 2 8.9 369.71
ntarla 2000 7 31 213 24.1 33.4 21.4 -999.99 12.9 1.1 9.2 369.71
ntarla 2000 8 1 214 24.3 33.7 23.2 -999.99 52.6 1.1 9.7 369.71
ntarla 2000 8 2 215 21.3 24.5 23.2 -999.99 57.6 2 5.6 369.71
ntarla 2000 8 3 216 20.8 29.7 16.7 -999.99 0.4 2.1 6.4 369.71
ntarla 2000 8 4 217 23.8 31.6 18.2 -999.99 1.5 1.5 8 369.71
ntarla 2000 8 5 218 23 34.5 25 -999.99 36.1 1.5 9.6 369.71
ntarla 2000 8 6 219 21.6 33.7 18.5 -999.99 0 0.6 6 369.71
ntarla 2000 8 7 220 25.3 34.1 20.2 -999.99 0 2 9.9 369.71
ntarla 2000 8 8 221 24.8 34.3 21.4 -999.99 0 0.6 9.9 369.71
ntarla 2000 8 9 222 24.3 34.2 23.3 -999.99 7.9 1.5 8.3 369.71
ntarla 2000 8 10 223 22.7 32.8 21.3 -999.99 8.5 0.7 8.4 369.71
ntarla 2000 8 11 224 23.8 33.3 24.1 -999.99 17.5 2 9.5 369.71
ntarla 2000 8 12 225 21.3 32.6 21.5 -999.99 0 1.4 6.7 369.71
ntarla 2000 8 13 226 24.3 34.6 25.4 -999.99 13.1 2.1 9.8 369.71
ntarla 2000 8 14 227 22.3 33.6 22.3 -999.99 0.5 1.1 6.6 369.71
ntarla 2000 8 15 228 24.3 30.6 17.7 -999.99 1 1.7 7.5 369.71
ntarla 2000 8 16 229 22.3 33.3 24.7 -999.99 0 2.3 7.5 369.71
ntarla 2000 8 17 230 23.8 32.1 13.7 -999.99 0 1.9 9 369.71
ntarla 2000 8 18 231 23.9 34.3 26.1 -999.99 16.4 1.3 7 369.71
ntarla 2000 8 19 232 21.3 29.7 10.2 -999.99 14.2 2 5.6 369.71
ntarla 2000 8 20 233 23.8 32.7 16.6 -999.99 0 1.4 8.2 369.71
ntarla 2000 8 21 234 25.3 30.8 9.1 -999.99 1.9 0.4 7.4 369.71
ntarla 2000 8 22 235 22.8 31.1 18.6 -999.99 8.2 1.9 7.2 369.71
ntarla 2000 8 23 236 23 33.4 23.8 -999.99 0 1.1 8.6 369.71
ntarla 2000 8 24 237 22.8 33.8 23.4 -999.99 13.1 1.7 9 369.71
ntarla 2000 8 25 238 22.6 33.6 22 -999.99 0 1.5 7 369.71
ntarla 2000 8 26 239 24.8 35.3 23.8 -999.99 1.1 1.1 10.3 369.71
ntarla 2000 8 27 240 24.4 33.6 18.4 -999.99 0 0.7 10.2 369.71
ntarla 2000 8 28 241 25.3 33.6 19.7 -999.99 9 0.5 9.1 369.71
ntarla 2000 8 29 242 23.8 35.3 24.1 -999.99 0.3 0.7 10.4 369.71
ntarla 2000 8 30 243 23.9 35.4 25.6 -999.99 0 1.4 10.3 369.71
ntarla 2000 8 31 244 25.7 35.3 15.5 -999.99 31.2 1.1 12.3 369.71
ntarla 2000 9 1 245 22.4 32.4 20.4 -999.99 0.6 0.8 7.5 369.71
ntarla 2000 9 2 246 24.4 34.4 25.5 -999.99 0 0.9 9.5 369.71
ntarla 2000 9 3 247 25 35.5 24.7 -999.99 0 1.8 10.5 369.71
ntarla 2000 9 4 248 26.4 35.4 22.7 -999.99 0 2.7 13 369.71
ntarla 2000 9 5 249 24.7 33.2 19.1 -999.99 0 2.6 9.5 369.71
ntarla 2000 9 6 250 23.4 34.7 24.3 -999.99 0 1.3 10.7 369.71
ntarla 2000 9 7 251 23.9 36 24.2 -999.99 1.5 1.1 11.5 369.71
ntarla 2000 9 8 252 23.9 35 20 -999.99 0 1.5 9 369.71
ntarla 2000 9 9 253 23.9 34.5 16.5 -999.99 0 1.7 9.8 369.71
ntarla 2000 9 10 254 23.9 36.2 22.9 -999.99 0 1 11.7 369.71
ntarla 2000 9 11 255 24.4 37.3 23.6 -999.99 0 1.8 12.8 369.71
ntarla 2000 9 12 256 21.9 35 22.1 -999.99 0 1.9 8.8 369.71
ntarla 2000 9 13 257 21.9 35.2 24.5 -999.99 0.8 2.4 8.4 369.71
ntarla 2000 9 14 258 21.9 31.5 16.2 -999.99 8.1 1.4 8 369.71
ntarla 2000 9 15 259 22.8 36 20.2 -999.99 0.4 1 9.1 369.71
ntarla 2000 9 16 260 23 34.6 24.1 -999.99 0 1.5 9.1 369.71
ntarla 2000 9 17 261 22.4 32.2 11.9 -999.99 42.5 1 6.9 369.71
ntarla 2000 9 18 262 23.4 34.6 22.1 -999.99 4.4 1 9.7 369.71
ntarla 2000 9 19 263 22 33.2 23.6 -999.99 0 0.7 8.7 369.71
ntarla 2000 9 20 264 22.9 34.6 20.1 -999.99 0 1 8.9 369.71
ntarla 2000 9 21 265 20.9 34.6 25.2 -999.99 0 0.6 6.7 369.71
ntarla 2000 9 22 266 23 37.2 24.4 -999.99 0 1.8 10 369.71
ntarla 2000 9 23 267 21.9 36.6 24.4 -999.99 0 2.6 7.7 369.71
ntarla 2000 9 24 268 22.9 34 12.2 -999.99 0 2.1 8.3 369.71
ntarla 2000 9 25 269 21.9 35.8 22.2 -999.99 6.5 1.5 9.2 369.71
ntarla 2000 9 26 270 22 34.8 19.4 -999.99 0 1.3 8 369.71
ntarla 2000 9 27 271 25.4 37 22.7 -999.99 0 2.1 11.4 369.71
ntarla 2000 9 28 272 23.1 34.4 22.2 -999.99 0 1.7 6.8 369.71
ntarla 2000 9 29 273 22.9 36 20.7 -999.99 0 0.5 9.8 369.71
ntarla 2000 9 30 274 23.6 35.6 24.4 -999.99 0 2.1 9.9 369.71
ntarla 2000 10 1 275 24.4 33.7 14.4 -999.99 15.9 1.3 7.4 369.71
ntarla 2000 10 2 276 23.3 34.1 23.1 -999.99 5.7 0.5 9.1 369.71
ntarla 2000 10 3 277 24.8 35.3 22.9 -999.99 0 1.4 7.2 369.71
ntarla 2000 10 4 278 24.8 36.6 23.5 -999.99 0 1.8 6.3 369.71
ntarla 2000 10 5 279 20.4 36.6 23.6 -999.99 0 2.1 7.8 369.71
ntarla 2000 10 6 280 22.3 38.4 24.3 -999.99 0 1.6 6.7 369.71
ntarla 2000 10 7 281 20.8 39.1 23.8 -999.99 0 1.4 4.3 369.71
ntarla 2000 10 8 282 21.8 39.1 23.9 -999.99 1.6 1.5 8.2 369.71
ntarla 2000 10 9 283 24.3 38.6 19.1 -999.99 0 2.2 9.8 369.71
ntarla 2000 10 10 284 23 36.3 18.1 -999.99 0 0.7 9.9 369.71
ntarla 2000 10 11 285 24.3 33.6 16.2 -999.99 0 2.8 8.7 369.71
ntarla 2000 10 12 286 25.8 36.8 22 -999.99 0 1.4 11.9 369.71
ntarla 2000 10 13 287 24.3 37.1 22 -999.99 43.7 0.5 12 369.71
ntarla 2000 10 14 288 22.8 34.6 15.5 -999.99 0.2 1.3 8.6 369.71
ntarla 2000 10 15 289 23.1 34.3 21.6 -999.99 0 3.1 5.1 369.71
ntarla 2000 10 16 290 22.8 36.3 23 -999.99 0 2.7 4.9 369.71
ntarla 2000 10 17 291 23.3 37.3 21.2 -999.99 0 1.6 4.6 369.71
ntarla 2000 10 18 292 25 37.6 19.4 -999.99 0 2.2 9.1 369.71
ntarla 2000 10 19 293 25.2 36.9 19.6 -999.99 0 1.9 9.7 369.71
ntarla 2000 10 20 294 24.3 37.3 22 -999.99 0 0.7 5.6 369.71
ntarla 2000 10 21 295 21.8 36.9 21.1 -999.99 0 1.2 7.9 369.71
ntarla 2000 10 22 296 21.2 36.9 20.5 -999.99 0.8 1.3 7.6 369.71
ntarla 2000 10 23 297 24.6 37.6 21.7 -999.99 0 1 11.3 369.71
ntarla 2000 10 24 298 24.3 38.7 20.5 -999.99 0 1.3 10.5 369.71
ntarla 2000 10 25 299 24.8 37.6 16 -999.99 15.5 0.5 11.8 369.71
ntarla 2000 10 26 300 23.3 37.6 22.4 -999.99 0 0.9 7 369.71
ntarla 2000 10 27 301 20.8 38.6 22.4 -999.99 0 0.9 3.8 369.71
ntarla 2000 10 28 302 20.6 38.6 21.7 -999.99 0 1.2 3.8 369.71
ntarla 2000 10 29 303 20.3 38.3 21.2 -999.99 0 1.7 7.6 369.71
ntarla 2000 10 30 304 21.3 38.5 21.8 -999.99 0 0.8 4.8 369.71
ntarla 2000 10 31 305 20.8 36.9 20.8 -999.99 0 0.7 6.1 369.71
ntarla 2000 11 1 306 19 36.4 13.6 -999.99 0 2.3 1.5 369.71
ntarla 2000 11 2 307 19 38.6 20.9 -999.99 0 2.2 1.7 369.71
ntarla 2000 11 3 308 19.5 38.6 20.4 -999.99 0 1 2.3 369.71
ntarla 2000 11 4 309 21.5 39.4 21.8 -999.99 0 1.3 3.4 369.71
ntarla 2000 11 5 310 17.5 40 21.7 -999.99 0 3.6 1.4 369.71
ntarla 2000 11 6 311 19.5 39.2 20.4 -999.99 0 1.8 4.5 369.71
ntarla 2000 11 7 312 20 38.9 19.8 -999.99 0 0.7 3.4 369.71
ntarla 2000 11 8 313 17.5 38.9 20.7 -999.99 0 0.6 1.8 369.71
ntarla 2000 11 9 314 19.5 38.5 17.8 -999.99 0 1.8 5.5 369.71
ntarla 2000 11 10 315 20.5 39.4 19.7 -999.99 0 0.8 3.7 369.71
ntarla 2000 11 11 316 21 39.4 19.3 -999.99 0 1.4 5.4 369.71
ntarla 2000 11 12 317 23.5 33.9 12.9 -999.99 0 2.9 1.5 369.71
ntarla 2000 11 13 318 17.5 38 18.7 -999.99 0 2.7 0.9 369.71
ntarla 2000 11 14 319 18 39 19.2 -999.99 0 0.9 1.5 369.71
ntarla 2000 11 15 320 18 39.4 19.8 -999.99 0 1.3 1.5 369.71
ntarla 2000 11 16 321 17.5 39.7 20.2 -999.99 0 2.2 1.8 369.71
ntarla 2000 11 17 322 15 39.9 20.3 -999.99 0 2.6 1 369.71
ntarla 2000 11 18 323 15.5 38.9 20.4 -999.99 0 2.7 0.7 369.71
ntarla 2000 11 19 324 16.6 39.1 20.2 -999.99 0 1.6 0.6 369.71
ntarla 2000 11 20 325 16 39.4 20.7 -999.99 0 2.7 0.6 369.71
ntarla 2000 11 21 326 16 38.9 20 -999.99 0 3 0.7 369.71
ntarla 2000 11 22 327 16 39 20.1 -999.99 0 2.4 0.8 369.71
ntarla 2000 11 23 328 16.5 38.9 19.8 -999.99 0 3.6 0.7 369.71
ntarla 2000 11 24 329 14.5 37.7 20.5 -999.99 0 3.8 0.7 369.71
ntarla 2000 11 25 330 14 37.8 20.1 -999.99 0 3.3 0.6 369.71
ntarla 2000 11 26 331 13.5 38 17.6 -999.99 0 2.7 0.4 369.71
ntarla 2000 11 27 332 14 39.6 19.9 -999.99 0 2.2 1.2 369.71
ntarla 2000 11 28 333 15 39.9 19.6 -999.99 0 3.2 0.4 369.71
ntarla 2000 11 29 334 15.5 38.9 19 -999.99 0 3.1 0.8 369.71
ntarla 2000 11 30 335 13.5 37.6 17 -999.99 0 3.1 0.5 369.71
ntarla 2000 12 1 336 12.8 37.3 19.8 -999.99 0 3.2 0.5 369.71
ntarla 2000 12 2 337 13.3 36.8 19 -999.99 0 3.3 0.4 369.71
ntarla 2000 12 3 338 11.3 36.5 20.3 -999.99 0 3 0.2 369.71
ntarla 2000 12 4 339 11.3 36.9 19.6 -999.99 0 2.7 0.3 369.71
ntarla 2000 12 5 340 13.3 36.8 19.6 -999.99 0 3.4 0.4 369.71
ntarla 2000 12 6 341 15.8 35.8 15.7 -999.99 0 3.6 0.6 369.71
ntarla 2000 12 7 342 15.1 34.3 14.4 -999.99 0 3.1 0.5 369.71
ntarla 2000 12 8 343 13.8 34 14.4 -999.99 0 2.7 0.4 369.71
ntarla 2000 12 9 344 14.8 35.3 16.5 -999.99 0 2.5 0.5 369.71
ntarla 2000 12 10 345 12 35.5 19.3 -999.99 0 3.2 0.6 369.71
ntarla 2000 12 11 346 12.8 34.8 17.1 -999.99 0 3.1 0.6 369.71
ntarla 2000 12 12 347 14.8 31.9 8.9 -999.99 0 3.4 0.5 369.71
ntarla 2000 12 13 348 12.8 34.9 17.5 -999.99 0 3.6 0.5 369.71
ntarla 2000 12 14 349 14.8 34.7 16.1 -999.99 0 3.8 0.6 369.71
ntarla 2000 12 15 350 15.3 33.1 18.7 -999.99 0 3.2 0.6 369.71
ntarla 2000 12 16 351 11.3 34.5 18.4 -999.99 0 2.5 0.5 369.71
ntarla 2000 12 17 352 13.8 33.3 16.6 -999.99 0 2.4 0.5 369.71
ntarla 2000 12 18 353 13.2 34.9 17.6 -999.99 0 2 0.5 369.71
ntarla 2000 12 19 354 13.8 36.9 19.1 -999.99 0 2.8 0.5 369.71
ntarla 2000 12 20 355 11.8 37.5 19.2 -999.99 0 2.9 0.4 369.71
ntarla 2000 12 21 356 12.1 37.8 19.5 -999.99 0 2.5 0.4 369.71
ntarla 2000 12 22 357 12.8 37.8 19.3 -999.99 0 2.3 0.5 369.71
ntarla 2000 12 23 358 13.3 35.9 17.4 -999.99 0 2.9 0.3 369.71
ntarla 2000 12 24 359 12 37.3 19.6 -999.99 0 2.8 0.3 369.71
ntarla 2000 12 25 360 12.2 37.8 19.5 -999.99 0 3.4 0.4 369.71
ntarla 2000 12 26 361 11.2 38.8 19.3 -999.99 0 3 0.4 369.71
ntarla 2000 12 27 362 12.8 38.8 19.3 -999.99 0 3.5 0.3 369.71
ntarla 2000 12 28 363 13 37.6 19.5 -999.99 0 3.4 0.5 369.71
ntarla 2000 12 29 364 12.8 38 19.7 -999.99 0 2.9 0.5 369.71
ntarla 2000 12 30 365 12.8 38.5 19.7 -999.99 0 2.8 0.4 369.71
ntarla 2000 12 31 366 12.1 39.3 19.7 -999.99 0 2.5 0.4 369.71
