ntarla 1999 1 2 2 12.8 31.8 13.9 -999.99 0 3.9 0.5 368.54
ntarla 1999 1 3 3 13.1 34.5 17.2 -999.99 0 4.2 0.6 368.54
ntarla 1999 1 4 4 13.7 36.5 21 -999.99 0 3.9 0.4 368.54
ntarla 1999 1 5 5 13.2 37 20.3 -999.99 0 3.2 0.4 368.54
ntarla 1999 1 6 6 14.7 36.5 19.8 -999.99 0 3.7 0.6 368.54
ntarla 1999 1 7 7 15.2 34.5 16.4 -999.99 0 3.8 0.6 368.54
ntarla 1999 1 8 8 17.2 34.2 18.1 -999.99 0 2.6 0.2 368.54
ntarla 1999 1 9 9 16.2 35.5 20.7 -999.99 0 2.9 0.5 368.54
ntarla 1999 1 10 10 13.2 35.5 20.3 -999.99 0 2 0.4 368.54
ntarla 1999 1 11 11 16.5 37 18.6 -999.99 0 2.7 0.6 368.54
ntarla 1999 1 12 12 17.7 38.2 19.3 -999.99 0 3.1 1.4 368.54
ntarla 1999 1 13 13 22.7 37 19 -999.99 0 2.6 6.1 368.54
ntarla 1999 1 14 14 21 35.2 18.9 -999.99 0 1.2 3.5 368.54
ntarla 1999 1 15 15 18.7 33 14.2 -999.99 0 3.8 1.1 368.54
ntarla 1999 1 16 16 18.9 35.5 19.9 -999.99 0 3.9 1.3 368.54
ntarla 1999 1 17 17 15.7 34 19.9 -999.99 0 4 1.1 368.54
ntarla 1999 1 18 18 15.3 34.2 21.3 -999.99 0 3.7 0.7 368.54
ntarla 1999 1 19 19 13.7 34.5 22.1 -999.99 0 3.3 0.7 368.54
ntarla 1999 1 20 20 13.7 33.5 21.7 -999.99 0 3.5 0.5 368.54
ntarla 1999 1 21 21 13.2 33.8 22 -999.99 0 3.8 0.5 368.54
ntarla 1999 1 22 22 13 33.5 22.2 -999.99 0 3.4 0.6 368.54
ntarla 1999 1 23 23 11.7 34 22.6 -999.99 0 3.3 0.5 368.54
ntarla 1999 1 24 24 11.2 34.5 22.3 -999.99 0 4 0.4 368.54
ntarla 1999 1 25 25 12.2 34 22.2 -999.99 0 4.5 0.4 368.54
ntarla 1999 1 26 26 13.7 33.1 20.9 -999.99 0 4.7 0.4 368.54
ntarla 1999 1 27 27 14.2 33 21.1 -999.99 0 4.3 0.5 368.54
ntarla 1999 1 28 28 14.2 33.9 19.9 -999.99 0 3.6 0.4 368.54
ntarla 1999 1 29 29 11.7 35.8 21.8 -999.99 0 3.3 0.4 368.54
ntarla 1999 1 30 30 11.5 36.9 21.5 -999.99 0 3.4 0.4 368.54
ntarla 1999 1 31 31 13.7 37.5 22.2 -999.99 0 2.8 0.4 368.54
ntarla 1999 2 1 32 13.9 36.4 21.9 -999.99 0 2.6 0.3 368.54
ntarla 1999 2 2 33 13.9 36.7 21.4 -999.99 0 2.9 0.4 368.54
ntarla 1999 2 3 34 14.4 36.2 18.8 -999.99 0 3.5 0.5 368.54
ntarla 1999 2 4 35 15.9 36.2 17 -999.99 0 4.6 0.5 368.54
ntarla 1999 2 5 36 14.9 30.4 20.6 -999.99 0 4.5 0.2 368.54
ntarla 1999 2 6 37 11.9 28.9 20.2 -999.99 0 4.6 0.1 368.54
ntarla 1999 2 7 38 11.9 31 21.1 -999.99 0 3.1 0.2 368.54
ntarla 1999 2 8 39 10.4 34.7 22.3 -999.99 0 2.5 0.2 368.54
ntarla 1999 2 9 40 12 37.2 22.9 -999.99 0 2.3 0.3 368.54
ntarla 1999 2 10 41 13.6 38.2 22.8 -999.99 0 2.7 0.3 368.54
ntarla 1999 2 11 42 13.9 38.2 22.6 -999.99 0 3.4 0.2 368.54
ntarla 1999 2 12 43 13.4 39.2 23.7 -999.99 0 3.2 0.2 368.54
ntarla 1999 2 13 44 13.9 41.2 23.8 -999.99 0 2.7 0.4 368.54
ntarla 1999 2 14 45 14.4 41.1 20.8 -999.99 0 2.8 0.4 368.54
ntarla 1999 2 15 46 14.6 39.4 22 -999.99 0 2.7 0.4 368.54
ntarla 1999 2 16 47 19.9 37 17.8 -999.99 0 1.8 0.5 368.54
ntarla 1999 2 17 48 18.4 37.2 20.1 -999.99 0 2.4 0.9 368.54
ntarla 1999 2 18 49 20.9 33.9 21.4 -999.99 0 3.6 0.9 368.54
ntarla 1999 2 19 50 17.9 32.8 21.5 -999.99 0 4.4 0.7 368.54
ntarla 1999 2 20 51 15 33.8 23.2 -999.99 0 4.3 0.4 368.54
ntarla 1999 2 21 52 13.4 34.2 24 -999.99 0 4.2 0.4 368.54
ntarla 1999 2 22 53 13.1 37.2 23 -999.99 0 3.7 0.4 368.54
ntarla 1999 2 23 54 14.5 38.7 23.8 -999.99 0 3.4 0.5 368.54
ntarla 1999 2 24 55 15.9 39 24 -999.99 0 3.3 0.5 368.54
ntarla 1999 2 25 56 16.2 41.2 24 -999.99 0 3.1 0.6 368.54
ntarla 1999 2 26 57 17.1 42.1 24.1 -999.99 0 3.3 0.6 368.54
ntarla 1999 2 27 58 16.9 41.9 24.2 -999.99 0 3.5 0.5 368.54
ntarla 1999 2 28 59 16.5 39.7 24.4 -999.99 0 3.6 0.4 368.54
ntarla 1999 3 1 60 16.1 38.1 18.3 -999.99 0 4.2 0.6 368.54
ntarla 1999 3 2 61 21.6 40.8 22.2 -999.99 0 3.5 0.7 368.54
ntarla 1999 3 3 62 19.1 41.8 24.4 -999.99 0 3.8 0.7 368.54
ntarla 1999 3 4 63 21.6 40.3 23.5 -999.99 0 3.9 1.3 368.54
ntarla 1999 3 5 64 20.1 41.8 22.4 -999.99 0 3.2 1.1 368.54
ntarla 1999 3 6 65 21.1 41.3 22.6 -999.99 0 4.2 0.7 368.54
ntarla 1999 3 7 66 19.4 41.2 22.5 -999.99 0 3.9 0.8 368.54
ntarla 1999 3 8 67 17.7 41.1 23.9 -999.99 0 3.8 0.6 368.54
ntarla 1999 3 9 68 16.7 42.8 23.9 -999.99 0 4.2 0.3 368.54
ntarla 1999 3 10 69 17.1 43 24 -999.99 0 4.5 0.6 368.54
ntarla 1999 3 11 70 20.1 40.8 21.3 -999.99 0 4.1 1.3 368.54
ntarla 1999 3 12 71 19.5 40.9 23.3 -999.99 0 4.3 1.2 368.54
ntarla 1999 3 13 72 18.7 42.9 23.2 -999.99 0 2.8 0.9 368.54
ntarla 1999 3 14 73 20.3 42 22 -999.99 0 0.9 3.5 368.54
ntarla 1999 3 15 74 27.1 37.8 16.5 -999.99 0 1.2 5.3 368.54
ntarla 1999 3 16 75 26.6 36.4 11.1 -999.99 0 1.6 1.9 368.54
ntarla 1999 3 17 76 24.6 41.3 20.9 -999.99 0 3.9 1.8 368.54
ntarla 1999 3 18 77 20.6 42.3 21.8 -999.99 0 4.2 1.5 368.54
ntarla 1999 3 19 78 19.6 43.5 21.9 -999.99 0 4.5 0.8 368.54
ntarla 1999 3 20 79 20.1 44.3 21.9 -999.99 0 5.1 0.8 368.54
ntarla 1999 3 21 80 21.6 43.8 21.8 -999.99 0 5.2 1.1 368.54
ntarla 1999 3 22 81 22.6 42.3 22 -999.99 0 4.2 0.6 368.54
ntarla 1999 3 23 82 18.1 43.8 22.3 -999.99 0 2.6 0.4 368.54
ntarla 1999 3 24 83 20.1 45.3 21.4 -999.99 0 1.3 2 368.54
ntarla 1999 3 25 84 25.1 44.1 20.3 -999.99 0 2 8.1 368.54
ntarla 1999 3 26 85 30.1 43.3 19.3 -999.99 15.9 2.4 8.2 368.54
ntarla 1999 3 27 86 25.3 40.5 18.4 -999.99 0 0.9 5.8 368.54
ntarla 1999 3 28 87 25.3 41 20.3 -999.99 0 1 1.6 368.54
ntarla 1999 3 29 88 23.7 42.9 20.9 -999.99 0 1.3 3.5 368.54
ntarla 1999 3 30 89 24.2 42.4 21.1 -999.99 0 1 2.6 368.54
ntarla 1999 3 31 90 24.3 44.3 21.1 -999.99 0 2.4 0.5 368.54
ntarla 1999 4 1 91 22.8 44.2 21.3 -999.99 0 3.9 0.7 368.54
ntarla 1999 4 2 92 27.3 43 21 -999.99 0 2.5 3.5 368.54
ntarla 1999 4 3 93 22.8 42.5 21.7 -999.99 0 4.8 0.9 368.54
ntarla 1999 4 4 94 21.3 42.2 22 -999.99 0 4.3 0.8 368.54
ntarla 1999 4 5 95 18.8 43.2 21.7 -999.99 0 2.8 0.4 368.54
ntarla 1999 4 6 96 20.3 42.7 21.8 -999.99 0 2.7 0.4 368.54
ntarla 1999 4 7 97 29.3 41.5 20.2 -999.99 0 2.4 7.8 368.54
ntarla 1999 4 8 98 27.8 42.1 18.8 -999.99 0 2 4.3 368.54
ntarla 1999 4 9 99 28.3 40 20.6 -999.99 0 3 2.6 368.54
ntarla 1999 4 10 100 25.3 43.5 19.4 -999.99 0 4.5 1.8 368.54
ntarla 1999 4 11 101 27.8 44.7 20.6 -999.99 0 3.4 1 368.54
ntarla 1999 4 12 102 24.3 45.5 21.4 -999.99 0 2.5 2.5 368.54
ntarla 1999 4 13 103 28.8 44.9 21.4 -999.99 0 2.1 3.9 368.54
ntarla 1999 4 14 104 30.3 43.7 20.4 -999.99 11.2 3 7.5 368.54
ntarla 1999 4 15 105 25.8 34.5 11.5 -999.99 0 3.3 4.8 368.54
ntarla 1999 4 16 106 26.5 41 22.4 -999.99 0 2.4 4.7 368.54
ntarla 1999 4 17 107 28.3 42.5 18.3 -999.99 0 1.4 4.8 368.54
ntarla 1999 4 18 108 27.9 39.2 15.6 -999.99 0 1.9 2.2 368.54
ntarla 1999 4 19 109 31.5 43 10.2 -999.99 0 3.8 3.6 368.54
ntarla 1999 4 20 110 26.3 43 19.3 -999.99 0 3.6 1.9 368.54
ntarla 1999 4 21 111 27.8 41.1 20.2 -999.99 0 1.5 4 368.54
ntarla 1999 4 22 112 30.3 42.7 21.3 -999.99 0 1.6 3.7 368.54
ntarla 1999 4 23 113 29.8 41.7 11.4 -999.99 0 2.9 4 368.54
ntarla 1999 4 24 114 29.3 39.7 16.3 -999.99 0 4.2 10 368.54
ntarla 1999 4 25 115 28.5 41 15.7 -999.99 0 3.1 11.1 368.54
ntarla 1999 4 26 116 25.8 42.5 20.2 -999.99 0 2.6 10.4 368.54
ntarla 1999 4 27 117 28.8 41.5 19.2 -999.99 0 2.7 7.5 368.54
ntarla 1999 4 28 118 28.8 38.3 13.4 -999.99 0 2.4 3.9 368.54
ntarla 1999 4 29 119 27.8 38.5 11.5 -999.99 0 1.3 4.6 368.54
ntarla 1999 4 30 120 29.8 41.9 20.8 -999.99 0 0.4 11 368.54
ntarla 1999 5 1 121 28.2 42.3 23.3 -999.99 0 2.2 3.8 368.54
ntarla 1999 5 2 122 31.2 43.6 15.8 -999.99 0 2 4.5 368.54
ntarla 1999 5 3 123 31 43.6 20.1 -999.99 0.5 2.6 11.4 368.54
ntarla 1999 5 4 124 26.5 40.6 22 -999.99 0 2.1 6.3 368.54
ntarla 1999 5 5 125 29 41.6 23.2 -999.99 0 2.7 5.6 368.54
ntarla 1999 5 6 126 29.5 44.1 24.6 -999.99 0 1.8 3.5 368.54
ntarla 1999 5 7 127 28 44.8 24.6 -999.99 0 1.6 4.7 368.54
ntarla 1999 5 8 128 30.5 41.6 18.5 -999.99 0 3.1 5.8 368.54
ntarla 1999 5 9 129 30 42.7 23.3 -999.99 1 2.5 5 368.54
ntarla 1999 5 10 130 27.2 44.1 25.6 -999.99 0 2.3 8.6 368.54
ntarla 1999 5 11 131 28 44.8 24.7 -999.99 0 2.5 6.7 368.54
ntarla 1999 5 12 132 29.5 36.8 10.4 -999.99 0 1.8 4.7 368.54
ntarla 1999 5 13 133 28.3 43.8 24.5 -999.99 0 1.9 4.8 368.54
ntarla 1999 5 14 134 28.5 43.6 23.7 -999.99 0 3.7 9.6 368.54
ntarla 1999 5 15 135 28.6 39.2 16 -999.99 0 2.2 5.8 368.54
ntarla 1999 5 16 136 29.8 38.9 13.7 -999.99 0 1.9 4 368.54
ntarla 1999 5 17 137 29.4 38.6 17.5 -999.99 0.3 2.4 7.2 368.54
ntarla 1999 5 18 138 26 37.7 10.2 -999.99 0 1.3 6 368.54
ntarla 1999 5 19 139 26.5 42.7 19.7 -999.99 0 1.6 6.8 368.54
ntarla 1999 5 20 140 28.5 43.6 22.8 -999.99 0 2.7 10.3 368.54
ntarla 1999 5 21 141 30 43.1 21.2 -999.99 0 2.4 7.1 368.54
ntarla 1999 5 22 142 30.2 43.6 26.1 -999.99 0 3.3 8.1 368.54
ntarla 1999 5 23 143 31.5 42.7 23.7 -999.99 0 2.8 12.2 368.54
ntarla 1999 5 24 144 29 41.1 22.8 -999.99 0 3.3 8.1 368.54
ntarla 1999 5 25 145 30.5 41.1 23.5 -999.99 0.3 2.6 7.5 368.54
ntarla 1999 5 26 146 28.5 37.1 14.7 -999.99 0 2.1 4.7 368.54
ntarla 1999 5 27 147 27.5 43.1 25.6 -999.99 0 2 5 368.54
ntarla 1999 5 28 148 30 42.6 26 -999.99 0 2.8 9.6 368.54
ntarla 1999 5 29 149 30.5 40.6 19.3 -999.99 0 1.5 5.8 368.54
ntarla 1999 5 30 150 27.5 43.6 25.7 -999.99 0 0.8 4.2 368.54
ntarla 1999 5 31 151 29 41.6 18.2 -999.99 0 3.4 4.5 368.54
ntarla 1999 6 1 152 28.7 43.3 22.6 -999.99 8.6 1.7 5.1 368.54
ntarla 1999 6 2 153 25.7 42.8 23.2 -999.99 0 2.1 4.5 368.54
ntarla 1999 6 3 154 29.7 38.2 21.5 -999.99 0 2.8 4.4 368.54
ntarla 1999 6 4 155 27.7 41.4 24.9 -999.99 0 3.4 4.7 368.54
ntarla 1999 6 5 156 28.7 40.3 25.2 -999.99 0 3.3 4.6 368.54
ntarla 1999 6 6 157 29.2 41.4 25.9 -999.99 0 1.9 4.7 368.54
ntarla 1999 6 7 158 28.2 42.4 25 -999.99 1.9 2.1 4.7 368.54
ntarla 1999 6 8 159 25.9 41.3 23.8 -999.99 0 2.9 11.8 368.54
ntarla 1999 6 9 160 27.2 39.5 18 -999.99 0 2.2 7.6 368.54
ntarla 1999 6 10 161 26.7 41.8 25.7 -999.99 0 2.3 6.6 368.54
ntarla 1999 6 11 162 30.2 44.3 19.9 -999.99 0 2.1 9.2 368.54
ntarla 1999 6 12 163 28.7 44.8 18.7 -999.99 0 2.1 9.7 368.54
ntarla 1999 6 13 164 28.7 41.3 26.3 -999.99 0 2.2 7.5 368.54
ntarla 1999 6 14 165 22.2 43.8 18.9 -999.99 11.7 1.7 4.6 368.54
ntarla 1999 6 15 166 21.2 42 26 -999.99 0 2.4 5.7 368.54
ntarla 1999 6 16 167 28.9 41.4 23.2 -999.99 0.4 2.7 13.4 368.54
ntarla 1999 6 17 168 27.9 41.3 23.7 -999.99 45.7 2.2 8.5 368.54
ntarla 1999 6 18 169 17.7 32.4 12.5 -999.99 0 2.6 2.3 368.54
ntarla 1999 6 19 170 25.7 37.8 24.8 -999.99 0 2.2 5.2 368.54
ntarla 1999 6 20 171 28.7 38.8 25.7 -999.99 0 2.7 7 368.54
ntarla 1999 6 21 172 27.2 40.3 26.4 -999.99 0 1.4 4.7 368.54
ntarla 1999 6 22 173 23.7 37.3 14 -999.99 0 2.9 6 368.54
ntarla 1999 6 23 174 25.9 38.8 25.2 -999.99 0 2.9 8.1 368.54
ntarla 1999 6 24 175 26.7 35.8 16.2 -999.99 2.9 2.6 4.5 368.54
ntarla 1999 6 25 176 27.7 33.8 19.6 -999.99 1.3 1.1 4.3 368.54
ntarla 1999 6 26 177 26.7 39 20.9 -999.99 19.5 2 9.2 368.54
ntarla 1999 6 27 178 23.2 35.8 22.8 -999.99 22.4 1.9 6.8 368.54
ntarla 1999 6 28 179 27.1 32 16.6 -999.99 2.1 2.5 8.6 368.54
ntarla 1999 6 29 180 25.9 34.9 24.3 -999.99 0 1.6 4.4 368.54
ntarla 1999 6 30 181 27.2 37.8 25.1 -999.99 2 1.8 8.7 368.54
ntarla 1999 7 1 182 24.2 34.7 21.7 -999.99 27.7 1.9 8.9 368.54
ntarla 1999 7 2 183 23.1 28.7 9.4 -999.99 9.6 1.2 3.7 368.54
ntarla 1999 7 3 184 24.1 34.9 25.3 -999.99 5.4 1.3 5.4 368.54
ntarla 1999 7 4 185 25.1 33.2 16.7 -999.99 0 2 7 368.54
ntarla 1999 7 5 186 24.2 36.9 25.6 -999.99 12 1.3 8.4 368.54
ntarla 1999 7 6 187 22.6 36.5 25.6 -999.99 14.8 1.8 7.6 368.54
ntarla 1999 7 7 188 21.5 33.9 18.9 -999.99 0 2.6 6.9 368.54
ntarla 1999 7 8 189 26.1 31.7 9.5 -999.99 0 2.7 4.3 368.54
ntarla 1999 7 9 190 25.1 35.7 24.1 -999.99 12 1.6 6.7 368.54
ntarla 1999 7 10 191 24.6 35.4 20 -999.99 38.8 1.5 7.5 368.54
ntarla 1999 7 11 192 20.1 31.3 17.2 -999.99 0 2.1 5.1 368.54
ntarla 1999 7 12 193 24.6 34.7 20.6 -999.99 4.4 2 7.1 368.54
ntarla 1999 7 13 194 24.1 33.7 24.3 -999.99 0 0.2 5.6 368.54
ntarla 1999 7 14 195 24.6 34.2 19.4 -999.99 0 2.5 5.2 368.54
ntarla 1999 7 15 196 25.1 34.7 22.6 -999.99 0 2.2 8.4 368.54
ntarla 1999 7 16 197 26.1 35.7 22.1 -999.99 0 2.2 7.5 368.54
ntarla 1999 7 17 198 27.1 35.2 16.6 -999.99 5.6 2.7 10.8 368.54
ntarla 1999 7 18 199 23.6 34 26.6 -999.99 0 2.4 4.8 368.54
ntarla 1999 7 19 200 24.8 35.7 23.1 -999.99 0 1.8 9.1 368.54
ntarla 1999 7 20 201 26.6 34.7 17.5 -999.99 3.4 1.7 11.1 368.54
ntarla 1999 7 21 202 23.6 34 24.4 -999.99 29.6 1.3 5.7 368.54
ntarla 1999 7 22 203 22.1 29.2 9.8 -999.99 5.7 1.8 6.4 368.54
ntarla 1999 7 23 204 25.8 33.7 24.7 -999.99 27.7 2.5 8.7 368.54
ntarla 1999 7 24 205 22.2 30.2 12.2 -999.99 3.3 2.7 6.3 368.54
ntarla 1999 7 25 206 24.6 33.4 24.2 -999.99 0 2.5 7.7 368.54
ntarla 1999 7 26 207 24.6 29.7 11 -999.99 0.9 2.3 5.4 368.54
ntarla 1999 7 27 208 24.6 33.3 17.6 -999.99 0 1.4 8.8 368.54
ntarla 1999 7 28 209 24.8 34.8 25.4 -999.99 1.1 1.5 8.9 368.54
ntarla 1999 7 29 210 23.8 32.7 12.7 -999.99 0 2.5 8.1 368.54
ntarla 1999 7 30 211 23.7 32.5 17.9 -999.99 13.9 2.5 6.6 368.54
ntarla 1999 7 31 212 23.6 31.7 17.8 -999.99 0 2.5 7.8 368.54
ntarla 1999 8 1 213 25.5 32.6 12.6 -999.99 47.3 1.7 7.7 368.54
ntarla 1999 8 2 214 23.9 31.6 19.1 -999.99 0 1.8 7.9 368.54
ntarla 1999 8 3 215 24.8 32.1 14.6 -999.99 0 1.6 8 368.54
ntarla 1999 8 4 216 24.8 30.5 12.8 -999.99 0 1.6 7.7 368.54
ntarla 1999 8 5 217 25.3 29.2 9.9 -999.99 1.8 1.9 6.5 368.54
ntarla 1999 8 6 218 23.8 33.5 23.4 -999.99 0 2.8 6.8 368.54
ntarla 1999 8 7 219 25.5 30.5 9 -999.99 47.4 2.4 9.2 368.54
ntarla 1999 8 8 220 22.3 31.1 19.6 -999.99 2.1 2.1 7 368.54
ntarla 1999 8 9 221 22.9 32.7 22.4 -999.99 0.4 3.1 9.4 368.54
ntarla 1999 8 10 222 24.5 34.3 22.5 -999.99 62.4 2.2 11.4 368.54
ntarla 1999 8 11 223 21.3 25.2 8.9 -999.99 19.4 2.2 5 368.54
ntarla 1999 8 12 224 23.3 29.1 14.5 -999.99 8.3 1.3 7.2 368.54
ntarla 1999 8 13 225 24.9 31.6 18.4 -999.99 5.9 1.2 8.8 368.54
ntarla 1999 8 14 226 24.3 32.6 19.7 -999.99 9.9 1.4 9.7 368.54
ntarla 1999 8 15 227 23.3 31.6 21.5 -999.99 0 1.9 9 368.54
ntarla 1999 8 16 228 23.8 33.5 16 -999.99 1.1 1.5 9.2 368.54
ntarla 1999 8 17 229 24.4 33.7 22.1 -999.99 0.9 1.5 11.7 368.54
ntarla 1999 8 18 230 24.3 28.1 8.8 -999.99 0 1 7.1 368.54
ntarla 1999 8 19 231 23.6 32.2 16.6 -999.99 12 1.6 8.7 368.54
ntarla 1999 8 20 232 23.8 32.6 17.7 -999.99 0 0.4 8.9 368.54
ntarla 1999 8 21 233 24 33.2 20.9 -999.99 21.9 1 8 368.54
ntarla 1999 8 22 234 23.3 30.1 13.7 -999.99 12.2 2.2 7.9 368.54
ntarla 1999 8 23 235 23.8 31.3 11.9 -999.99 1.1 2.4 9.5 368.54
ntarla 1999 8 24 236 23.4 32.1 15.4 -999.99 0.1 2.2 10.5 368.54
ntarla 1999 8 25 237 24.3 33.6 16.9 -999.99 109.5 1.9 11.1 368.54
ntarla 1999 8 26 238 22.1 31.6 21.5 -999.99 12 1.3 8 368.54
ntarla 1999 8 27 239 22.5 31.7 21.5 -999.99 27.4 1.2 8.7 368.54
ntarla 1999 8 28 240 23.3 31.1 16.8 -999.99 13.1 1.5 8.3 368.54
ntarla 1999 8 29 241 23.3 33.1 24.1 -999.99 0 1.7 9.4 368.54
ntarla 1999 8 30 242 25.3 33.7 15.8 -999.99 62.4 1.4 10.6 368.54
ntarla 1999 8 31 243 22.8 27.6 14.6 -999.99 0.4 1 6.1 368.54
ntarla 1999 9 1 244 22.9 33 25.5 -999.99 4.5 1 8.2 368.54
ntarla 1999 9 2 245 23.6 28.5 11.4 -999.99 12.5 0.9 5.4 368.54
ntarla 1999 9 3 246 23.6 33.6 25.5 -999.99 21.3 1.4 8 368.54
ntarla 1999 9 4 247 21.6 29.5 9.7 -999.99 2.9 0.3 6.1 368.54
ntarla 1999 9 5 248 21.9 32.5 21 -999.99 0 1.8 7.9 368.54
ntarla 1999 9 6 249 22.4 33.5 23.4 -999.99 0 1.6 8.7 368.54
ntarla 1999 9 7 250 25.8 29.2 12.5 -999.99 35 2.4 7.3 368.54
ntarla 1999 9 8 251 23.5 29.4 12.7 -999.99 14.8 1 6.8 368.54
ntarla 1999 9 9 252 23.4 32.2 17 -999.99 0.3 1 8.6 368.54
ntarla 1999 9 10 253 23.9 32 19.1 -999.99 4.3 1.8 8.6 368.54
ntarla 1999 9 11 254 21.9 33 22.4 -999.99 0 1.3 8.1 368.54
ntarla 1999 9 12 255 22.9 34.4 19.4 -999.99 0.5 0.7 9.5 368.54
ntarla 1999 9 13 256 23.7 34.5 20.9 -999.99 0 1.3 9.8 368.54
ntarla 1999 9 14 257 24.6 34.8 21.3 -999.99 27.5 1 12.3 368.54
ntarla 1999 9 15 258 22.9 32.2 20.1 -999.99 0 1.1 7.9 368.54
ntarla 1999 9 16 259 24.4 33.1 17.1 -999.99 0 1.5 9.3 368.54
ntarla 1999 9 17 260 23.9 34.7 24.4 -999.99 31.3 2 8.2 368.54
ntarla 1999 9 18 261 21.7 33.2 22.7 -999.99 0 0.7 5.4 368.54
ntarla 1999 9 19 262 23.4 33 16.3 -999.99 0 0.8 7.8 368.54
ntarla 1999 9 20 263 25.4 35.7 23.6 -999.99 0.6 1 10.2 368.54
ntarla 1999 9 21 264 23.4 27 8.5 -999.99 25 1.4 6.5 368.54
ntarla 1999 9 22 265 22.5 33 18.7 -999.99 4.5 0.2 6 368.54
ntarla 1999 9 23 266 21.9 29.6 15.5 -999.99 0.6 1.6 5.6 368.54
ntarla 1999 9 24 267 24.4 35 23.6 -999.99 0 0.9 9.7 368.54
ntarla 1999 9 25 268 25.4 35.5 23.7 -999.99 0 2.6 11.7 368.54
ntarla 1999 9 26 269 24.4 29.5 11.6 -999.99 18.4 3.1 7.4 368.54
ntarla 1999 9 27 270 23.7 33 23.2 -999.99 0 1.4 8.6 368.54
ntarla 1999 9 28 271 24.4 34.5 20.3 -999.99 1 0.7 10.1 368.54
ntarla 1999 9 29 272 24.9 34.2 22.7 -999.99 0 0.9 8.9 368.54
ntarla 1999 9 30 273 23.9 35.5 23.8 -999.99 0 1.8 9.3 368.54
ntarla 1999 10 1 274 25.8 36.1 24.2 -999.99 0 2.4 11.1 368.54
ntarla 1999 10 2 275 26.2 31.4 12.6 -999.99 6.2 1.6 7.6 368.54
ntarla 1999 10 3 276 22.8 34.1 23.2 -999.99 28.3 1.3 7.6 368.54
ntarla 1999 10 4 277 22.8 32.3 14.2 -999.99 3.4 1.2 5.6 368.54
ntarla 1999 10 5 278 24.3 33.7 20.8 -999.99 0 2.1 9.1 368.54
ntarla 1999 10 6 279 25.8 34.7 20.1 -999.99 0 2.1 11.2 368.54
ntarla 1999 10 7 280 24.8 35.3 17.9 -999.99 0.8 1.8 10.2 368.54
ntarla 1999 10 8 281 24.4 32.7 16.3 -999.99 0 2 9.4 368.54
ntarla 1999 10 9 282 25.3 34.6 23 -999.99 6.7 1.5 10.4 368.54
ntarla 1999 10 10 283 22.8 34.1 20.5 -999.99 0 1.5 7.2 368.54
ntarla 1999 10 11 284 23.3 33.8 20.6 -999.99 0 2.2 6.4 368.54
ntarla 1999 10 12 285 25.3 36.2 22.7 -999.99 0.5 1.8 9.8 368.54
ntarla 1999 10 13 286 23.9 36.3 20.3 -999.99 0 1.3 9.6 368.54
ntarla 1999 10 14 287 25 30.6 10.1 -999.99 9.8 1.2 5.9 368.54
ntarla 1999 10 15 288 22.8 33.9 18.4 -999.99 9.8 0.9 8.1 368.54
ntarla 1999 10 16 289 22.8 31.3 15.9 -999.99 0 2.3 6.9 368.54
ntarla 1999 10 17 290 22.8 34.1 23.1 -999.99 0 1.7 7.3 368.54
ntarla 1999 10 18 291 23.9 35.6 21.9 -999.99 1.7 1 8.5 368.54
ntarla 1999 10 19 292 24.3 36.1 20.8 -999.99 0 1.2 8.3 368.54
ntarla 1999 10 20 293 24.3 35.4 22.2 -999.99 0 1.3 8 368.54
ntarla 1999 10 21 294 24 36.1 21.9 -999.99 0 1 6.3 368.54
ntarla 1999 10 22 295 22.3 37.1 23.4 -999.99 0 0.7 4.2 368.54
ntarla 1999 10 23 296 20.8 38.5 22.4 -999.99 0.6 1.2 4.8 368.54
ntarla 1999 10 24 297 21.1 37.6 22.3 -999.99 0 1.6 7.1 368.54
ntarla 1999 10 25 298 23.8 37.4 22.7 -999.99 0 2 9.8 368.54
ntarla 1999 10 26 299 22.8 36.6 21.6 -999.99 0 2.3 6.7 368.54
ntarla 1999 10 27 300 23.8 35.6 17 -999.99 0 0.5 9.3 368.54
ntarla 1999 10 28 301 23.3 34.8 19.4 -999.99 0 2.5 2.5 368.54
ntarla 1999 10 29 302 19.8 37.6 21.7 -999.99 0.5 1.2 3.5 368.54
ntarla 1999 10 30 303 22.8 35.7 20 -999.99 0 1.5 5.9 368.54
ntarla 1999 10 31 304 23.8 36.3 19.6 -999.99 0 2 4.7 368.54
ntarla 1999 11 1 305 21.4 36.9 21.6 -999.99 0 1.3 3.8 368.54
ntarla 1999 11 2 306 18.5 37.4 22.2 -999.99 0 1.9 1.2 368.54
ntarla 1999 11 3 307 18.5 38.1 22 -999.99 0 1 2.2 368.54
ntarla 1999 11 4 308 19.2 38.4 22.3 -999.99 0 0.9 2.4 368.54
ntarla 1999 11 5 309 19 37.9 20.8 -999.99 0 1.6 4 368.54
ntarla 1999 11 6 310 19.5 38.1 22.4 -999.99 0 3.1 1.5 368.54
ntarla 1999 11 7 311 17.2 37.9 22.8 -999.99 0 2.9 1.1 368.54
ntarla 1999 11 8 312 16.3 37.4 22.2 -999.99 0 2.2 1 368.54
ntarla 1999 11 9 313 17.5 35.4 14.7 -999.99 0 0.7 1 368.54
ntarla 1999 11 10 314 16.5 36.7 16.1 -999.99 0 0.5 1.5 368.54
ntarla 1999 11 11 315 20.1 35.4 12.9 -999.99 0 0.9 1.4 368.54
ntarla 1999 11 12 316 20 38.2 19.3 -999.99 0 1.7 1.6 368.54
ntarla 1999 11 13 317 17.5 38 19 -999.99 0 3.5 0.9 368.54
ntarla 1999 11 14 318 17 38.8 21.2 -999.99 0 1.9 0.9 368.54
ntarla 1999 11 15 319 18.5 38.4 18.4 -999.99 0 0.8 1 368.54
ntarla 1999 11 16 320 19.2 37.9 20 -999.99 0 2.1 6.4 368.54
ntarla 1999 11 17 321 21.3 36.9 20.2 -999.99 0 1.8 5 368.54
ntarla 1999 11 18 322 22.3 35.7 17.2 -999.99 0 1.6 5.8 368.54
ntarla 1999 11 19 323 24.5 36.1 14.9 -999.99 0 1.6 6.4 368.54
ntarla 1999 11 20 324 23.6 37.6 19.5 -999.99 0 1.7 2.8 368.54
ntarla 1999 11 21 325 21 37.9 19.2 -999.99 0 1.1 3.2 368.54
ntarla 1999 11 22 326 18.1 34.1 16.5 -999.99 0 2.4 1.3 368.54
ntarla 1999 11 23 327 17.6 38.4 20.1 -999.99 0 3.3 1 368.54
ntarla 1999 11 24 328 15.5 38 20 -999.99 0 2.9 0.8 368.54
ntarla 1999 11 25 329 15.4 37.9 20.1 -999.99 0 2.5 1.5 368.54
ntarla 1999 11 26 330 16 38.2 19.7 -999.99 0 2.1 1 368.54
ntarla 1999 11 27 331 18 37.4 15.5 -999.99 0 1 1.6 368.54
ntarla 1999 11 28 332 19 37.4 18 -999.99 0 1.6 2 368.54
ntarla 1999 11 29 333 18.7 37.9 18.7 -999.99 0 1.9 0.8 368.54
ntarla 1999 11 30 334 18 36.6 18.1 -999.99 0 3.2 0.8 368.54
ntarla 1999 12 1 335 16.8 36.5 18 -999.99 0 3.1 0.8 368.54
ntarla 1999 12 2 336 17.8 37.1 19 -999.99 0 3.7 0.8 368.54
ntarla 1999 12 3 337 15.8 38.3 18.9 -999.99 0 3.5 0.9 368.54
ntarla 1999 12 4 338 14.4 36.9 19.8 -999.99 0 2.9 0.7 368.54
ntarla 1999 12 5 339 13.8 37.3 19.6 -999.99 0 2.7 0.5 368.54
ntarla 1999 12 6 340 13.3 36.8 19.6 -999.99 0 3.2 0.6 368.54
ntarla 1999 12 7 341 12.8 37.4 19.9 -999.99 0 3.2 0.5 368.54
ntarla 1999 12 8 342 13.3 36.8 19.7 -999.99 0 2.7 0.4 368.54
ntarla 1999 12 9 343 13 37.3 20 -999.99 0 3.7 0.5 368.54
ntarla 1999 12 10 344 13 37.8 20.1 -999.99 0 3.1 0.7 368.54
ntarla 1999 12 11 345 13 36.8 20.2 -999.99 0 3.9 0.6 368.54
ntarla 1999 12 12 346 12.8 36.3 18.9 -999.99 0 4.2 0.5 368.54
ntarla 1999 12 13 347 11.8 36.6 19.9 -999.99 0 3.9 0.5 368.54
ntarla 1999 12 14 348 11.8 36.1 19.8 -999.99 0 3.5 0.4 368.54
ntarla 1999 12 15 349 10.3 35.8 20.4 -999.99 0 3.1 0.4 368.54
ntarla 1999 12 16 350 9.8 35.8 19.7 -999.99 0 2.7 0.4 368.54
ntarla 1999 12 17 351 11.3 36.3 19.2 -999.99 0 2.7 0.5 368.54
ntarla 1999 12 18 352 10.8 34.8 19.6 -999.99 0 3.7 0.4 368.54
ntarla 1999 12 19 353 11.3 29.3 18.8 -999.99 0 3.6 0.4 368.54
ntarla 1999 12 20 354 8.3 30.8 19.3 -999.99 0 3.3 0.2 368.54
ntarla 1999 12 21 355 9.3 31.8 19.1 -999.99 0 3.3 0.3 368.54
ntarla 1999 12 22 356 10.3 33.1 17.4 -999.99 0 3.1 0.2 368.54
ntarla 1999 12 23 357 11 35.8 18.6 -999.99 0 2.8 0.3 368.54
ntarla 1999 12 24 358 15.3 35.8 16.1 -999.99 0 2.4 1 368.54
ntarla 1999 12 25 359 12.3 35.8 19.4 -999.99 0 3.5 0.6 368.54
ntarla 1999 12 26 360 13 32.8 15.9 -999.99 0 3.9 0.6 368.54
ntarla 1999 12 27 361 15.8 32.8 15.4 -999.99 0 4.1 0.5 368.54
ntarla 1999 12 28 362 13.3 34.3 19.3 -999.99 0 3.3 0.3 368.54
ntarla 1999 12 29 363 11.3 35.3 19.8 -999.99 0 2.8 0.5 368.54
ntarla 1999 12 30 364 11.3 36.5 19.2 -999.99 0 2.3 0.3 368.54
ntarla 1999 12 31 365 12.1 37.8 19.8 -999.99 0 1.7 0.5 368.54
