ntarla 2004 1 2 2 12.9 33.7 17.5 -999.99 0 2.8 0.2 377.7
ntarla 2004 1 3 3 12.2 34.9 18.7 -999.99 0 2.9 0.1 377.7
ntarla 2004 1 4 4 11.9 34.7 19.2 -999.99 0 3.1 0.1 377.7
ntarla 2004 1 5 5 12 34.5 19.3 -999.99 0 3.1 0.2 377.7
ntarla 2004 1 6 6 11.2 36 19.6 -999.99 0 3.8 0.1 377.7
ntarla 2004 1 7 7 10.7 34 19.6 -999.99 0 3.7 0.1 377.7
ntarla 2004 1 8 8 11.2 34 16.5 -999.99 0 3.9 0.1 377.7
ntarla 2004 1 9 9 15.7 31.7 15.4 -999.99 0 5 0.1 377.7
ntarla 2004 1 10 10 11.7 32.7 19.7 -999.99 0 4 0.1 377.7
ntarla 2004 1 11 11 13.7 34.5 17.6 -999.99 0 3.4 0.2 377.7
ntarla 2004 1 12 12 12.7 35.5 19.5 -999.99 0 3.6 0.2 377.7
ntarla 2004 1 13 13 12.2 36 19.2 -999.99 0 3.8 0.2 377.7
ntarla 2004 1 14 14 13.2 35.8 19.3 -999.99 0 3.7 0.2 377.7
ntarla 2004 1 15 15 13.7 35.5 18.5 -999.99 0 3.5 0.2 377.7
ntarla 2004 1 16 16 21.7 32.5 7.7 -999.99 0 2.4 0.3 377.7
ntarla 2004 1 17 17 16.9 36 17.5 -999.99 0 2.6 0.3 377.7
ntarla 2004 1 18 18 16.7 37.5 19.7 -999.99 0 2.9 0.3 377.7
ntarla 2004 1 19 19 14.3 37.7 20 -999.99 0 2.6 0.6 377.7
ntarla 2004 1 20 20 16.7 34 16 -999.99 0 2.6 0.2 377.7
ntarla 2004 1 21 21 13.7 33 17.7 -999.99 0 3.9 0.5 377.7
ntarla 2004 1 22 22 15.7 31.7 19.1 -999.99 0 3.2 0.5 377.7
ntarla 2004 1 23 23 14.7 33 19.5 -999.99 0 2.8 0.6 377.7
ntarla 2004 1 24 24 18.2 34.5 16.3 -999.99 0.7 3 0.9 377.7
ntarla 2004 1 25 25 20.2 32.5 9.4 -999.99 0.7 2.4 2 377.7
ntarla 2004 1 26 26 22.2 31.7 10.7 -999.99 0 2.3 1.5 377.7
ntarla 2004 1 27 27 18.2 34.7 19.7 -999.99 0 4.1 0.7 377.7
ntarla 2004 1 28 28 11.9 36 21.9 -999.99 0 3.3 0.1 377.7
ntarla 2004 1 29 29 13.5 35.3 22 -999.99 0 3.3 0.4 377.7
ntarla 2004 1 30 30 11.7 36 22.2 -999.99 0 3.1 0.1 377.7
ntarla 2004 1 31 31 11.5 35.5 22.3 -999.99 0 3.5 0.1 377.7
ntarla 2004 2 1 32 11.9 36.7 22.3 -999.99 0 3.4 0.2 377.7
ntarla 2004 2 2 33 12.4 38.2 22.4 -999.99 0 3.7 0.2 377.7
ntarla 2004 2 3 34 15.5 35.7 11.4 -999.99 0 4.5 0.3 377.7
ntarla 2004 2 4 35 14.4 32.7 21.1 -999.99 0 4.9 0.2 377.7
ntarla 2004 2 5 36 13.2 31.9 19.7 -999.99 0 4.6 0.2 377.7
ntarla 2004 2 6 37 11.9 32.3 21 -999.99 0 3.8 0.2 377.7
ntarla 2004 2 7 38 13.4 33.2 17.1 -999.99 0 3.9 0.3 377.7
ntarla 2004 2 8 39 18.4 33.2 8 -999.99 0 3.8 0.4 377.7
ntarla 2004 2 9 40 16.4 34.2 16.6 -999.99 0 2.9 0.4 377.7
ntarla 2004 2 10 41 16.4 35.2 8.1 -999.99 0 2.1 0.4 377.7
ntarla 2004 2 11 42 18.4 38.4 8.1 -999.99 0 2.2 0.5 377.7
ntarla 2004 2 12 43 18.4 39.4 19.4 -999.99 0 3.9 0.3 377.7
ntarla 2004 2 13 44 16.7 41.2 22.9 -999.99 0 4.1 0.3 377.7
ntarla 2004 2 14 45 16.3 40.3 21.5 -999.99 0 3.1 0.3 377.7
ntarla 2004 2 15 46 16.1 39.2 13.4 -999.99 0 3.6 0.4 377.7
ntarla 2004 2 16 47 18.6 39.9 19.9 -999.99 0 2.9 1.2 377.7
ntarla 2004 2 17 48 15.9 38.9 19.2 -999.99 0 3.9 0.3 377.7
ntarla 2004 2 18 49 18.4 39.5 18.7 -999.99 0 3.6 0.4 377.7
ntarla 2004 2 19 50 18.9 40.3 21.1 -999.99 0 2.6 0.6 377.7
ntarla 2004 2 20 51 20.4 39.4 13.8 -999.99 0 2.1 2.7 377.7
ntarla 2004 2 21 52 22.9 40.3 18.1 -999.99 0 1.2 3.1 377.7
ntarla 2004 2 22 53 19.9 41.2 20.9 -999.99 0 2.6 1.9 377.7
ntarla 2004 2 23 54 17.4 41.2 23 -999.99 0 3.5 0.3 377.7
ntarla 2004 2 24 55 15.4 40.2 22.2 -999.99 0 3.7 0.3 377.7
ntarla 2004 2 25 56 14.4 40.9 22.1 -999.99 0 2.7 0.3 377.7
ntarla 2004 2 26 57 16.9 41.2 22.2 -999.99 0 1.5 2.2 377.7
ntarla 2004 2 27 58 22.4 41.5 22.7 -999.99 0 1.2 2.2 377.7
ntarla 2004 2 28 59 25.9 41.5 18.1 -999.99 0 0.9 4.7 377.7
ntarla 2004 2 29 60 26.4 33.9 8.7 -999.99 0 1.7 0.6 377.7
ntarla 2004 3 1 61 25.6 38.8 20.7 -999.99 0 3.5 1.6 377.7
ntarla 2004 3 2 62 21.1 38.8 22.6 -999.99 0 2.9 1 377.7
ntarla 2004 3 3 63 17.4 39 24.3 -999.99 0 3.5 0.4 377.7
ntarla 2004 3 4 64 22.6 29.6 8.7 -999.99 0 5.2 0.3 377.7
ntarla 2004 3 5 65 11.3 32.1 23.3 -999.99 0 4.3 0.1 377.7
ntarla 2004 3 6 66 12.3 33.8 18.7 -999.99 0 4.6 0.1 377.7
ntarla 2004 3 7 67 15.6 34.8 20.6 -999.99 0 3.5 0.2 377.7
ntarla 2004 3 8 68 17.3 36.8 22.1 -999.99 0 3.6 0.4 377.7
ntarla 2004 3 9 69 16.6 38.8 22.3 -999.99 0 2.8 0.4 377.7
ntarla 2004 3 10 70 18.6 40.3 21.3 -999.99 0 2.9 0.3 377.7
ntarla 2004 3 11 71 20.6 40.8 21.2 -999.99 0 3.5 0.4 377.7
ntarla 2004 3 12 72 20.9 41.3 12.8 -999.99 0 3.8 0.4 377.7
ntarla 2004 3 13 73 18.9 41.9 20 -999.99 0 3.8 0.7 377.7
ntarla 2004 3 14 74 19.1 41.3 22.7 -999.99 0 3.8 0.5 377.7
ntarla 2004 3 15 75 18.1 41.8 22.7 -999.99 0 4.3 0.3 377.7
ntarla 2004 3 16 76 17.6 41.8 18 -999.99 0 4 0.3 377.7
ntarla 2004 3 17 77 21.1 41.3 19.5 -999.99 0 3.2 3.3 377.7
ntarla 2004 3 18 78 20.1 40.8 20.6 -999.99 0 3.9 0.3 377.7
ntarla 2004 3 19 79 18.9 40.6 16.4 -999.99 0 3.6 0.3 377.7
ntarla 2004 3 20 80 20.1 41.6 15.3 -999.99 0 2.4 0.9 377.7
ntarla 2004 3 21 81 23.1 41.3 9 -999.99 0 2 5.2 377.7
ntarla 2004 3 22 82 25.1 40.4 15.5 -999.99 0 1.6 3.5 377.7
ntarla 2004 3 23 83 26.6 41.3 12.2 -999.99 0 2.4 5 377.7
ntarla 2004 3 24 84 15.6 41.3 11.7 -999.99 0 1.3 1.9 377.7
ntarla 2004 3 25 85 22.6 42.8 23.3 -999.99 0 2.6 0.9 377.7
ntarla 2004 3 26 86 21.1 44.2 24.4 -999.99 0 2.3 3.3 377.7
ntarla 2004 3 27 87 25.3 44.3 24 -999.99 0 3.2 4.4 377.7
ntarla 2004 3 28 88 30.1 42.8 18.7 -999.99 0 3.1 5.7 377.7
ntarla 2004 3 29 89 27.6 42.8 19.8 -999.99 0 1.2 1.5 377.7
ntarla 2004 3 30 90 27.1 42.3 22.2 -999.99 0 1 2.5 377.7
ntarla 2004 3 31 91 30.1 41 10.3 -999.99 0 2.2 3.3 377.7
ntarla 2004 4 1 92 29.3 40.5 14.7 -999.99 0 2.1 2 377.7
ntarla 2004 4 2 93 30.3 40.5 15.6 -999.99 0 1.5 3.3 377.7
ntarla 2004 4 3 94 25.3 42.5 23.2 -999.99 0 4.9 2.3 377.7
ntarla 2004 4 4 95 24.3 43.7 23.4 -999.99 0 5.2 1.5 377.7
ntarla 2004 4 5 96 21.8 41.7 25.3 -999.99 0 2.9 0.8 377.7
ntarla 2004 4 6 97 17.3 41.3 22.9 -999.99 0 2 0.3 377.7
ntarla 2004 4 7 98 17.9 42.6 25.1 -999.99 0 1.1 1 377.7
ntarla 2004 4 8 99 21.7 42.5 23.4 -999.99 0 0.9 1 377.7
ntarla 2004 4 9 100 30.5 41.5 18.5 -999.99 0 2.1 4.8 377.7
ntarla 2004 4 10 101 31.5 40.1 14.6 -999.99 0 2.4 8.1 377.7
ntarla 2004 4 11 102 26.8 39.5 17.6 -999.99 13.3 2 6.7 377.7
ntarla 2004 4 12 103 27.8 40.5 22.2 -999.99 5.6 0.5 5.7 377.7
ntarla 2004 4 13 104 28.6 42 23.8 -999.99 0 1.6 2.9 377.7
ntarla 2004 4 14 105 29.8 39.5 14.3 -999.99 0 2.6 2.8 377.7
ntarla 2004 4 15 106 29.3 38.7 16.8 -999.99 0 3.2 3.6 377.7
ntarla 2004 4 16 107 27.3 40.5 23.6 -999.99 0 1.3 3.5 377.7
ntarla 2004 4 17 108 29.8 41 21.4 -999.99 0 1.5 3.6 377.7
ntarla 2004 4 18 109 29.3 42.5 20 -999.99 0 1.2 1.6 377.7
ntarla 2004 4 19 110 28.8 41.5 23.9 -999.99 0 0.9 2.9 377.7
ntarla 2004 4 20 111 27.8 42.5 18.5 -999.99 0 1.2 3.2 377.7
ntarla 2004 4 21 112 26.8 40 17.6 -999.99 0 1.8 5.7 377.7
ntarla 2004 4 22 113 28.8 43 24 -999.99 0 1.1 2.8 377.7
ntarla 2004 4 23 114 31.3 41 16.3 -999.99 0 2.1 4.9 377.7
ntarla 2004 4 24 115 28.8 41.1 21.3 -999.99 0 1.9 4.3 377.7
ntarla 2004 4 25 116 29.3 41.7 17.6 -999.99 0 1.9 4.5 377.7
ntarla 2004 4 26 117 31.3 42 24.5 -999.99 0 3.1 7.9 377.7
ntarla 2004 4 27 118 32.3 36.7 16.5 -999.99 0 4.3 8.3 377.7
ntarla 2004 4 28 119 28.3 39.9 20.1 -999.99 0 3.8 6.4 377.7
ntarla 2004 4 29 120 29.8 41.5 24.4 -999.99 0 3.4 8.6 377.7
ntarla 2004 4 30 121 29.8 38 16.4 -999.99 0 2.3 6.8 377.7
ntarla 2004 5 1 122 28.5 41.7 22.1 -999.99 0 1.7 6.4 377.7
ntarla 2004 5 2 123 28.5 43.1 24.6 -999.99 0 2.6 9.4 377.7
ntarla 2004 5 3 124 30 43.6 22.9 -999.99 1.6 3 10.5 377.7
ntarla 2004 5 4 125 31 42.6 24.2 -999.99 0 2.8 15.7 377.7
ntarla 2004 5 5 126 30.5 38.1 14.8 -999.99 0 2.2 9.8 377.7
ntarla 2004 5 6 127 29.6 39 21.5 -999.99 0 1.7 4.5 377.7
ntarla 2004 5 7 128 28.5 41.6 24.4 -999.99 0 2.1 6.6 377.7
ntarla 2004 5 8 129 29 43.6 27 -999.99 0 1.2 1.6 377.7
ntarla 2004 5 9 130 26 42.6 27 -999.99 0 1.6 2.9 377.7
ntarla 2004 5 10 131 29.5 43.6 25.6 -999.99 0 1.6 5.4 377.7
ntarla 2004 5 11 132 31.5 42.9 25.6 -999.99 0 3 9.4 377.7
ntarla 2004 5 12 133 30.6 43.1 25.2 -999.99 0 1.9 7.3 377.7
ntarla 2004 5 13 134 31.5 42.6 25.7 -999.99 0 2.3 9 377.7
ntarla 2004 5 14 135 29.5 41.4 25.4 -999.99 0 3 7.2 377.7
ntarla 2004 5 15 136 30 40.2 20.8 -999.99 0 2.6 8.1 377.7
ntarla 2004 5 16 137 28.2 40.1 21.7 -999.99 0 2.3 9.1 377.7
ntarla 2004 5 17 138 30 41.6 24.8 -999.99 0 2.8 10.9 377.7
ntarla 2004 5 18 139 29.5 40.8 20.8 -999.99 0 2.7 13.1 377.7
ntarla 2004 5 19 140 29.5 42.2 25 -999.99 0 2.3 8.8 377.7
ntarla 2004 5 20 141 23 38.2 18.8 -999.99 0 2.9 6.4 377.7
ntarla 2004 5 21 142 29 41 24.2 -999.99 0 2.8 9.7 377.7
ntarla 2004 5 22 143 29.5 41.6 25.1 -999.99 0 2.4 12.2 377.7
ntarla 2004 5 23 144 31 41.2 21.7 -999.99 6.1 2.3 14.2 377.7
ntarla 2004 5 24 145 24.5 38.6 22.9 -999.99 0 1.4 5.2 377.7
ntarla 2004 5 25 146 24.5 40.6 24.7 -999.99 0 2.5 7.8 377.7
ntarla 2004 5 26 147 24.5 41.6 18.2 -999.99 0 2.6 8 377.7
ntarla 2004 5 27 148 23.5 41.6 23.8 -999.99 0 2.8 4.8 377.7
ntarla 2004 5 28 149 25 41.1 22.3 -999.99 0 2 6.7 377.7
ntarla 2004 5 29 150 22 38.2 19 -999.99 0 1.4 9.2 377.7
ntarla 2004 5 30 151 27 39.9 20.3 -999.99 0 1.5 9.8 377.7
ntarla 2004 5 31 152 28.5 42.2 22.1 -999.99 0 2.2 8.3 377.7
ntarla 2004 6 1 153 18.7 39.3 19.1 -999.99 20.2 3.3 7.2 377.7
ntarla 2004 6 2 154 23.7 31.2 13.3 -999.99 1.9 1.8 6.3 377.7
ntarla 2004 6 3 155 27.7 36.8 21.8 -999.99 0 0.7 8.2 377.7
ntarla 2004 6 4 156 28.7 38.9 20.1 -999.99 0 2.9 10 377.7
ntarla 2004 6 5 157 28.5 38.6 20.9 -999.99 0 3.1 11.2 377.7
ntarla 2004 6 6 158 22.7 38.4 20.1 -999.99 10.7 2.8 4.5 377.7
ntarla 2004 6 7 159 26.2 32.4 10.9 -999.99 6.8 1.8 6.6 377.7
ntarla 2004 6 8 160 26.2 35.3 15.2 -999.99 0 1.5 9.7 377.7
ntarla 2004 6 9 161 25.7 37.8 22.3 -999.99 0 0.9 6.6 377.7
ntarla 2004 6 10 162 27.9 37.5 19.9 -999.99 0 2 6 377.7
ntarla 2004 6 11 163 28.2 38.8 24.2 -999.99 0 2.4 8.5 377.7
ntarla 2004 6 12 164 25.7 36.5 13.3 -999.99 0 2.3 7.2 377.7
ntarla 2004 6 13 165 25.7 38.4 26 -999.99 0 1.9 8 377.7
ntarla 2004 6 14 166 22.5 39 21.8 -999.99 9.2 1.8 5.7 377.7
ntarla 2004 6 15 167 26.7 37.6 18 -999.99 0 1.8 4.4 377.7
ntarla 2004 6 16 168 28.2 38.3 23 -999.99 0 3.3 7.8 377.7
ntarla 2004 6 17 169 23.7 37.3 19.8 -999.99 0 2.8 7.8 377.7
ntarla 2004 6 18 170 27.2 40.3 24.6 -999.99 0 2.6 9.7 377.7
ntarla 2004 6 19 171 28.2 39.3 25.5 -999.99 0 2.7 12 377.7
ntarla 2004 6 20 172 26.7 40.4 22.8 -999.99 0 2.6 9 377.7
ntarla 2004 6 21 173 26.7 32.3 13.7 -999.99 5.5 2.8 6.9 377.7
ntarla 2004 6 22 174 25.7 35.6 17.1 -999.99 0 2.5 6.3 377.7
ntarla 2004 6 23 175 27.7 39.8 25.2 -999.99 0 3 9.2 377.7
ntarla 2004 6 24 176 28.7 38.8 22.7 -999.99 48.7 3 10.5 377.7
ntarla 2004 6 25 177 22.7 35.2 21.7 -999.99 0 2.8 5.8 377.7
ntarla 2004 6 26 178 26.7 31.1 14.9 -999.99 14.2 1.5 6.2 377.7
ntarla 2004 6 27 179 23.7 34.3 17.8 -999.99 0 1.3 5.4 377.7
ntarla 2004 6 28 180 23.7 35.4 24.2 -999.99 0 2.6 5.5 377.7
ntarla 2004 6 29 181 26.2 34.8 17.8 -999.99 0.3 2.3 7.8 377.7
ntarla 2004 6 30 182 26.2 37.8 24.6 -999.99 0 2.6 7.8 377.7
ntarla 2004 7 1 183 27 37.5 24.8 -999.99 0 2 10.8 377.7
ntarla 2004 7 2 184 26.4 36.2 22.9 -999.99 3.2 2.1 8.2 377.7
ntarla 2004 7 3 185 26.1 28.7 11.4 -999.99 52 1.6 7.7 377.7
ntarla 2004 7 4 186 22.6 31.5 14.2 -999.99 0 1.2 4.2 377.7
ntarla 2004 7 5 187 23.6 34.7 22.2 -999.99 0.6 0.8 4.4 377.7
ntarla 2004 7 6 188 26.1 36.2 22.8 -999.99 0 1.4 5.6 377.7
ntarla 2004 7 7 189 24.6 31.7 12.7 -999.99 2 2.9 7.5 377.7
ntarla 2004 7 8 190 24.1 32.7 16.9 -999.99 0 2.3 5.8 377.7
ntarla 2004 7 9 191 25.8 36.5 25.2 -999.99 3.2 2.3 7.3 377.7
ntarla 2004 7 10 192 23.1 33.2 15.4 -999.99 0 2.2 6.1 377.7
ntarla 2004 7 11 193 25.1 32.2 14.2 -999.99 20.3 1.5 8.1 377.7
ntarla 2004 7 12 194 23.1 31.2 19.4 -999.99 0 1.7 6.2 377.7
ntarla 2004 7 13 195 25.6 34.2 26.4 -999.99 14.8 1.3 6.2 377.7
ntarla 2004 7 14 196 21.6 29.7 11.6 -999.99 4.2 2.7 4.5 377.7
ntarla 2004 7 15 197 25.1 32.7 21.7 -999.99 0 2.5 7.6 377.7
ntarla 2004 7 16 198 25.1 33.7 23.2 -999.99 0 2.6 8.8 377.7
ntarla 2004 7 17 199 25.1 32.2 9.3 -999.99 1.9 2.1 8.1 377.7
ntarla 2004 7 18 200 24 30.7 16.2 -999.99 0 1.1 4 377.7
ntarla 2004 7 19 201 25.1 33.2 16.6 -999.99 19.4 2.1 7.5 377.7
ntarla 2004 7 20 202 21.6 31.5 19 -999.99 16.6 2 6.1 377.7
ntarla 2004 7 21 203 21.6 30.7 14 -999.99 2.1 1.3 3 377.7
ntarla 2004 7 22 204 24.1 32 20.7 -999.99 0 1.9 7 377.7
ntarla 2004 7 23 205 24.1 32.3 18.2 -999.99 0 0.9 6.8 377.7
ntarla 2004 7 24 206 24.6 30.9 13.7 -999.99 24.1 1.4 8.7 377.7
ntarla 2004 7 25 207 23.2 29.2 13.1 -999.99 0 1.9 5.3 377.7
ntarla 2004 7 26 208 23.6 31.2 21.5 -999.99 0.5 2.9 7.4 377.7
ntarla 2004 7 27 209 23.6 31 16.4 -999.99 0.8 1.3 5.6 377.7
ntarla 2004 7 28 210 24.6 34.4 20.9 -999.99 55.5 0.9 8 377.7
ntarla 2004 7 29 211 21.6 32.2 18.5 -999.99 0 1 6.5 377.7
ntarla 2004 7 30 212 24.1 32 23.7 -999.99 0 1.4 7.4 377.7
ntarla 2004 7 31 213 24.6 34 26.2 -999.99 12.9 1 7.9 377.7
ntarla 2004 8 1 214 21.8 32.7 21.4 -999.99 0 1 6.6 377.7
ntarla 2004 8 2 215 25.3 33.1 18.7 -999.99 13.2 1.7 9.5 377.7
ntarla 2004 8 3 216 20.8 31.6 24.3 -999.99 0 1.8 4 377.7
ntarla 2004 8 4 217 24.3 32.7 23.1 -999.99 0 2.4 7.4 377.7
ntarla 2004 8 5 218 22.8 32.1 20.8 -999.99 0 2.2 6.7 377.7
ntarla 2004 8 6 219 24.5 33.3 19.3 -999.99 0 2.4 8 377.7
ntarla 2004 8 7 220 24.8 33.6 21.9 -999.99 0 1.1 9.6 377.7
ntarla 2004 8 8 221 24.8 33.1 17.3 -999.99 6.5 1.1 6.2 377.7
ntarla 2004 8 9 222 22.8 33.1 24.8 -999.99 0 2.7 6.2 377.7
ntarla 2004 8 10 223 26.8 33.6 21 -999.99 0 2.5 10 377.7
ntarla 2004 8 11 224 23.3 32.1 24.1 -999.99 0 2 5 377.7
ntarla 2004 8 12 225 24.8 30.1 13.7 -999.99 44.2 1.4 6.9 377.7
ntarla 2004 8 13 226 22.3 31.6 26.8 -999.99 0 1.5 5.3 377.7
ntarla 2004 8 14 227 24.3 32.6 20.7 -999.99 2.5 1.8 7 377.7
ntarla 2004 8 15 228 22.3 33.1 21.2 -999.99 0 2.1 7.8 377.7
ntarla 2004 8 16 229 24.8 32.6 18.8 -999.99 37.2 2.6 9 377.7
ntarla 2004 8 17 230 21.8 31.9 23.6 -999.99 0 1.8 5 377.7
ntarla 2004 8 18 231 24.3 31.7 19.4 -999.99 0 1.8 7.2 377.7
ntarla 2004 8 19 232 23.8 33.6 21.8 -999.99 14.2 0.7 7.8 377.7
ntarla 2004 8 20 233 23.8 25.6 8.8 -999.99 14.7 0.2 4.7 377.7
ntarla 2004 8 21 234 24.3 31.8 19.8 -999.99 0 2 8.2 377.7
ntarla 2004 8 22 235 24.3 32.6 22.6 -999.99 3.3 2 8.1 377.7
ntarla 2004 8 23 236 24.8 32.6 18.8 -999.99 32.8 1.2 7.7 377.7
ntarla 2004 8 24 237 21.8 30.1 18.3 -999.99 8.5 1.3 7.9 377.7
ntarla 2004 8 25 238 23.3 31.9 22 -999.99 0 1.9 7.2 377.7
ntarla 2004 8 26 239 25.3 33.6 19.8 -999.99 18.5 0.6 9.6 377.7
ntarla 2004 8 27 240 22.3 31.6 16.3 -999.99 0 1.4 6.8 377.7
ntarla 2004 8 28 241 24.3 31.6 12.5 -999.99 0 1.5 7.3 377.7
ntarla 2004 8 29 242 23.3 34.1 21.5 -999.99 0 1.7 7.2 377.7
ntarla 2004 8 30 243 23.8 34.1 25 -999.99 3.5 1.2 7.7 377.7
ntarla 2004 8 31 244 21.3 34.1 17.8 -999.99 0 1 6.2 377.7
ntarla 2004 9 1 245 25.4 34 15.7 -999.99 0 1.4 9.9 377.7
ntarla 2004 9 2 246 23.4 33.5 23.8 -999.99 5 1.1 8 377.7
ntarla 2004 9 3 247 22.6 31.3 16.1 -999.99 0 1.9 5.6 377.7
ntarla 2004 9 4 248 22.4 33.8 23.6 -999.99 8.8 1.3 5.9 377.7
ntarla 2004 9 5 249 21.4 32 23 -999.99 0 1.8 3.9 377.7
ntarla 2004 9 6 250 23.7 29.8 10.5 -999.99 12.5 2.4 5.4 377.7
ntarla 2004 9 7 251 22.9 30.5 13.1 -999.99 0 0.7 5 377.7
ntarla 2004 9 8 252 21.4 33 23.4 -999.99 0 1.3 6.2 377.7
ntarla 2004 9 9 253 22.4 30.5 13.9 -999.99 0.5 1.6 4.9 377.7
ntarla 2004 9 10 254 23.4 34 23.3 -999.99 0 1.6 5.8 377.7
ntarla 2004 9 11 255 27.4 35 19.5 -999.99 31.4 2 10 377.7
ntarla 2004 9 12 256 24.4 32.5 21.8 -999.99 2.5 1.1 8.4 377.7
ntarla 2004 9 13 257 24.2 30 14.1 -999.99 8.4 1.7 6.6 377.7
ntarla 2004 9 14 258 25 33 21.1 -999.99 0 0.4 6.6 377.7
ntarla 2004 9 15 259 27.4 32.5 21.1 -999.99 0 2.4 6.3 377.7
ntarla 2004 9 16 260 27.4 34 22.4 -999.99 0 1.7 7.8 377.7
ntarla 2004 9 17 261 26.4 35.5 22.3 -999.99 0 1.2 10.1 377.7
ntarla 2004 9 18 262 26.9 35.8 22.7 -999.99 0 2.3 7.8 377.7
ntarla 2004 9 19 263 26.9 34.6 23.9 -999.99 2.5 1.9 10 377.7
ntarla 2004 9 20 264 25.4 31.6 12.3 -999.99 0 1 4 377.7
ntarla 2004 9 21 265 27.9 32 9.9 -999.99 12.9 1.4 5.8 377.7
ntarla 2004 9 22 266 25.9 33.5 23.8 -999.99 1.5 1.4 7.6 377.7
ntarla 2004 9 23 267 25.9 30.5 14.7 -999.99 0 2.6 8 377.7
ntarla 2004 9 24 268 27.4 32.7 21.1 -999.99 0 1.9 7.3 377.7
ntarla 2004 9 25 269 27.4 33.5 22.9 -999.99 0 2 5.1 377.7
ntarla 2004 9 26 270 23.9 36 22.1 -999.99 7.5 1.2 7.2 377.7
ntarla 2004 9 27 271 21.4 34 22.1 -999.99 0 1.7 4.6 377.7
ntarla 2004 9 28 272 23.4 36 23.4 -999.99 30 2.1 5 377.7
ntarla 2004 9 29 273 18.4 35.3 19.3 -999.99 0 1.9 4 377.7
ntarla 2004 9 30 274 23.6 36 23.3 -999.99 0 1 2.5 377.7
ntarla 2004 10 1 275 22.8 36.6 23.4 -999.99 0 2.5 4.3 377.7
ntarla 2004 10 2 276 23 36.6 21.9 -999.99 0 1.2 3.6 377.7
ntarla 2004 10 3 277 25.4 37.2 21.9 -999.99 0 1 3.3 377.7
ntarla 2004 10 4 278 24.3 37.9 23.2 -999.99 0 1.7 5.2 377.7
ntarla 2004 10 5 279 24.8 34.6 19.2 -999.99 0 2.4 4.6 377.7
ntarla 2004 10 6 280 25.4 36.4 22.8 -999.99 0 2.4 5.5 377.7
ntarla 2004 10 7 281 23.4 36.6 22.6 -999.99 0 0.7 3.1 377.7
ntarla 2004 10 8 282 23.6 38.6 22.5 -999.99 0 1.4 2.8 377.7
ntarla 2004 10 9 283 23.8 37.4 23.2 -999.99 0 2.3 3.2 377.7
ntarla 2004 10 10 284 23.3 38.3 22.4 -999.99 0 1.6 3.6 377.7
ntarla 2004 10 11 285 24.2 37.3 21.6 -999.99 2 1.7 3.4 377.7
ntarla 2004 10 12 286 23.6 37.6 21.4 -999.99 0.2 0.9 4.1 377.7
ntarla 2004 10 13 287 22.8 38.8 21.7 -999.99 0 0.9 2.4 377.7
ntarla 2004 10 14 288 21.8 38.6 20.6 -999.99 0 2.4 2.5 377.7
ntarla 2004 10 15 289 25.3 37.3 14.8 -999.99 0 1.7 3.5 377.7
ntarla 2004 10 16 290 23.8 35.9 20.2 -999.99 0 1.3 2.8 377.7
ntarla 2004 10 17 291 22.3 38.1 22.1 -999.99 0 1.3 2.4 377.7
ntarla 2004 10 18 292 23.2 37.9 18.4 -999.99 0 0.9 2.8 377.7
ntarla 2004 10 19 293 21.6 39.9 21.2 -999.99 0 0.7 2 377.7
ntarla 2004 10 20 294 17.3 40.6 22.3 -999.99 0 3 0.6 377.7
ntarla 2004 10 21 295 17.3 38.1 23 -999.99 0 2.2 2.5 377.7
ntarla 2004 10 22 296 24 37.6 22.4 -999.99 0 1.8 5.1 377.7
ntarla 2004 10 23 297 25.3 36.6 16.8 -999.99 0 1.3 5 377.7
ntarla 2004 10 24 298 22.3 38.1 21.7 -999.99 0 0.9 1.5 377.7
ntarla 2004 10 25 299 21.8 38.9 20.8 -999.99 0 1.7 0.9 377.7
ntarla 2004 10 26 300 20.8 38.9 20.7 -999.99 0 1 2.6 377.7
ntarla 2004 10 27 301 21.3 38.3 21.1 -999.99 0 1.1 1.9 377.7
ntarla 2004 10 28 302 26.8 35.9 13.6 -999.99 0 0.9 3.1 377.7
ntarla 2004 10 29 303 23.4 39.8 18.1 -999.99 0 1.2 1 377.7
ntarla 2004 10 30 304 20.6 39.6 21.3 -999.99 0 1.6 2.9 377.7
ntarla 2004 10 31 305 20.3 36.6 21.6 -999.99 0 1.7 2.5 377.7
ntarla 2004 11 1 306 26.5 38.4 19 -999.99 0 2.2 7.6 377.7
ntarla 2004 11 2 307 25.4 38.9 19.9 -999.99 0 1.4 9.2 377.7
ntarla 2004 11 3 308 25 38.4 19.9 -999.99 0 1.1 4.8 377.7
ntarla 2004 11 4 309 20 38.9 21.9 -999.99 0 0.3 2 377.7
ntarla 2004 11 5 310 19 38.2 21.9 -999.99 0 1.3 1 377.7
ntarla 2004 11 6 311 24 37.4 18.3 -999.99 0 0.4 3.2 377.7
ntarla 2004 11 7 312 26.5 39 18.8 -999.99 0 2.4 1.1 377.7
ntarla 2004 11 8 313 19.2 39.9 21.1 -999.99 0 3 0.9 377.7
ntarla 2004 11 9 314 20 38.9 20.5 -999.99 0 2.9 1.1 377.7
ntarla 2004 11 10 315 16 38.9 21.4 -999.99 0 3.5 0.6 377.7
ntarla 2004 11 11 316 15.8 38.6 22.1 -999.99 0 3.6 1 377.7
ntarla 2004 11 12 317 18 38.8 21.9 -999.99 0 1.2 1.1 377.7
ntarla 2004 11 13 318 21.2 38 21.6 -999.99 0 1 1.9 377.7
ntarla 2004 11 14 319 21.4 36 14 -999.99 0 2.1 2.4 377.7
ntarla 2004 11 15 320 21.3 38 15.2 -999.99 0 3.9 1.6 377.7
ntarla 2004 11 16 321 19.2 36.4 13 -999.99 0 3.7 0.9 377.7
ntarla 2004 11 17 322 15.3 38.4 20.3 -999.99 0 3.7 0.5 377.7
ntarla 2004 11 18 323 14.7 38.4 20.1 -999.99 0 3.7 0.5 377.7
ntarla 2004 11 19 324 15.8 37.9 18.7 -999.99 0 2.8 0.4 377.7
ntarla 2004 11 20 325 16.5 38.2 15.1 -999.99 0 1.8 1.3 377.7
ntarla 2004 11 21 326 18 38.6 18.5 -999.99 0 1.6 2.4 377.7
ntarla 2004 11 22 327 15.3 38.9 21 -999.99 0 2.8 0.5 377.7
ntarla 2004 11 23 328 14.8 39.4 21.1 -999.99 0 3.3 0.5 377.7
ntarla 2004 11 24 329 15 37.9 20.4 -999.99 0 3 0.3 377.7
ntarla 2004 11 25 330 15 36.9 18.6 -999.99 0 2.2 0.3 377.7
ntarla 2004 11 26 331 14.2 36.9 17.1 -999.99 0 3 0.4 377.7
ntarla 2004 11 27 332 14 36.9 18.8 -999.99 0 2.8 0.4 377.7
ntarla 2004 11 28 333 13.6 37.8 19.6 -999.99 0 2.9 0.6 377.7
ntarla 2004 11 29 334 16.2 37 17.6 -999.99 0 2.8 0.5 377.7
ntarla 2004 11 30 335 17 36.6 16.9 -999.99 0 2.7 0.4 377.7
ntarla 2004 12 1 336 16.8 36.3 14.9 -999.99 0 2.7 0.8 377.7
ntarla 2004 12 2 337 17.2 37.3 17.8 -999.99 0 2.8 0.6 377.7
ntarla 2004 12 3 338 15.3 37.8 18.9 -999.99 0 3.1 0.3 377.7
ntarla 2004 12 4 339 14.3 38.3 19.8 -999.99 0 2.5 0.3 377.7
ntarla 2004 12 5 340 13.1 37.3 19.9 -999.99 0 2.3 0.2 377.7
ntarla 2004 12 6 341 14 37.3 18 -999.99 0 2 0.5 377.7
ntarla 2004 12 7 342 15.8 37.8 17.7 -999.99 0 0.9 1.8 377.7
ntarla 2004 12 8 343 15.8 36.3 18.8 -999.99 0 2.9 0.4 377.7
ntarla 2004 12 9 344 13.8 35.8 19.1 -999.99 0 2.5 0.3 377.7
ntarla 2004 12 10 345 14.6 36.8 19.7 -999.99 0 2.3 0.4 377.7
ntarla 2004 12 11 346 14.4 35.7 19.6 -999.99 0 2.4 0.4 377.7
ntarla 2004 12 12 347 14.6 36.3 17.9 -999.99 0 2.8 0.4 377.7
ntarla 2004 12 13 348 15 35.3 12.2 -999.99 0 1.8 0.5 377.7
ntarla 2004 12 14 349 16.2 36.8 19.4 -999.99 0 1.9 0.2 377.7
ntarla 2004 12 15 350 16.8 38.1 19.3 -999.99 0 1.2 1.1 377.7
ntarla 2004 12 16 351 20.8 38.3 17.2 -999.99 0 2 2.6 377.7
ntarla 2004 12 17 352 14.3 37.5 13.1 -999.99 0 0.4 1.9 377.7
ntarla 2004 12 18 353 17.2 37.4 18.4 -999.99 0 2.5 0.6 377.7
ntarla 2004 12 19 354 16.2 37.5 16.7 -999.99 0 2.3 0.5 377.7
ntarla 2004 12 20 355 15.6 38.1 18.8 -999.99 0 1.7 0.5 377.7
ntarla 2004 12 21 356 15.8 38.8 20 -999.99 0 1 1.1 377.7
ntarla 2004 12 22 357 16.3 39 20.3 -999.99 0 0.6 2 377.7
ntarla 2004 12 23 358 16.3 39.3 20.8 -999.99 0 2 0.3 377.7
ntarla 2004 12 24 359 16.3 39.8 20.8 -999.99 0 2.1 1.4 377.7
ntarla 2004 12 25 360 16.8 39.1 20.8 -999.99 0 1.3 2 377.7
ntarla 2004 12 26 361 16.8 35.9 20.7 -999.99 0 2.9 0.4 377.7
ntarla 2004 12 27 362 16.3 36.5 17.7 -999.99 0 2.2 0.4 377.7
ntarla 2004 12 28 363 15.8 36.7 19.3 -999.99 0 3.6 0.2 377.7
ntarla 2004 12 29 364 17.1 36.5 19.2 -999.99 0 4.3 0.4 377.7
ntarla 2004 12 30 365 16.3 35 20.1 -999.99 0 3.5 0.4 377.7
ntarla 2004 12 31 366 14.8 32.5 19.7 -999.99 0 3.3 0.2 377.7
