ntarla 2008 1 2 2 14.2 30.8 19.4 -999.99 0 3.3 0.3 385.83
ntarla 2008 1 3 3 14.7 30.9 19.9 -999.99 0 3.1 0.4 385.83
ntarla 2008 1 4 4 16.2 31.1 19.2 -999.99 0 2.4 0.3 385.83
ntarla 2008 1 5 5 14.9 32 19.5 -999.99 0 2.8 0.3 385.83
ntarla 2008 1 6 6 15.2 26.5 19 -999.99 0 4 0.7 385.83
ntarla 2008 1 7 7 14.2 26.5 19.8 -999.99 0 3.7 0.5 385.83
ntarla 2008 1 8 8 15.2 27 16.9 -999.99 0 3.1 0.5 385.83
ntarla 2008 1 9 9 12.7 29.5 20.3 -999.99 0 2.9 0.5 385.83
ntarla 2008 1 10 10 16.2 30.5 19.4 -999.99 0 2.7 0.7 385.83
ntarla 2008 1 11 11 15.7 31.5 16.7 -999.99 0 3 0.8 385.83
ntarla 2008 1 12 12 17.7 33.5 19 -999.99 0 2.6 0.9 385.83
ntarla 2008 1 13 13 17.7 35 20 -999.99 0 2.1 0.8 385.83
ntarla 2008 1 14 14 17.2 35.5 19.8 -999.99 0 2.9 0.5 385.83
ntarla 2008 1 15 15 17.2 35.5 20.2 -999.99 0 3.2 0.7 385.83
ntarla 2008 1 16 16 19.7 33.5 20.3 -999.99 0 4.4 0.6 385.83
ntarla 2008 1 17 17 17.7 32 20 -999.99 0 4.4 0.4 385.83
ntarla 2008 1 18 18 15.7 31 19.7 -999.99 0 3.8 0.3 385.83
ntarla 2008 1 19 19 16.7 32 20.1 -999.99 0 3.4 0.2 385.83
ntarla 2008 1 20 20 16.7 32.5 20 -999.99 0 3.8 0.2 385.83
ntarla 2008 1 21 21 16.7 30.5 20.1 -999.99 0 4.3 0.4 385.83
ntarla 2008 1 22 22 15.7 30 20.3 -999.99 0 4.4 0.5 385.83
ntarla 2008 1 23 23 15.7 29.5 20.3 -999.99 0 3.8 0.5 385.83
ntarla 2008 1 24 24 13.7 30.8 21 -999.99 0 4 0.4 385.83
ntarla 2008 1 25 25 13.2 31.5 21.5 -999.99 0 3.9 0.3 385.83
ntarla 2008 1 26 26 13.7 32 21.7 -999.99 0 4.5 0.4 385.83
ntarla 2008 1 27 27 15.7 30.5 21.1 -999.99 0 4.6 0.4 385.83
ntarla 2008 1 28 28 16.7 30.5 20.6 -999.99 0 4.4 0.5 385.83
ntarla 2008 1 29 29 17.7 31 19.6 -999.99 0 4 0.5 385.83
ntarla 2008 1 30 30 17.7 31.5 18.7 -999.99 0 4.6 0.4 385.83
ntarla 2008 1 31 31 17.7 31.8 21 -999.99 0 4 0.4 385.83
ntarla 2008 2 1 32 11.9 34.7 21 -999.99 0 3.9 0.4 385.83
ntarla 2008 2 2 33 10.4 36.2 22 -999.99 0 4 0.2 385.83
ntarla 2008 2 3 34 10.7 36.7 21.9 -999.99 0 3.3 0.1 385.83
ntarla 2008 2 4 35 12.1 37.7 20.9 -999.99 0 3.7 0.2 385.83
ntarla 2008 2 5 36 13.4 39.2 21.3 -999.99 0 3.7 0.2 385.83
ntarla 2008 2 6 37 14.4 39.3 22.1 -999.99 0 3.5 0.2 385.83
ntarla 2008 2 7 38 13.4 39.2 22.7 -999.99 0 3.5 0.2 385.83
ntarla 2008 2 8 39 13.4 39.5 22.5 -999.99 0 3.5 0.2 385.83
ntarla 2008 2 9 40 14.4 37.7 22.3 -999.99 0 4.1 0.3 385.83
ntarla 2008 2 10 41 15.9 38.2 20.5 -999.99 0 3.9 0.5 385.83
ntarla 2008 2 11 42 15.9 38.7 22.1 -999.99 0 4.3 0.5 385.83
ntarla 2008 2 12 43 14.4 38.3 21.9 -999.99 0 4.9 0.2 385.83
ntarla 2008 2 13 44 13.4 36.7 17.1 -999.99 0 4.2 0.3 385.83
ntarla 2008 2 14 45 15.7 37.7 22.5 -999.99 0 4.1 0.3 385.83
ntarla 2008 2 15 46 13.9 37.7 21.1 -999.99 0 3.8 0.3 385.83
ntarla 2008 2 16 47 16.1 37.9 17.6 -999.99 0 4.7 0.5 385.83
ntarla 2008 2 17 48 15.9 37.7 22.3 -999.99 0 5.1 0.3 385.83
ntarla 2008 2 18 49 13.9 37.1 23.1 -999.99 0 5.1 0.3 385.83
ntarla 2008 2 19 50 13.9 36.7 22 -999.99 0 4.6 0.4 385.83
ntarla 2008 2 20 51 15.1 36.2 21.5 -999.99 0 4.7 0.5 385.83
ntarla 2008 2 21 52 15.4 33.3 14.9 -999.99 0 4.3 0.4 385.83
ntarla 2008 2 22 53 14.9 35.7 19.4 -999.99 0 3.5 0.3 385.83
ntarla 2008 2 23 54 15.5 38.9 21.2 -999.99 0 2.8 0.2 385.83
ntarla 2008 2 24 55 15.5 40.7 23 -999.99 0 2.5 0.4 385.83
ntarla 2008 2 25 56 16.1 40.7 23.2 -999.99 0 2.7 0.4 385.83
ntarla 2008 2 26 57 16.9 40.7 22.3 -999.99 0 1.7 3 385.83
ntarla 2008 2 27 58 20.4 39.9 21.9 -999.99 0 0.7 3.3 385.83
ntarla 2008 2 28 59 18.9 40.7 20.4 -999.99 0 1.5 3.2 385.83
ntarla 2008 2 29 60 20.4 39.9 20.9 -999.99 0 3 0.3 385.83
ntarla 2008 3 1 61 18.3 40.3 21 -999.99 0 3 0.3 385.83
ntarla 2008 3 2 62 16.6 40.3 22.7 -999.99 0 2.8 0.3 385.83
ntarla 2008 3 3 63 16.1 40.8 22.7 -999.99 0 3.3 0.3 385.83
ntarla 2008 3 4 64 16.3 41.3 21.7 -999.99 0 3.5 0.4 385.83
ntarla 2008 3 5 65 19.6 39.8 18.8 -999.99 0 3.2 0.3 385.83
ntarla 2008 3 6 66 19.1 41.4 20.5 -999.99 0 4.9 0.3 385.83
ntarla 2008 3 7 67 19.6 40 23.1 -999.99 0 4.9 0.6 385.83
ntarla 2008 3 8 68 18.1 39 21.2 -999.99 0 4.1 0.3 385.83
ntarla 2008 3 9 69 14.1 39.3 24.5 -999.99 0 3 0.3 385.83
ntarla 2008 3 10 70 14.3 39.8 25 -999.99 0 1.2 0.2 385.83
ntarla 2008 3 11 71 15.6 40.8 24.5 -999.99 0 1.8 3.1 385.83
ntarla 2008 3 12 72 17.1 39.8 23.8 -999.99 0 2.5 4.6 385.83
ntarla 2008 3 13 73 23.1 37.4 22.7 -999.99 0 2.4 3.3 385.83
ntarla 2008 3 14 74 25.1 38.6 24.6 -999.99 0 2.6 1.2 385.83
ntarla 2008 3 15 75 24.6 41.6 24.3 -999.99 0 4.5 0.7 385.83
ntarla 2008 3 16 76 19.1 42.4 24.2 -999.99 0 3.7 0.7 385.83
ntarla 2008 3 17 77 19.3 41.8 22.7 -999.99 0 4.2 0.4 385.83
ntarla 2008 3 18 78 15.6 41.8 24.3 -999.99 0 2.3 1.7 385.83
ntarla 2008 3 19 79 17.7 42 24.8 -999.99 0 2 3.3 385.83
ntarla 2008 3 20 80 14.6 42.3 25.3 -999.99 0.5 2.7 3.9 385.83
ntarla 2008 3 21 81 21.3 40.8 18.9 -999.99 0 3 4.6 385.83
ntarla 2008 3 22 82 28.1 39.3 15.3 -999.99 0 2.4 6.9 385.83
ntarla 2008 3 23 83 27.1 39.3 13.4 -999.99 0 1.1 4.9 385.83
ntarla 2008 3 24 84 24.6 38.3 23.1 -999.99 0 1.6 3.4 385.83
ntarla 2008 3 25 85 26.1 41.8 21.4 -999.99 0 0.9 6.8 385.83
ntarla 2008 3 26 86 29.1 39.8 17.9 -999.99 0 4.3 0.8 385.83
ntarla 2008 3 27 87 21.3 43.6 24.4 -999.99 0 5.1 0.4 385.83
ntarla 2008 3 28 88 25.3 43.8 22.3 -999.99 0 3.5 3.2 385.83
ntarla 2008 3 29 89 20.6 42.8 24.5 -999.99 0 2.8 1 385.83
ntarla 2008 3 30 90 24.1 42.6 14.6 -999.99 0 2.6 0.5 385.83
ntarla 2008 3 31 91 18.6 43.8 26 -999.99 0 3 1.9 385.83
ntarla 2008 4 1 92 17.8 43.5 25.2 -999.99 0 1.9 6.3 385.83
ntarla 2008 4 2 93 20.8 42.5 24.1 -999.99 0 0.9 3.7 385.83
ntarla 2008 4 3 94 25.8 42.5 22.3 -999.99 0 4.2 1 385.83
ntarla 2008 4 4 95 24.3 41.1 23.1 -999.99 0 3.6 0.6 385.83
ntarla 2008 4 5 96 21.8 38.3 24.6 -999.99 0 4 0.3 385.83
ntarla 2008 4 6 97 16.3 38 23.1 -999.99 0 3.1 0.2 385.83
ntarla 2008 4 7 98 14.8 39.5 23.1 -999.99 0 2.6 0.4 385.83
ntarla 2008 4 8 99 15.8 40.1 20.9 -999.99 0 3.9 0.4 385.83
ntarla 2008 4 9 100 17.8 41.5 22.8 -999.99 0 2.9 0.3 385.83
ntarla 2008 4 10 101 20.8 41.5 22.8 -999.99 0 2.8 0.5 385.83
ntarla 2008 4 11 102 18.8 42 25 -999.99 0 2.7 3.2 385.83
ntarla 2008 4 12 103 16.8 41.5 24.7 -999.99 0 2.4 2.3 385.83
ntarla 2008 4 13 104 22.3 42.1 25.5 -999.99 0 1.9 3.9 385.83
ntarla 2008 4 14 105 29.8 43.8 19.7 -999.99 0 1.8 4.8 385.83
ntarla 2008 4 15 106 24.9 42 21.1 -999.99 0 2.9 4.8 385.83
ntarla 2008 4 16 107 24.8 42 21 -999.99 0 2.7 10.2 385.83
ntarla 2008 4 17 108 25.3 42.5 23.6 -999.99 0 1.1 5 385.83
ntarla 2008 4 18 109 25.3 42 23.3 -999.99 0 2.9 6.8 385.83
ntarla 2008 4 19 110 25.3 42 22.4 -999.99 0 3.4 9.3 385.83
ntarla 2008 4 20 111 25.2 41.5 25 -999.99 0 1.5 8.3 385.83
ntarla 2008 4 21 112 30.8 42.5 23.1 -999.99 5.6 2.1 13.7 385.83
ntarla 2008 4 22 113 25.3 40.3 20 -999.99 0 1.7 1.5 385.83
ntarla 2008 4 23 114 27.3 44.5 23.7 -999.99 0 3.1 10.4 385.83
ntarla 2008 4 24 115 27.8 43 18.5 -999.99 3.4 1.7 11.9 385.83
ntarla 2008 4 25 116 27.8 41.3 24.8 -999.99 0 2.3 11.6 385.83
ntarla 2008 4 26 117 27.5 41.1 19.9 -999.99 0 1.8 2.9 385.83
ntarla 2008 4 27 118 26.5 42.5 22.8 -999.99 0 3.6 10 385.83
ntarla 2008 4 28 119 32.3 41.5 19.4 -999.99 0 2.8 12.6 385.83
ntarla 2008 4 29 120 31.3 41.4 24.3 -999.99 0 1.8 8.9 385.83
ntarla 2008 4 30 121 28.9 39.7 16.8 -999.99 0 1.4 8.4 385.83
ntarla 2008 5 1 122 26.4 32.6 9.8 -999.99 0.6 1.1 3.8 385.83
ntarla 2008 5 2 123 27.5 36.6 12.3 -999.99 0 1.9 1.6 385.83
ntarla 2008 5 3 124 26.5 43.1 18.8 -999.99 0 1 3.3 385.83
ntarla 2008 5 4 125 25.6 44.1 23.9 -999.99 0 2.6 4.5 385.83
ntarla 2008 5 5 126 26.6 43.1 25.7 -999.99 0 3.6 5.4 385.83
ntarla 2008 5 6 127 30.5 42.2 19 -999.99 7.4 2.8 6 385.83
ntarla 2008 5 7 128 23.5 40.1 26.1 -999.99 0 1.1 4.4 385.83
ntarla 2008 5 8 129 27.3 41.6 25.6 -999.99 0 2.5 7.2 385.83
ntarla 2008 5 9 130 30.5 41.6 22 -999.99 5.1 1.7 9.3 385.83
ntarla 2008 5 10 131 29.5 39.1 26.4 -999.99 0 2.6 11.1 385.83
ntarla 2008 5 11 132 29.5 39.1 21.8 -999.99 0 1.8 11.6 385.83
ntarla 2008 5 12 133 26 44.1 15.1 -999.99 4.8 2.2 10.4 385.83
ntarla 2008 5 13 134 25.2 36.6 22.4 -999.99 0 1.7 9.2 385.83
ntarla 2008 5 14 135 28.5 39.1 22.9 -999.99 0 1.4 8.7 385.83
ntarla 2008 5 15 136 29.2 40.1 24 -999.99 0 2.9 12.1 385.83
ntarla 2008 5 16 137 28.5 40.6 24 -999.99 0 2.1 4.6 385.83
ntarla 2008 5 17 138 29 42.6 16.4 -999.99 0 3.5 14.4 385.83
ntarla 2008 5 18 139 28.5 42.6 22.9 -999.99 0 1.7 12.2 385.83
ntarla 2008 5 19 140 26 40.6 21.1 -999.99 0 1.9 9.9 385.83
ntarla 2008 5 20 141 26 40.6 22.1 -999.99 0 2.2 10.4 385.83
ntarla 2008 5 21 142 26 41.1 15.2 -999.99 0 1.5 14.6 385.83
ntarla 2008 5 22 143 24.5 40.6 25.4 -999.99 8 1.2 10 385.83
ntarla 2008 5 23 144 24 40.6 24.9 -999.99 0 2.3 11 385.83
ntarla 2008 5 24 145 24 43.1 25.2 -999.99 0 3.2 13.1 385.83
ntarla 2008 5 25 146 24 43.1 22.9 -999.99 0 4.3 14.6 385.83
ntarla 2008 5 26 147 24 41.6 24.7 -999.99 0 3.3 13.2 385.83
ntarla 2008 5 27 148 20.5 43.1 26.3 -999.99 26 1.7 10.1 385.83
ntarla 2008 5 28 149 20.5 43.1 23.8 -999.99 0 1 11.2 385.83
ntarla 2008 5 29 150 20 43.1 24.8 -999.99 0 2.1 11.4 385.83
ntarla 2008 5 30 151 20.4 43.1 18.7 -999.99 4.3 2.7 10.7 385.83
ntarla 2008 5 31 152 20 38.2 20.6 -999.99 14.3 1.4 7.4 385.83
ntarla 2008 6 1 153 24.2 37.8 20.5 -999.99 0 2.2 10 385.83
ntarla 2008 6 2 154 30.7 38.8 20.2 -999.99 9.7 2.3 7.8 385.83
ntarla 2008 6 3 155 23.7 37.3 24.9 -999.99 0 3.2 9 385.83
ntarla 2008 6 4 156 27.3 39.8 23.6 -999.99 7.3 3.2 8 385.83
ntarla 2008 6 5 157 23.2 35.4 27 -999.99 0 1.7 6.4 385.83
ntarla 2008 6 6 158 26.2 40.3 23.2 -999.99 0 2.8 12.8 385.83
ntarla 2008 6 7 159 29.7 38 26.2 -999.99 0 3.8 13.9 385.83
ntarla 2008 6 8 160 27.7 38.8 25.6 -999.99 0 3.1 12.5 385.83
ntarla 2008 6 9 161 27.2 37.3 23.7 -999.99 0 1.7 12 385.83
ntarla 2008 6 10 162 28.2 40 20.2 -999.99 0 1.2 13.2 385.83
ntarla 2008 6 11 163 29.7 38.8 20.8 -999.99 0 2.6 14 385.83
ntarla 2008 6 12 164 24.9 36.8 24.1 -999.99 5.4 2.5 8.4 385.83
ntarla 2008 6 13 165 27.2 36.8 23.8 -999.99 7.8 2.1 8.4 385.83
ntarla 2008 6 14 166 22.7 35.4 25 -999.99 0 2.7 6.3 385.83
ntarla 2008 6 15 167 26.9 36.8 25.4 -999.99 0 2.2 9.9 385.83
ntarla 2008 6 16 168 27.9 38.2 22.3 -999.99 19 2.2 12.2 385.83
ntarla 2008 6 17 169 23.2 36 19.9 -999.99 0 3.2 7 385.83
ntarla 2008 6 18 170 26.9 37.3 26.1 -999.99 0 2.8 11.2 385.83
ntarla 2008 6 19 171 23.2 34.8 25.1 -999.99 0 2.6 5.8 385.83
ntarla 2008 6 20 172 26.2 35.8 24.5 -999.99 0 2.4 8.2 385.83
ntarla 2008 6 21 173 27.7 38.3 22.7 -999.99 0 2.9 11.9 385.83
ntarla 2008 6 22 174 26.2 36.3 23.3 -999.99 0 3 10.3 385.83
ntarla 2008 6 23 175 27.7 37 24.2 -999.99 0 2.2 12.8 385.83
ntarla 2008 6 24 176 27.7 37.8 11.9 -999.99 17.5 2 12.1 385.83
ntarla 2008 6 25 177 23.2 30.8 17.2 -999.99 0 2.4 6.8 385.83
ntarla 2008 6 26 178 26.7 32.8 14.7 -999.99 0 2.7 10.3 385.83
ntarla 2008 6 27 179 22.7 30.8 26.7 -999.99 19.5 1.7 6.9 385.83
ntarla 2008 6 28 180 24.7 34 19 -999.99 0 1.2 8.9 385.83
ntarla 2008 6 29 181 26.7 35.3 17.5 -999.99 37 0.4 10 385.83
ntarla 2008 6 30 182 24.2 32.8 15.8 -999.99 0 2.3 8.6 385.83
ntarla 2008 7 1 183 22.2 32.5 13 -999.99 12.5 1.7 7.2 385.83
ntarla 2008 7 2 184 22.6 30.2 22 -999.99 0 1.5 6.8 385.83
ntarla 2008 7 3 185 24.6 31.7 22.3 -999.99 0 1.8 8.2 385.83
ntarla 2008 7 4 186 27.6 35.7 14.8 -999.99 0.9 1.7 11.9 385.83
ntarla 2008 7 5 187 22.6 30.7 16.9 -999.99 4.2 2.4 6.2 385.83
ntarla 2008 7 6 188 23.1 32.7 25.9 -999.99 0 2.7 7.3 385.83
ntarla 2008 7 7 189 24.6 34.3 15.7 -999.99 0 2.6 10.4 385.83
ntarla 2008 7 8 190 22.6 31.7 22.8 -999.99 29.6 1 5.6 385.83
ntarla 2008 7 9 191 23.1 32.7 20.9 -999.99 0 2.6 8.1 385.83
ntarla 2008 7 10 192 24.1 32.9 19.8 -999.99 0 2.2 8.5 385.83
ntarla 2008 7 11 193 25.6 33.2 23.7 -999.99 0 1.7 8.7 385.83
ntarla 2008 7 12 194 26.1 34.7 16.1 -999.99 4.2 1.5 10.3 385.83
ntarla 2008 7 13 195 22.1 31.7 26.3 -999.99 0 1.1 6.8 385.83
ntarla 2008 7 14 196 25.1 34.2 23.7 -999.99 0 1.7 8.8 385.83
ntarla 2008 7 15 197 25.6 35.9 20.8 -999.99 11.1 3 11.1 385.83
ntarla 2008 7 16 198 23.6 35.7 18.4 -999.99 0 3.5 9.1 385.83
ntarla 2008 7 17 199 22.1 31.2 23.6 -999.99 3.7 3 6.9 385.83
ntarla 2008 7 18 200 24.6 32.3 12.6 -999.99 0 2.2 8.6 385.83
ntarla 2008 7 19 201 24.2 32.7 15.9 -999.99 0 2.6 9.3 385.83
ntarla 2008 7 20 202 23.1 34.2 11.7 -999.99 37.9 2.6 8.4 385.83
ntarla 2008 7 21 203 22.6 28.7 27.1 -999.99 3.7 1.9 6 385.83
ntarla 2008 7 22 204 24.1 32.2 14.1 -999.99 0 1.9 9.2 385.83
ntarla 2008 7 23 205 22.6 30.7 23 -999.99 0 1.7 7.5 385.83
ntarla 2008 7 24 206 24.6 33.2 24.2 -999.99 0 2.4 9.5 385.83
ntarla 2008 7 25 207 25.6 33.5 25.1 -999.99 0 1.3 10.9 385.83
ntarla 2008 7 26 208 24.6 33.7 15.3 -999.99 0 1.2 10.8 385.83
ntarla 2008 7 27 209 25.6 32.7 9.5 -999.99 0 1.8 9.8 385.83
ntarla 2008 7 28 210 26.1 29.7 17.3 -999.99 0 2.1 8.3 385.83
ntarla 2008 7 29 211 22.8 30.7 25.9 -999.99 0 2.2 8.2 385.83
ntarla 2008 7 30 212 24.4 33.3 18.1 -999.99 6 1.5 9.6 385.83
ntarla 2008 7 31 213 23.6 33.7 25.6 -999.99 2.8 1.1 8.4 385.83
ntarla 2008 8 1 214 22.8 33.1 17.9 -999.99 0 2.2 8.7 385.83
ntarla 2008 8 2 215 22.3 32.5 23.6 -999.99 24.1 2.1 8.6 385.83
ntarla 2008 8 3 216 21.9 33.3 17.8 -999.99 0 1.9 8.6 385.83
ntarla 2008 8 4 217 25.3 32.6 15.8 -999.99 28.5 1.2 11 385.83
ntarla 2008 8 5 218 22.8 30.1 18.1 -999.99 0 1.5 7.8 385.83
ntarla 2008 8 6 219 23.9 32.3 20.4 -999.99 17.5 1.4 9.2 385.83
ntarla 2008 8 7 220 23.3 33.1 24 -999.99 0 1.5 9.6 385.83
ntarla 2008 8 8 221 24.3 33.6 10.7 -999.99 9.9 1 10.3 385.83
ntarla 2008 8 9 222 22.8 29.1 18.9 -999.99 0 1.6 6.7 385.83
ntarla 2008 8 10 223 22.3 29.7 25.6 -999.99 0 2.3 7.2 385.83
ntarla 2008 8 11 224 23.8 31.6 25.6 -999.99 0 1.8 9 385.83
ntarla 2008 8 12 225 25.3 33.6 9.6 -999.99 27.4 1.6 11.7 385.83
ntarla 2008 8 13 226 23.8 27.6 18.9 -999.99 18.6 1.8 6.5 385.83
ntarla 2008 8 14 227 24.3 32.1 14.8 -999.99 0 2.2 9 385.83
ntarla 2008 8 15 228 24.3 31.3 23 -999.99 0 2.3 9.5 385.83
ntarla 2008 8 16 229 23.3 32.1 20.3 -999.99 0 2.6 9.8 385.83
ntarla 2008 8 17 230 25.8 33.1 11.9 -999.99 41.6 2.3 12.3 385.83
ntarla 2008 8 18 231 21.8 29.1 17.2 -999.99 0 1.1 6.2 385.83
ntarla 2008 8 19 232 24.3 31.6 12 -999.99 1.6 1.5 10.6 385.83
ntarla 2008 8 20 233 23.9 30.3 13.6 -999.99 58 2.4 9.2 385.83
ntarla 2008 8 21 234 22.8 28.6 26.1 -999.99 0 2 7.4 385.83
ntarla 2008 8 22 235 22.8 32.3 13.3 -999.99 0 1.5 10.2 385.83
ntarla 2008 8 23 236 25.3 31.1 10.7 -999.99 31.8 1.9 9.6 385.83
ntarla 2008 8 24 237 22.8 28.6 19.1 -999.99 15.3 2.4 8.2 385.83
ntarla 2008 8 25 238 23.8 32.1 22 -999.99 3.8 1.2 9.3 385.83
ntarla 2008 8 26 239 23.8 32.1 12.5 -999.99 19.7 1.4 10.4 385.83
ntarla 2008 8 27 240 21.8 29.6 20.7 -999.99 0 1.3 7.6 385.83
ntarla 2008 8 28 241 22.8 30.6 23 -999.99 31.8 1.5 8.3 385.83
ntarla 2008 8 29 242 22.8 23.6 8.9 -999.99 5.5 1.7 5.5 385.83
ntarla 2008 8 30 243 22.3 26.6 13.8 -999.99 38.3 1 6.2 385.83
ntarla 2008 8 31 244 21.8 29.6 24.6 -999.99 0 1.3 7.2 385.83
ntarla 2008 9 1 245 22.9 32 24.2 -999.99 0 0.4 8.1 385.83
ntarla 2008 9 2 246 24.2 33.5 11.4 -999.99 0 1.1 11.5 385.83
ntarla 2008 9 3 247 23.9 27.5 8.7 -999.99 26.3 1.3 7.2 385.83
ntarla 2008 9 4 248 21.9 26.5 24.5 -999.99 36.3 1.4 5.5 385.83
ntarla 2008 9 5 249 21.9 32 18.2 -999.99 0 1.9 8.3 385.83
ntarla 2008 9 6 250 25 31.5 17 -999.99 5.6 1.5 9.5 385.83
ntarla 2008 9 7 251 24.9 32 22.6 -999.99 0 0.9 9.7 385.83
ntarla 2008 9 8 252 25.6 34 21.9 -999.99 10 2 11.7 385.83
ntarla 2008 9 9 253 21.9 32.6 18.9 -999.99 42.5 0.9 7.9 385.83
ntarla 2008 9 10 254 21.8 32.5 20.8 -999.99 0 1.7 7.6 385.83
ntarla 2008 9 11 255 24.9 34 23.8 -999.99 0 1.9 10.6 385.83
ntarla 2008 9 12 256 23.9 33.3 13.1 -999.99 0 2.2 10.6 385.83
ntarla 2008 9 13 257 22.4 29 25.1 -999.99 0 0.2 6.2 385.83
ntarla 2008 9 14 258 23.4 34 9.8 -999.99 0 0.6 10.1 385.83
ntarla 2008 9 15 259 24.6 30.5 21.3 -999.99 27.5 0.5 9.5 385.83
ntarla 2008 9 16 260 23.9 33 12.4 -999.99 25 2.3 10.5 385.83
ntarla 2008 9 17 261 22.9 30 21.4 -999.99 7.5 1.5 7.8 385.83
ntarla 2008 9 18 262 24.2 33 24.9 -999.99 0 1.1 10.1 385.83
ntarla 2008 9 19 263 24.9 33.5 8.8 -999.99 0 1.9 11.5 385.83
ntarla 2008 9 20 264 20.4 28 23 -999.99 1.9 2 5.7 385.83
ntarla 2008 9 21 265 22.9 32.7 18.8 -999.99 0 1.2 8.3 385.83
ntarla 2008 9 22 266 24.4 32.5 24 -999.99 0 1.1 9.1 385.83
ntarla 2008 9 23 267 24.9 36 22.4 -999.99 0 1.8 12.9 385.83
ntarla 2008 9 24 268 25.9 35.7 17.1 -999.99 10 1.6 13.3 385.83
ntarla 2008 9 25 269 24.9 30.5 24 -999.99 0 0.9 8.6 385.83
ntarla 2008 9 26 270 23.6 34.5 18.2 -999.99 0 1.6 10.8 385.83
ntarla 2008 9 27 271 23.9 31 22 -999.99 0 1.2 8.3 385.83
ntarla 2008 9 28 272 24.9 34.5 20.1 -999.99 0 0.5 11 385.83
ntarla 2008 9 29 273 24.6 34.6 18.7 -999.99 0 1.3 11.9 385.83
ntarla 2008 9 30 274 24.4 33.5 20.4 -999.99 0 1.5 10.7 385.83
ntarla 2008 10 1 275 24.3 33.6 16.3 -999.99 0 0.6 11 385.83
ntarla 2008 10 2 276 24.8 34.1 20.6 -999.99 9.2 1.6 9.5 385.83
ntarla 2008 10 3 277 22.3 32.1 23.5 -999.99 0 1.3 8 385.83
ntarla 2008 10 4 278 25.3 34.6 19.3 -999.99 0 1.4 11.2 385.83
ntarla 2008 10 5 279 22.3 32.1 19.7 -999.99 0 0.7 7.7 385.83
ntarla 2008 10 6 280 25 34.3 22.5 -999.99 0 0.8 11 385.83
ntarla 2008 10 7 281 27.3 36.5 23.1 -999.99 0 1.1 13 385.83
ntarla 2008 10 8 282 25.8 37.1 23 -999.99 0 2.1 14.1 385.83
ntarla 2008 10 9 283 26.8 35.1 21.9 -999.99 0 1.6 13 385.83
ntarla 2008 10 10 284 24.8 36.1 19.8 -999.99 0 2.1 11.9 385.83
ntarla 2008 10 11 285 25.8 36.7 17.8 -999.99 0 0.7 11.3 385.83
ntarla 2008 10 12 286 24.3 34.6 10.7 -999.99 0 2.2 11.4 385.83
ntarla 2008 10 13 287 25.3 31.3 17.3 -999.99 9.2 0.7 8.7 385.83
ntarla 2008 10 14 288 23.8 34.1 22.7 -999.99 8 0.7 8.1 385.83
ntarla 2008 10 15 289 24.8 35.6 20.6 -999.99 0 0.8 11.3 385.83
ntarla 2008 10 16 290 25.8 36.1 21.6 -999.99 0 0.7 12 385.83
ntarla 2008 10 17 291 25.3 36.6 20.5 -999.99 0 0.6 12 385.83
ntarla 2008 10 18 292 26.8 37.6 22.8 -999.99 0 1.4 14.5 385.83
ntarla 2008 10 19 293 25.3 36.1 21.3 -999.99 0 2.2 12.6 385.83
ntarla 2008 10 20 294 26.3 37.6 21.8 -999.99 0 1.9 12.4 385.83
ntarla 2008 10 21 295 26 34.3 16.1 -999.99 59.8 1.5 11 385.83
ntarla 2008 10 22 296 24.4 34.3 22.7 -999.99 0 1.3 9.2 385.83
ntarla 2008 10 23 297 25.3 36.1 22.8 -999.99 0 1.9 12 385.83
ntarla 2008 10 24 298 25.8 36.1 22.4 -999.99 0 1 10.5 385.83
ntarla 2008 10 25 299 24.8 36.6 22.5 -999.99 0 0.2 10.8 385.83
ntarla 2008 10 26 300 25.8 37.1 21.5 -999.99 0 0.4 11.4 385.83
ntarla 2008 10 27 301 24.8 37.1 21 -999.99 0 1.8 12.2 385.83
ntarla 2008 10 28 302 25.3 36.6 21.6 -999.99 0 1.2 10.9 385.83
ntarla 2008 10 29 303 25.8 37.1 18.5 -999.99 0 0.7 12.3 385.83
ntarla 2008 10 30 304 26.3 36.3 20.1 -999.99 0 1.4 11.3 385.83
ntarla 2008 10 31 305 26.8 35.1 18.8 -999.99 0 0.1 11.3 385.83
ntarla 2008 11 1 306 26 35.9 20 -999.99 0 1.4 8 385.83
ntarla 2008 11 2 307 26 37.4 20.8 -999.99 0 1.8 9.1 385.83
ntarla 2008 11 3 308 22.5 37.9 21.6 -999.99 0 1.5 5.5 385.83
ntarla 2008 11 4 309 20.6 37 20 -999.99 0 1.2 5 385.83
ntarla 2008 11 5 310 21.5 37.4 20.7 -999.99 0 1.3 6.6 385.83
ntarla 2008 11 6 311 22 36.9 20.5 -999.99 0 1 5.4 385.83
ntarla 2008 11 7 312 21.2 36.9 21.1 -999.99 0 1.1 4.7 385.83
ntarla 2008 11 8 313 20.5 36.6 21.3 -999.99 0 1.4 4.4 385.83
ntarla 2008 11 9 314 21 36.9 21.8 -999.99 0 1.8 4.2 385.83
ntarla 2008 11 10 315 21.5 34.9 20.9 -999.99 0 1.1 4.1 385.83
ntarla 2008 11 11 316 20 36.8 21.3 -999.99 0 0.9 4.1 385.83
ntarla 2008 11 12 317 21.5 37.4 20.6 -999.99 0 2 6.8 385.83
ntarla 2008 11 13 318 21.2 36.9 21.3 -999.99 0 2.6 4.7 385.83
ntarla 2008 11 14 319 19 36.4 19.9 -999.99 0 2.4 3.5 385.83
ntarla 2008 11 15 320 19 35.9 15.9 -999.99 0 2.1 3.9 385.83
ntarla 2008 11 16 321 20 35.9 18.5 -999.99 0 2.4 3.2 385.83
ntarla 2008 11 17 322 21.8 37.4 20.7 -999.99 0 2.3 3.4 385.83
ntarla 2008 11 18 323 20.5 37.4 20.7 -999.99 0 2.5 3.2 385.83
ntarla 2008 11 19 324 19.2 36 20.5 -999.99 0 2.8 2.8 385.83
ntarla 2008 11 20 325 18.5 35.4 19 -999.99 0 2.7 2.6 385.83
ntarla 2008 11 21 326 19.5 35.4 20 -999.99 0 2.6 2.4 385.83
ntarla 2008 11 22 327 19.5 36.9 18.2 -999.99 0 2.1 2.6 385.83
ntarla 2008 11 23 328 22 36.4 19.7 -999.99 0 2.7 2.8 385.83
ntarla 2008 11 24 329 20 37.9 19.9 -999.99 0 2.7 2.8 385.83
ntarla 2008 11 25 330 21.5 38.4 20.3 -999.99 0 2.2 4.2 385.83
ntarla 2008 11 26 331 20.5 38.9 20.2 -999.99 0 2.1 3.6 385.83
ntarla 2008 11 27 332 21.5 37.9 19.8 -999.99 0 2.7 3.5 385.83
ntarla 2008 11 28 333 20.5 37.4 19.6 -999.99 0 3.6 3.3 385.83
ntarla 2008 11 29 334 22 37.4 19.6 -999.99 0 2 3.6 385.83
ntarla 2008 11 30 335 22 37.9 19.8 -999.99 0 0.8 3.9 385.83
ntarla 2008 12 1 336 20 38.8 20 -999.99 0 1.4 2.6 385.83
ntarla 2008 12 2 337 20 38.3 19.8 -999.99 0 2.1 2.7 385.83
ntarla 2008 12 3 338 20.3 38.3 20.2 -999.99 0 2.9 3 385.83
ntarla 2008 12 4 339 21.3 34.8 16.9 -999.99 0 3 2.6 385.83
ntarla 2008 12 5 340 19.8 29.8 19.1 -999.99 0 3.2 1.4 385.83
ntarla 2008 12 6 341 15.8 28.3 20 -999.99 0 2.8 1.1 385.83
ntarla 2008 12 7 342 14.3 29.3 19.3 -999.99 0 2.2 1 385.83
ntarla 2008 12 8 343 16.3 31.6 19.7 -999.99 0 2 1.4 385.83
ntarla 2008 12 9 344 16.4 33.8 19.3 -999.99 0 1.7 1.7 385.83
ntarla 2008 12 10 345 18 34.5 19.4 -999.99 0 1.9 1.9 385.83
ntarla 2008 12 11 346 18.4 35.1 19.7 -999.99 0 2.5 1.9 385.83
ntarla 2008 12 12 347 18.8 36.3 19.6 -999.99 0 2.2 2.1 385.83
ntarla 2008 12 13 348 19.3 35.8 19.1 -999.99 0 2.9 2 385.83
ntarla 2008 12 14 349 20.3 35.9 19.2 -999.99 0 2.6 2.4 385.83
ntarla 2008 12 15 350 20.8 35.3 18.6 -999.99 0 2.1 2.2 385.83
ntarla 2008 12 16 351 21.3 33.8 17 -999.99 0 2.6 2 385.83
ntarla 2008 12 17 352 21.8 34.3 17.1 -999.99 0 2.9 4.2 385.83
ntarla 2008 12 18 353 23.4 31.3 15.6 -999.99 0 3.7 2.4 385.83
ntarla 2008 12 19 354 20.3 32.3 18.4 -999.99 0 3.6 1.9 385.83
ntarla 2008 12 20 355 19.8 33.8 18.8 -999.99 0 4.4 1.1 385.83
ntarla 2008 12 21 356 19.8 35.8 18.9 -999.99 0 4.1 1.6 385.83
ntarla 2008 12 22 357 20.3 36.3 18.9 -999.99 0 3.3 2.2 385.83
ntarla 2008 12 23 358 19.8 36.3 18.6 -999.99 0 3 2 385.83
ntarla 2008 12 24 359 19.3 35.8 19.2 -999.99 0 3.1 1.8 385.83
ntarla 2008 12 25 360 19.8 35.3 17.6 -999.99 0 3 1.7 385.83
ntarla 2008 12 26 361 19.8 34.8 18.4 -999.99 0 2.4 2.5 385.83
ntarla 2008 12 27 362 17.8 35.3 16.3 -999.99 0 2.8 1.8 385.83
ntarla 2008 12 28 363 19.3 36 17.5 -999.99 0 2.7 1.6 385.83
ntarla 2008 12 29 364 18.8 35.7 19 -999.99 0 3.6 1.1 385.83
ntarla 2008 12 30 365 17.8 35.8 18.8 -999.99 0 3.4 1.4 385.83
ntarla 2008 12 31 366 17.8 37.3 19.4 -999.99 0 4.1 1.5 385.83
